1337616311.05 0.0
1337616311.05 0.0
1337616311.06 0.0
1337616311.06 0.0
1337616311.08 0.0
1337616311.08 0.0
1337616311.08 0.0
1337616311.08 0.0
1337616311.08 0.0
1337616311.09 0.0
1337616311.09 0.0
1337616311.1 0.0
1337616311.1 0.0
1337616311.1 0.0
1337616311.11 0.0
1337616311.12 0.0
1337616311.12 0.0
1337616311.13 0.0
1337616311.13 0.0
1337616311.14 0.0
1337616311.14 0.0
1337616311.15 0.0
1337616311.15 0.0
1337616311.17 0.0
1337616311.19 0.0
1337616311.19 0.0
1337616311.19 0.0
1337616311.19 0.0
1337616311.2 0.0
1337616311.2 0.0
1337616311.2 0.0
1337616311.2 0.0
1337616311.21 0.0
1337616311.21 0.0
1337616311.21 0.0
1337616311.21 0.0
1337616311.22 0.0
1337616311.23 0.0
1337616311.23 0.0
1337616311.23 0.0
1337616311.24 0.0
1337616311.25 0.0
1337616311.25 0.0
1337616311.28 0.0
1337616311.28 0.0
1337616311.3 0.0
1337616311.3 0.0
1337616311.3 0.0
1337616311.3 0.0
1337616311.3 0.0
1337616311.31 0.0
1337616311.31 0.0
1337616311.31 0.0
1337616311.31 0.0
1337616311.31 0.0
1337616311.31 0.0
1337616311.32 0.0
1337616311.32 0.0
1337616311.33 0.0
1337616311.34 0.0
1337616311.34 0.0
1337616311.34 0.0
1337616311.35 0.0
1337616311.37 0.0
1337616311.37 0.0
1337616311.37 0.0
1337616311.37 0.0
1337616311.38 0.0
1337616311.38 0.0
1337616311.38 0.0
1337616311.39 0.0
1337616311.39 0.0
1337616311.4 0.0
1337616311.41 0.0
1337616311.41 0.0
1337616311.41 0.0
1337616311.42 0.0
1337616311.43 0.0
1337616311.43 0.0
1337616311.43 0.0
1337616311.44 0.0
1337616311.44 0.0
1337616311.45 0.0
1337616311.47 0.0
1337616311.47 0.0
1337616311.47 0.0
1337616311.47 0.0
1337616311.48 0.0
1337616311.48 0.0
1337616311.48 0.0
1337616311.49 0.0
1337616311.49 0.0
1337616311.5 0.0
1337616311.5 0.0
1337616311.51 0.0
1337616311.51 0.0
1337616311.52 0.0
1337616311.52 0.0
1337616311.53 0.0
1337616311.53 0.0
1337616311.54 0.0
1337616311.54 0.0
1337616311.55 0.0
1337616311.57 0.0
1337616311.57 0.0
1337616311.57 0.0
1337616311.57 0.0
1337616311.57 0.0
1337616311.58 0.0
1337616311.58 0.0
1337616311.59 0.0
1337616311.59 0.0
1337616311.6 0.0
1337616311.6 0.0
1337616311.61 0.0
1337616311.61 0.0
1337616311.62 0.0
1337616311.62 0.0
1337616311.63 0.0
1337616311.63 0.0
1337616311.65 0.0
1337616311.65 0.0
1337616311.65 0.0
1337616311.66 0.0
1337616311.66 0.0
1337616311.66 0.0
1337616311.67 0.0
1337616311.67 0.0
1337616311.68 0.0
1337616311.68 0.0
1337616311.69 0.0
1337616311.69 0.0
1337616311.7 0.0
1337616311.7 0.0
1337616311.71 0.0
1337616311.71 0.0
1337616311.72 0.0
1337616311.73 0.0
1337616311.74 0.0
1337616311.74 0.0
1337616311.74 0.0
1337616311.74 0.0
1337616311.75 0.0
1337616311.75 0.0
1337616311.76 0.0
1337616311.76 0.0
1337616311.77 0.0
1337616311.77 0.0
1337616311.78 0.0
1337616311.78 0.0
1337616311.79 0.0
1337616311.79 0.0
1337616311.8 0.0
1337616311.8 0.0
1337616311.82 0.0
1337616311.82 0.0
1337616311.82 0.0
1337616311.82 0.0
1337616311.83 0.0
1337616311.83 0.0
1337616311.84 0.0
1337616311.84 0.0
1337616311.85 0.0
1337616311.85 0.0
1337616311.86 0.0
1337616311.86 0.0
1337616311.87 0.0
1337616311.87 0.0
1337616311.88 0.0
1337616311.88 0.0
1337616311.9 0.0
1337616311.9 0.0
1337616311.9 0.0
1337616311.9 0.0
1337616311.91 0.0
1337616311.91 0.0
1337616311.92 0.0
1337616311.92 0.0
1337616311.93 0.0
1337616311.93 0.0
1337616311.94 0.0
1337616311.94 0.0
1337616311.95 0.0
1337616311.95 0.0
1337616311.96 0.0
1337616311.96 0.0
1337616311.97 0.0
1337616311.97 0.0
1337616311.98 0.0
1337616311.98 0.0
1337616312.0 0.0
1337616312.0 0.0
1337616312.0 0.0
1337616312.01 0.0
1337616312.01 0.0
1337616312.01 0.0
1337616312.02 0.0
1337616312.02 0.0
1337616312.03 0.0
1337616312.03 0.0
1337616312.04 0.0
1337616312.04 0.0
1337616312.05 0.0
1337616312.05 0.0
1337616312.06 0.0
1337616312.06 0.0
1337616312.07 0.0
1337616312.09 0.0
1337616312.09 0.0
1337616312.09 0.0
1337616312.09 0.0
1337616312.09 0.0
1337616312.1 0.0
1337616312.1 0.0
1337616312.11 0.0
1337616312.11 0.0
1337616312.12 0.0
1337616312.12 0.0
1337616312.13 0.0
1337616312.13 0.0
1337616312.14 0.0
1337616312.14 0.0
1337616312.15 0.0
1337616312.15 0.0
1337616312.17 0.0
1337616312.17 0.0
1337616312.18 0.0
1337616312.18 0.0
1337616312.18 0.0
1337616312.18 0.0
1337616312.19 0.0
1337616312.19 0.0
1337616312.2 0.0
1337616312.2 0.0
1337616312.21 0.0
1337616312.22 0.0
1337616312.22 0.0
1337616312.22 0.0
1337616312.23 0.0
1337616312.23 0.0
1337616312.24 0.0
1337616312.24 0.0
1337616312.25 0.0
1337616312.26 0.0
1337616312.27 0.0
1337616312.27 0.0
1337616312.27 0.0
1337616312.27 0.0
1337616312.28 0.0
1337616312.28 0.0
1337616312.29 0.0
1337616312.29 0.0
1337616312.3 0.0
1337616312.3 0.0
1337616312.31 0.0
1337616312.31 0.0
1337616312.32 0.0
1337616312.32 0.0
1337616312.33 0.0
1337616312.33 0.0
1337616312.34 0.0
1337616312.35 0.0
1337616312.35 0.0
1337616312.35 0.0
1337616312.37 0.0
1337616312.37 0.0
1337616312.37 0.0
1337616312.37 0.0
1337616312.38 0.0
1337616312.38 0.0
1337616312.39 0.0
1337616312.39 0.0
1337616312.4 0.0
1337616312.41 0.0
1337616312.41 0.0
1337616312.41 0.0
1337616312.42 0.0
1337616312.43 0.0
1337616312.43 0.0
1337616312.43 0.0
1337616312.44 0.0
1337616312.44 0.0
1337616312.45 0.0
1337616312.48 0.0
1337616312.48 0.0
1337616312.48 0.0
1337616312.48 0.0
1337616312.48 0.0
1337616312.48 0.0
1337616312.49 0.0
1337616312.49 0.0
1337616312.49 0.0
1337616312.5 0.0
1337616312.5 0.0
1337616312.51 0.0
1337616312.51 0.0
1337616312.51 0.0
1337616312.52 0.0
1337616312.53 0.0
1337616312.53 0.0
1337616312.53 0.0
1337616312.55 0.0
1337616312.55 0.0
1337616312.55 0.0
1337616312.56 0.0
1337616312.56 0.0
1337616312.57 0.0
1337616312.57 0.0
1337616312.57 0.0
1337616312.58 0.0
1337616312.59 0.0
1337616312.59 0.0
1337616312.59 0.0
1337616312.6 0.0
1337616312.61 0.0
1337616312.61 0.0
1337616312.62 0.0
1337616312.63 0.0
1337616312.63 0.0
1337616312.64 0.0
1337616312.64 0.0
1337616312.64 0.0
1337616312.65 0.0
1337616312.65 0.0
1337616312.65 0.0
1337616312.66 0.0
1337616312.66 0.0
1337616312.67 0.0
1337616312.67 0.0
1337616312.68 0.0
1337616312.68 0.0
1337616312.69 0.0
1337616312.7 0.0
1337616312.7 0.0
1337616312.72 0.0
1337616312.72 0.0
1337616312.72 0.0
1337616312.72 0.0
1337616312.73 0.0
1337616312.73 0.0
1337616312.73 0.0
1337616312.74 0.0
1337616312.74 0.0
1337616312.75 0.0
1337616312.76 0.0
1337616312.76 0.0
1337616312.76 0.0
1337616312.77 0.0
1337616312.78 0.0
1337616312.78 0.0
1337616312.8 0.0
1337616312.8 0.0
1337616312.8 0.0
1337616312.8 0.0
1337616312.81 0.0
1337616312.81 0.0
1337616312.82 0.0
1337616312.82 0.0
1337616312.83 0.0
1337616312.83 0.0
1337616312.83 0.0
1337616312.84 0.0
1337616312.84 0.0
1337616312.85 0.0
1337616312.85 0.0
1337616312.86 0.0
1337616312.86 0.0
1337616312.88 0.0
1337616312.88 0.0
1337616312.89 0.0
1337616312.89 0.0
1337616312.89 0.0
1337616312.9 0.0
1337616312.9 0.0
1337616312.9 0.0
1337616312.91 0.0
1337616312.91 0.0
1337616312.92 0.0
1337616312.92 0.0
1337616312.93 0.0
1337616312.93 0.0
1337616312.94 0.0
1337616312.94 0.0
1337616312.95 0.0
1337616312.97 0.0
1337616312.97 0.0
1337616312.97 0.0
1337616312.97 0.0
1337616312.97 0.0
1337616312.98 0.0
1337616312.98 0.0
1337616312.99 0.0
1337616312.99 0.0
1337616313.0 0.0
1337616313.0 0.0
1337616313.01 0.0
1337616313.01 0.0
1337616313.02 0.0
1337616313.02 0.0
1337616313.03 0.0
1337616313.04 0.0
1337616313.04 0.0
1337616313.05 0.0
1337616313.05 0.0
1337616313.06 0.0
1337616313.06 0.0
1337616313.06 0.0
1337616313.07 0.0
1337616313.07 0.0
1337616313.08 0.0
1337616313.08 0.0
1337616313.09 0.0
1337616313.09 0.0
1337616313.1 0.0
1337616313.1 0.0
1337616313.11 0.0
1337616313.11 0.0
1337616313.13 0.0
1337616313.13 0.0
1337616313.13 0.0
1337616313.14 0.0
1337616313.14 0.0
1337616313.14 0.0
1337616313.15 0.0
1337616313.15 0.0
1337616313.16 0.0
1337616313.16 0.0
1337616313.17 0.0
1337616313.17 0.0
1337616313.18 0.0
1337616313.18 0.0
1337616313.19 0.0
1337616313.19 0.0
1337616313.2 0.0
1337616313.21 0.0
1337616313.22 0.0
1337616313.22 0.0
1337616313.22 0.0
1337616313.22 0.0
1337616313.23 0.0
1337616313.23 0.0
1337616313.24 0.0
1337616313.24 0.0
1337616313.25 0.0
1337616313.25 0.0
1337616313.26 0.0
1337616313.26 0.0
1337616313.27 0.0
1337616313.27 0.0
1337616313.28 0.0
1337616313.29 0.0
1337616313.3 0.0
1337616313.3 0.0
1337616313.3 0.0
1337616313.3 0.0
1337616313.31 0.0
1337616313.31 0.0
1337616313.32 0.0
1337616313.32 0.0
1337616313.33 0.0
1337616313.33 0.0
1337616313.34 0.0
1337616313.34 0.0
1337616313.35 0.0
1337616313.35 0.0
1337616313.36 0.0
1337616313.36 0.0
1337616313.37 0.0
1337616313.37 0.0
1337616313.38 0.0
1337616313.4 0.0
1337616313.4 0.0
1337616313.4 0.0
1337616313.4 0.0
1337616313.4 0.0
1337616313.41 0.0
1337616313.41 0.0
1337616313.42 0.0
1337616313.42 0.0
1337616313.43 0.0
1337616313.43 0.0
1337616313.44 0.0
1337616313.45 0.0
1337616313.45 0.0
1337616313.45 0.0
1337616313.46 0.0
1337616313.46 0.0
1337616313.47 0.0
1337616313.48 0.0
1337616313.48 0.0
1337616313.5 0.0
1337616313.5 0.0
1337616313.5 0.0
1337616313.5 0.0
1337616313.51 0.0
1337616313.51 0.0
1337616313.51 0.0
1337616313.53 0.0
1337616313.53 0.0
1337616313.53 0.0
1337616313.53 0.0
1337616313.54 0.0
1337616313.54 0.0
1337616313.55 0.0
1337616313.55 0.0
1337616313.56 0.0
1337616313.57 0.0
1337616313.58 0.0
1337616313.58 0.0
1337616313.58 0.0
1337616313.6 0.0
1337616313.6 0.0
1337616313.6 0.0
1337616313.61 0.0
1337616313.61 0.0
1337616313.61 0.0
1337616313.61 0.0
1337616313.62 0.0
1337616313.62 0.0
1337616313.64 0.0
1337616313.64 0.0
1337616313.64 0.0
1337616313.65 0.0
1337616313.66 0.0
1337616313.66 0.0
1337616313.66 0.0
1337616313.66 0.0
1337616313.67 0.0
1337616313.67 0.0
1337616313.68 0.0
1337616313.69 0.0
1337616313.72 0.0
1337616313.72 0.0
1337616313.72 0.0
1337616313.72 0.0
1337616313.72 0.0
1337616313.73 0.0
1337616313.73 0.0
1337616313.73 0.0
1337616313.73 0.0
1337616313.73 0.0
1337616313.74 0.0
1337616313.74 0.0
1337616313.75 0.0
1337616313.75 0.0
1337616313.76 0.0
1337616313.76 0.0
1337616313.77 0.0
1337616313.77 0.0
1337616313.78 0.0
1337616313.78 0.0
1337616313.8 0.0
1337616313.8 0.0
1337616313.8 0.0
1337616313.8 0.0
1337616313.81 0.0
1337616313.81 0.0
1337616313.82 0.0
1337616313.82 0.0
1337616313.83 0.0
1337616313.83 0.0
1337616313.84 0.0
1337616313.84 0.0
1337616313.85 0.0
1337616313.85 0.0
1337616313.86 0.0
1337616313.86 0.0
1337616313.87 0.0
1337616313.87 0.0
1337616313.88 0.0
1337616313.88 0.0
1337616313.89 0.0
1337616313.89 0.0
1337616313.9 0.0
1337616313.91 0.0
1337616313.92 0.0
1337616313.92 0.0
1337616313.92 0.0
1337616313.92 0.0
1337616313.93 0.0
1337616313.93 0.0
1337616313.94 0.0
1337616313.94 0.0
1337616313.95 0.0
1337616313.95 0.0
1337616313.96 0.0
1337616313.96 0.0
1337616313.97 0.0
1337616313.97 0.0
1337616313.98 0.0
1337616313.98 0.0
1337616313.99 0.0
1337616313.99 0.0
1337616314.0 0.0
1337616314.01 0.0
1337616314.01 0.0
1337616314.02 0.0
1337616314.02 0.0
1337616314.02 0.0
1337616314.03 0.0
1337616314.03 0.0
1337616314.04 0.0
1337616314.04 0.0
1337616314.05 0.0
1337616314.05 0.0
1337616314.05 0.0
1337616314.06 0.0
1337616314.07 0.0
1337616314.07 0.0
1337616314.08 0.0
1337616314.08 0.0
1337616314.1 0.0
1337616314.1 0.0
1337616314.1 0.0
1337616314.1 0.0
1337616314.11 0.0
1337616314.11 0.0
1337616314.12 0.0
1337616314.12 0.0
1337616314.13 0.0
1337616314.13 0.0
1337616314.14 0.0
1337616314.14 0.0
1337616314.15 0.0
1337616314.15 0.0
1337616314.16 0.0
1337616314.16 0.0
1337616314.18 0.0
1337616314.18 0.0
1337616314.18 0.0
1337616314.18 0.0
1337616314.19 0.0
1337616314.19 0.0
1337616314.2 0.0
1337616314.2 0.0
1337616314.2 0.0
1337616314.21 0.0
1337616314.21 0.0
1337616314.22 0.0
1337616314.23 0.0
1337616314.23 0.0
1337616314.24 0.0
1337616314.24 0.0
1337616314.25 0.0
1337616314.25 0.0
1337616314.25 0.0
1337616314.26 0.0
1337616314.28 0.0
1337616314.28 0.0
1337616314.28 0.0
1337616314.28 0.0
1337616314.29 0.0
1337616314.29 0.0
1337616314.29 0.0
1337616314.3 0.0
1337616314.3 0.0
1337616314.31 0.0
1337616314.31 0.0
1337616314.32 0.0
1337616314.33 0.0
1337616314.33 0.0
1337616314.33 0.0
1337616314.34 0.0
1337616314.34 0.0
1337616314.35 0.0
1337616314.35 0.0
1337616314.36 0.0
1337616314.36 0.0
1337616314.38 0.0
1337616314.38 0.0
1337616314.38 0.0
1337616314.39 0.0
1337616314.39 0.0
1337616314.39 0.0
1337616314.4 0.0
1337616314.4 0.0
1337616314.41 0.0
1337616314.42 0.0
1337616314.42 0.0
1337616314.42 0.0
1337616314.43 0.0
1337616314.43 0.0
1337616314.44 0.0
1337616314.45 0.0
1337616314.46 0.0
1337616314.46 0.0
1337616314.46 0.0
1337616314.47 0.0
1337616314.47 0.0
1337616314.47 0.0
1337616314.48 0.0
1337616314.48 0.0
1337616314.49 0.0
1337616314.49 0.0
1337616314.5 0.0
1337616314.5 0.0
1337616314.51 0.0
1337616314.51 0.0
1337616314.52 0.0
1337616314.52 0.0
1337616314.53 0.0
1337616314.53 0.0
1337616314.54 0.0
1337616314.54 0.0
1337616314.56 0.0
1337616314.56 0.0
1337616314.56 0.0
1337616314.56 0.0
1337616314.57 0.0
1337616314.57 0.0
1337616314.58 0.0
1337616314.58 0.0
1337616314.59 0.0
1337616314.59 0.0
1337616314.6 0.0
1337616314.6 0.0
1337616314.61 0.0
1337616314.61 0.0
1337616314.62 0.0
1337616314.63 0.0
1337616314.63 0.0
1337616314.65 0.0
1337616314.65 0.0
1337616314.65 0.0
1337616314.65 0.0
1337616314.66 0.0
1337616314.66 0.0
1337616314.66 0.0
1337616314.67 0.0
1337616314.68 0.0
1337616314.68 0.0
1337616314.68 0.0
1337616314.69 0.0
1337616314.69 0.0
1337616314.7 0.0
1337616314.71 0.0
1337616314.71 0.0
1337616314.71 0.0
1337616314.72 0.0
1337616314.72 0.0
1337616314.75 0.0
1337616314.75 0.0
1337616314.75 0.0
1337616314.75 0.0
1337616314.75 0.0
1337616314.75 0.0
1337616314.76 0.0
1337616314.76 0.0
1337616314.77 0.0
1337616314.77 0.0
1337616314.78 0.0
1337616314.78 0.0
1337616314.79 0.0
1337616314.79 0.0
1337616314.8 0.0
1337616314.8 0.0
1337616314.81 0.0
1337616314.82 0.0
1337616314.82 0.0
1337616314.82 0.0
1337616314.85 0.0
1337616314.85 0.0
1337616314.85 0.0
1337616314.85 0.0
1337616314.85 0.0
1337616314.85 0.0
1337616314.86 0.0
1337616314.86 0.0
1337616314.87 0.0
1337616314.87 0.0
1337616314.88 0.0
1337616314.88 0.0
1337616314.89 0.0
1337616314.89 0.0
1337616314.9 0.0
1337616314.9 0.0
1337616314.91 0.0
1337616314.91 0.0
1337616314.93 0.0
1337616314.93 0.0
1337616314.93 0.0
1337616314.93 0.0
1337616314.94 0.0
1337616314.94 0.0
1337616314.95 0.0
1337616314.95 0.0
1337616314.96 0.0
1337616314.96 0.0
1337616314.97 0.0
1337616314.97 0.0
1337616314.98 0.0
1337616314.98 0.0
1337616314.99 0.0
1337616314.99 0.0
1337616315.01 0.0
1337616315.01 0.0
1337616315.01 0.0
1337616315.01 0.0
1337616315.02 0.0
1337616315.02 0.0
1337616315.03 0.0
1337616315.03 0.0
1337616315.04 0.0
1337616315.04 0.0
1337616315.05 -0.5
1337616315.05 -0.5
1337616315.06 -0.5
1337616315.06 -0.5
1337616315.07 -0.5
1337616315.07 -0.5
1337616315.08 -0.5
1337616315.09 -0.5
1337616315.1 -0.5
1337616315.1 -0.5
1337616315.1 -0.5
1337616315.1 -0.5
1337616315.11 -0.5
1337616315.11 -0.5
1337616315.12 -0.5
1337616315.12 -0.5
1337616315.13 -0.5
1337616315.13 -0.5
1337616315.14 -0.5
1337616315.14 -0.5
1337616315.15 -0.5
1337616315.15 -0.5
1337616315.16 -0.5
1337616315.17 -0.5
1337616315.18 -0.5
1337616315.18 -0.5
1337616315.18 -0.5
1337616315.19 -0.5
1337616315.19 -0.5
1337616315.19 -0.5
1337616315.2 -0.5
1337616315.2 -0.5
1337616315.21 -0.5
1337616315.21 -0.5
1337616315.22 -0.5
1337616315.22 -0.5
1337616315.23 -0.5
1337616315.23 -0.5
1337616315.24 -0.5
1337616315.24 -0.5
1337616315.25 -0.5
1337616315.25 -0.5
1337616315.26 -0.5
1337616315.27 -0.5
1337616315.27 -0.5
1337616315.27 -0.5
1337616315.28 -0.5
1337616315.28 -0.5
1337616315.29 -0.5
1337616315.29 -0.5
1337616315.3 -0.5
1337616315.3 -0.5
1337616315.31 -0.5
1337616315.31 -0.5
1337616315.32 -0.5
1337616315.32 -0.5
1337616315.33 -0.5
1337616315.33 -0.5
1337616315.34 -0.5
1337616315.34 -0.5
1337616315.35 -0.5
1337616315.35 -0.5
1337616315.36 -0.5
1337616315.36 -0.5
1337616315.37 -0.5
1337616315.37 -0.5
1337616315.38 -0.5
1337616315.39 -0.5
1337616315.39 -0.5
1337616315.39 -0.5
1337616315.4 -0.5
1337616315.4 -0.5
1337616315.41 -0.5
1337616315.41 -0.5
1337616315.42 -0.5
1337616315.42 -0.5
1337616315.43 -0.5
1337616315.43 -0.5
1337616315.44 -0.5
1337616315.44 -0.5
1337616315.45 -0.5
1337616315.45 -0.5
1337616315.46 -0.5
1337616315.46 -0.5
1337616315.47 -0.5
1337616315.47 -0.5
1337616315.48 -0.5
1337616315.49 -0.5
1337616315.49 -0.5
1337616315.49 -0.5
1337616315.5 -0.5
1337616315.5 -0.5
1337616315.51 -0.5
1337616315.51 -0.5
1337616315.52 -0.5
1337616315.52 -0.5
1337616315.53 -0.5
1337616315.53 -0.5
1337616315.54 -0.5
1337616315.54 -0.5
1337616315.55 0.0
1337616315.55 0.0
1337616315.56 0.0
1337616315.56 0.0
1337616315.58 0.0
1337616315.58 0.0
1337616315.58 0.0
1337616315.58 0.0
1337616315.59 0.0
1337616315.59 0.0
1337616315.6 0.0
1337616315.6 0.0
1337616315.6 0.0
1337616315.61 0.0
1337616315.61 0.0
1337616315.62 0.0
1337616315.62 0.0
1337616315.63 0.0
1337616315.64 0.0
1337616315.64 0.0
1337616315.65 0.0
1337616315.65 0.0
1337616315.66 0.0
1337616315.67 0.0
1337616315.67 0.0
1337616315.68 0.0
1337616315.68 0.0
1337616315.68 0.0
1337616315.69 0.0
1337616315.69 0.0
1337616315.7 0.0
1337616315.7 0.0
1337616315.71 0.0
1337616315.71 0.0
1337616315.72 0.0
1337616315.72 0.0
1337616315.72 0.0
1337616315.74 0.0
1337616315.74 0.0
1337616315.74 0.0
1337616315.75 0.0
1337616315.75 0.0
1337616315.75 0.0
1337616315.76 0.0
1337616315.76 0.0
1337616315.77 0.0
1337616315.78 0.0
1337616315.8 0.0
1337616315.8 0.0
1337616315.8 0.0
1337616315.8 0.0
1337616315.8 0.0
1337616315.81 0.0
1337616315.81 0.0
1337616315.82 0.0
1337616315.82 0.0
1337616315.82 0.0
1337616315.84 0.0
1337616315.84 0.0
1337616315.84 0.0
1337616315.85 0.0
1337616315.85 0.0
1337616315.86 0.0
1337616315.86 0.0
1337616315.86 0.0
1337616315.87 0.0
1337616315.88 0.0
1337616315.9 0.0
1337616315.9 0.0
1337616315.9 0.0
1337616315.9 0.0
1337616315.9 0.0
1337616315.91 0.0
1337616315.91 0.0
1337616315.91 0.0
1337616315.92 0.0
1337616315.92 0.0
1337616315.94 0.0
1337616315.94 0.0
1337616315.95 0.0
1337616315.95 0.0
1337616315.95 0.0
1337616315.95 0.0
1337616315.96 0.0
1337616315.96 0.0
1337616315.98 0.0
1337616315.98 0.0
1337616316.0 0.0
1337616316.0 0.0
1337616316.0 0.0
1337616316.0 0.0
1337616316.01 0.0
1337616316.01 0.0
1337616316.01 0.0
1337616316.02 0.0
1337616316.02 0.0
1337616316.03 0.0
1337616316.03 0.0
1337616316.04 0.0
1337616316.04 0.0
1337616316.04 0.0
1337616316.05 0.0
1337616316.06 0.0
1337616316.06 0.0
1337616316.06 0.0
1337616316.07 0.0
1337616316.07 0.0
1337616316.09 0.0
1337616316.09 0.0
1337616316.09 0.0
1337616316.09 0.0
1337616316.1 0.0
1337616316.11 0.0
1337616316.11 0.0
1337616316.11 0.0
1337616316.12 0.0
1337616316.12 0.0
1337616316.13 0.0
1337616316.14 0.0
1337616316.14 0.0
1337616316.14 0.0
1337616316.15 0.0
1337616316.15 0.0
1337616316.16 0.0
1337616316.16 0.0
1337616316.17 0.0
1337616316.18 0.0
1337616316.19 0.0
1337616316.19 0.0
1337616316.19 0.0
1337616316.2 0.0
1337616316.2 0.0
1337616316.2 0.0
1337616316.21 0.0
1337616316.21 0.0
1337616316.22 0.0
1337616316.22 0.0
1337616316.24 0.0
1337616316.24 0.0
1337616316.24 0.0
1337616316.24 0.0
1337616316.25 0.0
1337616316.25 0.0
1337616316.26 0.0
1337616316.26 0.0
1337616316.27 0.0
1337616316.27 0.0
1337616316.28 0.0
1337616316.28 0.0
1337616316.29 0.0
1337616316.29 0.0
1337616316.3 0.0
1337616316.3 0.0
1337616316.31 0.0
1337616316.32 0.0
1337616316.32 0.0
1337616316.33 0.0
1337616316.33 0.0
1337616316.33 0.0
1337616316.34 0.0
1337616316.34 0.0
1337616316.35 0.0
1337616316.35 0.0
1337616316.36 0.0
1337616316.36 0.0
1337616316.37 0.0
1337616316.37 0.0
1337616316.38 0.0
1337616316.38 0.0
1337616316.39 0.0
1337616316.39 0.0
1337616316.4 0.0
1337616316.4 0.0
1337616316.42 0.0
1337616316.42 0.0
1337616316.42 0.0
1337616316.42 0.0
1337616316.43 0.0
1337616316.43 0.0
1337616316.44 0.0
1337616316.44 0.0
1337616316.45 0.0
1337616316.45 0.0
1337616316.46 0.0
1337616316.46 0.0
1337616316.47 0.0
1337616316.47 0.0
1337616316.48 0.0
1337616316.48 0.0
1337616316.49 0.0
1337616316.49 0.0
1337616316.5 0.0
1337616316.5 0.0
1337616316.52 0.0
1337616316.52 0.0
1337616316.52 0.0
1337616316.52 0.0
1337616316.53 0.0
1337616316.53 0.0
1337616316.54 0.0
1337616316.54 0.0
1337616316.55 0.0
1337616316.55 0.0
1337616316.56 0.0
1337616316.56 0.0
1337616316.57 0.0
1337616316.57 0.0
1337616316.58 0.0
1337616316.58 0.0
1337616316.59 0.0
1337616316.59 0.0
1337616316.6 0.0
1337616316.6 0.0
1337616316.62 0.0
1337616316.62 0.0
1337616316.62 0.0
1337616316.62 0.0
1337616316.63 0.0
1337616316.63 0.0
1337616316.64 0.0
1337616316.64 0.0
1337616316.65 0.0
1337616316.65 0.0
1337616316.66 0.0
1337616316.66 0.0
1337616316.67 0.0
1337616316.67 0.0
1337616316.68 0.0
1337616316.68 0.0
1337616316.69 0.0
1337616316.69 0.0
1337616316.7 0.0
1337616316.7 0.0
1337616316.71 0.0
1337616316.72 0.0
1337616316.72 0.0
1337616316.72 0.0
1337616316.73 0.0
1337616316.73 0.0
1337616316.74 0.0
1337616316.74 0.0
1337616316.75 0.0
1337616316.75 0.0
1337616316.76 0.0
1337616316.76 0.0
1337616316.77 0.0
1337616316.77 0.0
1337616316.78 0.0
1337616316.78 0.0
1337616316.79 0.0
1337616316.8 0.0
1337616316.8 0.0
1337616316.81 0.0
1337616316.81 0.0
1337616316.81 0.0
1337616316.82 0.0
1337616316.82 0.0
1337616316.83 0.0
1337616316.83 0.0
1337616316.84 0.0
1337616316.84 0.0
1337616316.85 0.0
1337616316.85 0.0
1337616316.86 0.0
1337616316.86 0.0
1337616316.87 0.0
1337616316.87 0.0
1337616316.89 0.0
1337616316.89 0.0
1337616316.89 0.0
1337616316.89 0.0
1337616316.9 0.0
1337616316.9 0.0
1337616316.91 0.0
1337616316.91 0.0
1337616316.92 0.0
1337616316.92 0.0
1337616316.93 0.0
1337616316.93 0.0
1337616316.94 0.0
1337616316.94 0.0
1337616316.95 0.0
1337616316.95 0.0
1337616316.96 0.0
1337616316.99 0.0
1337616316.99 0.0
1337616316.99 0.0
1337616316.99 0.0
1337616316.99 0.0
1337616316.99 0.0
1337616317.0 0.0
1337616317.0 0.0
1337616317.0 0.0
1337616317.01 0.0
1337616317.01 0.0
1337616317.01 0.0
1337616317.02 0.0
1337616317.03 0.0
1337616317.03 0.0
1337616317.04 0.0
1337616317.05 0.0
1337616317.06 0.0
1337616317.06 0.0
1337616317.06 0.0
1337616317.06 0.0
1337616317.07 0.0
1337616317.07 0.0
1337616317.08 0.0
1337616317.08 0.0
1337616317.09 0.0
1337616317.09 0.0
1337616317.1 0.0
1337616317.1 0.0
1337616317.11 0.0
1337616317.11 0.0
1337616317.12 0.0
1337616317.12 0.0
1337616317.14 0.0
1337616317.14 0.0
1337616317.14 0.0
1337616317.15 0.0
1337616317.15 0.0
1337616317.15 0.0
1337616317.16 0.0
1337616317.16 0.0
1337616317.17 0.0
1337616317.17 0.0
1337616317.18 0.0
1337616317.19 0.0
1337616317.19 0.0
1337616317.21 0.0
1337616317.21 0.0
1337616317.21 0.0
1337616317.21 0.0
1337616317.21 0.0
1337616317.22 0.0
1337616317.22 0.0
1337616317.23 0.0
1337616317.23 0.0
1337616317.23 0.0
1337616317.24 0.0
1337616317.25 0.0
1337616317.25 0.0
1337616317.26 0.0
1337616317.26 0.0
1337616317.26 0.0
1337616317.27 0.0
1337616317.27 0.0
1337616317.28 0.0
1337616317.28 0.0
1337616317.3 0.0
1337616317.3 0.0
1337616317.3 0.0
1337616317.31 0.0
1337616317.31 0.0
1337616317.31 0.0
1337616317.33 0.0
1337616317.33 0.0
1337616317.33 0.0
1337616317.34 0.0
1337616317.34 0.0
1337616317.35 0.0
1337616317.35 0.0
1337616317.35 0.0
1337616317.36 0.0
1337616317.36 0.0
1337616317.37 0.0
1337616317.38 0.0
1337616317.38 0.0
1337616317.39 0.0
1337616317.39 0.0
1337616317.4 0.0
1337616317.4 0.0
1337616317.41 0.0
1337616317.41 0.0
1337616317.41 0.0
1337616317.42 0.0
1337616317.43 0.0
1337616317.44 0.0
1337616317.44 0.0
1337616317.44 0.0
1337616317.44 0.0
1337616317.45 0.0
1337616317.45 0.0
1337616317.46 0.0
1337616317.46 0.0
1337616317.47 0.0
1337616317.48 0.0
1337616317.48 0.0
1337616317.48 0.0
1337616317.49 0.0
1337616317.49 0.0
1337616317.5 0.0
1337616317.5 0.0
1337616317.51 0.0
1337616317.51 0.0
1337616317.52 0.0
1337616317.53 0.0
1337616317.53 0.0
1337616317.53 0.0
1337616317.54 0.0
1337616317.55 0.0
1337616317.55 0.0
1337616317.55 0.0
1337616317.56 0.0
1337616317.56 0.0
1337616317.57 0.0
1337616317.59 0.0
1337616317.59 0.0
1337616317.59 0.0
1337616317.59 0.0
1337616317.6 0.0
1337616317.6 0.0
1337616317.61 0.0
1337616317.61 0.0
1337616317.61 0.0
1337616317.62 0.0
1337616317.63 0.0
1337616317.63 0.0
1337616317.64 0.0
1337616317.64 0.0
1337616317.64 0.0
1337616317.65 0.0
1337616317.65 0.0
1337616317.66 0.0
1337616317.66 0.0
1337616317.67 0.0
1337616317.68 0.0
1337616317.68 0.0
1337616317.68 0.0
1337616317.69 0.0
1337616317.69 0.0
1337616317.7 0.0
1337616317.7 0.0
1337616317.71 0.0
1337616317.71 0.0
1337616317.72 0.0
1337616317.73 0.0
1337616317.73 0.0
1337616317.73 0.0
1337616317.74 0.0
1337616317.74 0.0
1337616317.75 0.0
1337616317.75 0.0
1337616317.77 0.0
1337616317.77 0.0
1337616317.77 0.0
1337616317.78 0.0
1337616317.78 0.0
1337616317.78 0.0
1337616317.79 0.0
1337616317.79 0.0
1337616317.8 0.0
1337616317.8 0.0
1337616317.81 0.0
1337616317.81 0.0
1337616317.82 0.0
1337616317.84 0.0
1337616317.84 0.0
1337616317.84 0.0
1337616317.84 0.0
1337616317.85 0.0
1337616317.85 0.0
1337616317.85 0.0
1337616317.86 0.0
1337616317.86 0.0
1337616317.87 0.0
1337616317.87 0.0
1337616317.88 0.0
1337616317.88 0.0
1337616317.89 0.0
1337616317.89 0.0
1337616317.9 0.0
1337616317.91 0.0
1337616317.92 0.0
1337616317.92 0.0
1337616317.92 0.0
1337616317.92 0.0
1337616317.93 0.0
1337616317.93 0.0
1337616317.94 0.0
1337616317.94 0.0
1337616317.95 0.0
1337616317.95 0.0
1337616317.96 0.0
1337616317.96 0.0
1337616317.97 0.0
1337616317.98 0.0
1337616317.98 0.0
1337616317.99 0.0
1337616317.99 0.0
1337616317.99 0.0
1337616318.0 0.0
1337616318.01 0.0
1337616318.01 0.0
1337616318.01 0.0
1337616318.02 0.0
1337616318.03 0.0
1337616318.03 0.0
1337616318.04 0.0
1337616318.04 0.0
1337616318.04 0.0
1337616318.05 0.0
1337616318.05 0.0
1337616318.06 0.0
1337616318.06 0.0
1337616318.07 0.0
1337616318.08 0.0
1337616318.08 0.0
1337616318.08 0.0
1337616318.09 0.0
1337616318.09 0.0
1337616318.1 0.0
1337616318.1 0.0
1337616318.11 0.0
1337616318.11 0.0
1337616318.12 0.0
1337616318.14 0.0
1337616318.14 0.0
1337616318.14 0.0
1337616318.14 0.0
1337616318.14 0.0
1337616318.15 0.0
1337616318.15 0.0
1337616318.16 0.0
1337616318.16 0.0
1337616318.17 0.0
1337616318.19 0.0
1337616318.19 0.0
1337616318.2 0.0
1337616318.2 0.0
1337616318.2 0.0
1337616318.21 0.0
1337616318.21 0.0
1337616318.21 0.0
1337616318.21 0.0
1337616318.23 0.0
1337616318.24 0.0
1337616318.24 0.0
1337616318.24 0.0
1337616318.24 0.0
1337616318.24 0.0
1337616318.25 0.0
1337616318.25 0.0
1337616318.26 0.0
1337616318.26 0.0
1337616318.27 0.0
1337616318.29 0.0
1337616318.29 0.0
1337616318.29 0.0
1337616318.29 0.0
1337616318.3 0.0
1337616318.3 0.0
1337616318.3 0.0
1337616318.31 0.0
1337616318.31 0.0
1337616318.32 0.0
1337616318.34 0.0
1337616318.34 0.0
1337616318.34 0.0
1337616318.35 0.0
1337616318.35 0.0
1337616318.35 0.0
1337616318.36 0.0
1337616318.36 0.0
1337616318.36 0.0
1337616318.37 0.0
1337616318.39 0.0
1337616318.39 0.0
1337616318.39 0.0
1337616318.39 0.0
1337616318.39 0.0
1337616318.4 0.0
1337616318.4 0.0
1337616318.41 0.0
1337616318.41 0.0
1337616318.42 0.0
1337616318.42 0.0
1337616318.43 0.0
1337616318.43 0.0
1337616318.45 0.0
1337616318.45 0.0
1337616318.45 0.0
1337616318.45 0.0
1337616318.46 0.0
1337616318.46 0.0
1337616318.47 0.0
1337616318.47 0.0
1337616318.48 0.0
1337616318.48 0.0
1337616318.49 0.0
1337616318.49 0.0
1337616318.5 0.0
1337616318.5 0.0
1337616318.52 0.0
1337616318.52 0.0
1337616318.52 0.0
1337616318.52 0.0
1337616318.53 0.0
1337616318.53 0.0
1337616318.53 0.0
1337616318.54 0.0
1337616318.55 0.0
1337616318.55 0.0
1337616318.56 0.0
1337616318.56 0.0
1337616318.57 0.0
1337616318.57 0.0
1337616318.58 0.0
1337616318.58 0.0
1337616318.6 0.0
1337616318.6 0.0
1337616318.6 0.0
1337616318.6 0.0
1337616318.61 0.0
1337616318.61 0.0
1337616318.61 0.0
1337616318.62 0.0
1337616318.62 0.0
1337616318.63 0.0
1337616318.64 0.0
1337616318.64 0.0
1337616318.64 0.0
1337616318.65 0.0
1337616318.66 0.0
1337616318.66 0.0
1337616318.66 0.0
1337616318.68 0.0
1337616318.68 0.0
1337616318.68 0.0
1337616318.68 0.0
1337616318.69 0.0
1337616318.69 0.0
1337616318.7 0.0
1337616318.7 0.0
1337616318.71 0.0
1337616318.72 0.0
1337616318.72 0.0
1337616318.73 0.0
1337616318.73 0.0
1337616318.74 0.0
1337616318.74 0.0
1337616318.75 0.0
1337616318.75 0.0
1337616318.77 0.0
1337616318.77 0.0
1337616318.77 0.0
1337616318.77 0.0
1337616318.78 0.0
1337616318.78 0.0
1337616318.78 0.0
1337616318.79 0.0
1337616318.79 0.0
1337616318.8 0.0
1337616318.8 0.0
1337616318.81 0.0
1337616318.81 0.0
1337616318.82 0.0
1337616318.82 0.0
1337616318.83 0.0
1337616318.83 0.0
1337616318.85 0.0
1337616318.85 0.0
1337616318.85 0.0
1337616318.86 0.0
1337616318.86 0.0
1337616318.87 0.0
1337616318.87 0.0
1337616318.87 0.0
1337616318.88 0.0
1337616318.88 0.0
1337616318.89 0.0
1337616318.89 0.0
1337616318.9 0.0
1337616318.9 0.0
1337616318.91 0.0
1337616318.92 0.0
1337616318.92 0.0
1337616318.92 0.0
1337616318.93 0.0
1337616318.95 0.0
1337616318.95 0.0
1337616318.95 0.0
1337616318.95 0.0
1337616318.96 0.0
1337616318.96 0.0
1337616318.96 0.0
1337616318.97 0.0
1337616318.97 0.0
1337616318.98 0.0
1337616318.98 0.0
1337616318.99 0.0
1337616319.0 0.0
1337616319.0 0.0
1337616319.0 0.0
1337616319.01 0.0
1337616319.01 0.0
1337616319.03 0.0
1337616319.03 0.0
1337616319.03 0.0
1337616319.03 0.0
1337616319.04 0.0
1337616319.04 0.0
1337616319.05 0.0
1337616319.05 0.0
1337616319.06 0.0
1337616319.06 0.0
1337616319.07 0.0
1337616319.07 0.0
1337616319.08 0.0
1337616319.08 0.0
1337616319.09 0.0
1337616319.09 0.0
1337616319.1 0.0
1337616319.11 0.0
1337616319.12 0.0
1337616319.12 0.0
1337616319.12 0.0
1337616319.12 0.0
1337616319.13 0.0
1337616319.13 0.0
1337616319.14 0.0
1337616319.14 0.0
1337616319.15 0.0
1337616319.15 0.0
1337616319.16 0.0
1337616319.17 0.0
1337616319.17 0.0
1337616319.17 0.0
1337616319.18 0.0
1337616319.19 0.0
1337616319.19 0.0
1337616319.2 0.0
1337616319.2 0.0
1337616319.21 0.0
1337616319.21 0.0
1337616319.21 0.0
1337616319.22 0.0
1337616319.22 0.0
1337616319.23 0.0
1337616319.23 0.0
1337616319.24 0.0
1337616319.24 0.0
1337616319.25 0.0
1337616319.26 0.0
1337616319.26 0.0
1337616319.27 0.0
1337616319.27 0.0
1337616319.27 0.0
1337616319.28 0.0
1337616319.28 0.0
1337616319.29 0.0
1337616319.3 0.0
1337616319.3 0.0
1337616319.3 0.0
1337616319.31 0.0
1337616319.31 0.0
1337616319.33 0.0
1337616319.33 0.0
1337616319.33 0.0
1337616319.43 0.0
1337616319.43 0.0
1337616319.43 0.0
1337616319.43 0.0
1337616319.44 0.0
1337616319.44 0.0
1337616319.44 0.0
1337616319.44 0.0
1337616319.44 0.0
1337616319.44 0.0
1337616319.48 0.0
1337616319.49 0.0
1337616319.49 0.0
1337616319.49 0.0
1337616319.5 0.0
1337616319.5 0.0
1337616319.5 0.0
1337616319.51 0.0
1337616319.54 0.0
1337616319.56 0.0
1337616319.57 0.0
1337616319.57 0.0
1337616319.58 0.0
1337616319.58 0.0
1337616319.59 0.0
1337616319.59 0.0
1337616319.59 0.0
1337616319.59 0.0
1337616319.59 0.0
1337616319.6 0.0
1337616319.6 0.0
1337616319.6 0.0
1337616319.6 0.0
1337616319.64 0.0
1337616319.64 0.0
1337616319.64 0.0
1337616319.64 0.0
1337616319.64 0.0
1337616319.64 0.0
1337616319.64 0.0
1337616319.64 0.0
1337616319.64 0.0
1337616319.64 0.0
1337616319.65 0.0
1337616319.65 0.0
1337616319.65 0.0
1337616319.67 0.0
1337616319.67 0.0
1337616319.67 0.0
1337616319.68 0.0
1337616319.68 0.0
1337616319.68 0.0
1337616319.68 0.0
1337616319.68 0.0
1337616319.68 0.0
1337616319.68 0.0
1337616319.68 0.0
1337616319.69 0.0
1337616319.69 0.0
1337616319.69 0.0
1337616319.7 0.0
1337616319.7 0.0
1337616319.7 0.0
1337616319.7 0.0
1337616319.7 0.0
1337616319.7 0.0
1337616319.71 0.0
1337616319.71 0.0
1337616319.71 0.0
1337616319.71 0.0
1337616319.72 0.0
1337616319.72 0.0
1337616319.72 0.0
1337616319.72 0.0
1337616319.73 0.0
1337616319.73 0.0
1337616319.73 0.0
1337616319.73 0.0
1337616319.73 0.0
1337616319.73 0.0
1337616319.74 0.0
1337616319.74 0.0
1337616319.74 0.0
1337616319.75 0.0
1337616319.75 0.0
1337616319.76 0.0
1337616319.76 0.0
1337616319.77 0.0
1337616319.77 0.0
1337616319.78 0.0
1337616319.78 0.0
1337616319.79 0.0
1337616319.79 0.0
1337616319.8 0.0
1337616319.81 0.0
1337616319.81 0.0
1337616319.81 0.0
1337616319.82 0.0
1337616319.82 0.0
1337616319.83 0.0
1337616319.84 0.0
1337616319.84 0.0
1337616319.84 0.0
1337616319.85 0.0
1337616319.85 0.0
1337616319.86 0.0
1337616319.86 0.0
1337616319.87 0.0
1337616319.87 0.0
1337616319.88 0.0
1337616319.89 0.0
1337616319.89 0.0
1337616319.9 0.0
1337616319.9 0.0
1337616319.9 0.0
1337616319.91 0.0
1337616319.91 0.0
1337616319.92 0.0
1337616319.92 0.0
1337616319.93 0.0
1337616319.94 0.0
1337616319.94 0.0
1337616319.94 0.0
1337616319.95 0.0
1337616319.95 0.0
1337616319.95 0.0
1337616319.96 0.0
1337616319.97 0.0
1337616319.97 0.0
1337616319.97 0.0
1337616319.98 0.0
1337616319.99 0.0
1337616319.99 0.0
1337616320.01 0.0
1337616320.01 0.0
1337616320.01 0.0
1337616320.01 0.0
1337616320.02 0.0
1337616320.02 0.0
1337616320.03 0.0
1337616320.03 0.0
1337616320.04 0.0
1337616320.04 0.0
1337616320.05 0.0
1337616320.05 0.0
1337616320.06 0.0
1337616320.06 0.0
1337616320.07 0.0
1337616320.07 0.0
1337616320.08 0.0
1337616320.08 0.0
1337616320.1 0.0
1337616320.1 0.0
1337616320.1 0.0
1337616320.1 0.0
1337616320.11 0.0
1337616320.11 0.0
1337616320.11 0.0
1337616320.12 0.0
1337616320.12 0.0
1337616320.13 0.0
1337616320.14 0.0
1337616320.14 0.0
1337616320.15 0.0
1337616320.15 0.0
1337616320.16 0.0
1337616320.16 0.0
1337616320.18 0.0
1337616320.21 0.0
1337616320.21 0.0
1337616320.21 0.0
1337616320.21 0.0
1337616320.22 0.0
1337616320.22 0.0
1337616320.22 0.0
1337616320.22 0.0
1337616320.22 0.0
1337616320.22 0.0
1337616320.22 0.0
1337616320.23 0.0
1337616320.23 0.0
1337616320.24 0.0
1337616320.24 0.0
1337616320.25 0.0
1337616320.25 0.0
1337616320.25 0.0
1337616320.26 0.0
1337616320.26 0.0
1337616320.27 0.0
1337616320.27 0.0
1337616320.28 0.0
1337616320.28 0.0
1337616320.29 0.0
1337616320.29 0.0
1337616320.31 0.0
1337616320.31 0.0
1337616320.31 0.0
1337616320.32 0.0
1337616320.32 0.0
1337616320.32 0.0
1337616320.33 0.0
1337616320.34 0.0
1337616320.34 0.0
1337616320.34 0.0
1337616320.35 0.0
1337616320.35 0.0
1337616320.36 0.0
1337616320.36 0.0
1337616320.37 0.0
1337616320.37 0.0
1337616320.39 0.0
1337616320.39 0.0
1337616320.39 0.0
1337616320.4 0.0
1337616320.4 0.0
1337616320.4 0.0
1337616320.41 0.0
1337616320.41 0.0
1337616320.42 0.0
1337616320.42 0.0
1337616320.43 0.0
1337616320.45 0.0
1337616320.45 0.0
1337616320.45 0.0
1337616320.45 0.0
1337616320.46 0.0
1337616320.46 0.0
1337616320.46 0.0
1337616320.47 0.0
1337616320.47 0.0
1337616320.48 0.0
1337616320.48 0.0
1337616320.49 0.0
1337616320.49 0.0
1337616320.5 0.0
1337616320.5 0.0
1337616320.51 0.0
1337616320.52 0.0
1337616320.53 0.0
1337616320.53 0.0
1337616320.53 0.0
1337616320.53 0.0
1337616320.54 0.0
1337616320.54 0.0
1337616320.55 0.0
1337616320.55 0.0
1337616320.56 0.0
1337616320.56 0.0
1337616320.57 0.0
1337616320.57 0.0
1337616320.58 0.0
1337616320.58 0.0
1337616320.59 0.0
1337616320.59 0.0
1337616320.61 0.0
1337616320.61 0.0
1337616320.61 0.0
1337616320.62 0.0
1337616320.62 0.0
1337616320.64 0.0
1337616320.64 0.0
1337616320.64 0.0
1337616320.65 0.0
1337616320.65 0.0
1337616320.65 0.0
1337616320.65 0.0
1337616320.66 0.0
1337616320.66 0.0
1337616320.67 0.0
1337616320.67 0.0
1337616320.68 0.0
1337616320.7 0.0
1337616320.7 0.0
1337616320.7 0.0
1337616320.7 0.0
1337616320.71 0.0
1337616320.71 0.0
1337616320.72 0.0
1337616320.72 0.0
1337616320.72 0.0
1337616320.73 0.0
1337616320.74 0.0
1337616320.74 0.0
1337616320.75 0.0
1337616320.75 0.0
1337616320.75 0.0
1337616320.76 0.0
1337616320.78 0.0
1337616320.78 0.0
1337616320.78 0.0
1337616320.78 0.0
1337616320.78 0.0
1337616320.79 0.0
1337616320.79 0.0
1337616320.8 0.0
1337616320.8 0.0
1337616320.81 0.0
1337616320.81 0.0
1337616320.82 0.0
1337616320.83 0.0
1337616320.83 0.0
1337616320.83 0.0
1337616320.84 0.0
1337616320.85 0.0
1337616320.87 0.0
1337616320.87 0.0
1337616320.87 0.0
1337616320.87 0.0
1337616320.87 0.0
1337616320.88 0.0
1337616320.88 0.0
1337616320.88 0.0
1337616320.89 0.0
1337616320.9 0.0
1337616320.9 0.0
1337616320.91 0.0
1337616320.91 0.0
1337616320.91 0.0
1337616320.92 0.0
1337616320.92 0.0
1337616320.93 0.0
1337616320.94 0.0
1337616320.95 0.0
1337616320.95 0.0
1337616320.95 0.0
1337616320.95 0.0
1337616320.96 0.0
1337616320.96 0.0
1337616320.97 0.0
1337616320.97 0.0
1337616320.98 0.0
1337616320.98 0.0
1337616320.99 0.0
1337616320.99 0.0
1337616321.0 0.0
1337616321.0 0.0
1337616321.01 0.0
1337616321.01 0.0
1337616321.02 0.0
1337616321.02 0.0
1337616321.03 0.0
1337616321.04 0.0
1337616321.04 0.0
1337616321.04 0.0
1337616321.05 0.0
1337616321.05 0.0
1337616321.06 0.0
1337616321.06 0.0
1337616321.07 0.0
1337616321.07 0.0
1337616321.08 0.0
1337616321.08 0.0
1337616321.09 0.0
1337616321.09 0.0
1337616321.1 0.0
1337616321.1 0.0
1337616321.11 0.0
1337616321.11 0.0
1337616321.12 0.0
1337616321.12 0.0
1337616321.13 0.0
1337616321.14 0.0
1337616321.14 0.0
1337616321.15 0.0
1337616321.15 0.0
1337616321.15 0.0
1337616321.16 0.0
1337616321.16 0.0
1337616321.17 0.0
1337616321.17 0.0
1337616321.18 0.0
1337616321.18 0.0
1337616321.19 0.0
1337616321.19 0.0
1337616321.2 0.0
1337616321.2 0.0
1337616321.21 0.0
1337616321.21 0.0
1337616321.23 0.0
1337616321.23 0.0
1337616321.23 0.0
1337616321.23 0.0
1337616321.24 0.0
1337616321.24 0.0
1337616321.25 0.0
1337616321.25 0.0
1337616321.26 0.0
1337616321.26 0.0
1337616321.27 0.0
1337616321.27 0.0
1337616321.28 0.0
1337616321.28 0.0
1337616321.29 0.0
1337616321.29 0.0
1337616321.3 0.0
1337616321.3 0.0
1337616321.31 0.0
1337616321.31 0.0
1337616321.33 0.0
1337616321.33 0.0
1337616321.33 0.0
1337616321.33 0.0
1337616321.34 0.0
1337616321.34 0.0
1337616321.35 0.0
1337616321.35 0.0
1337616321.36 0.0
1337616321.36 0.0
1337616321.37 0.0
1337616321.37 0.0
1337616321.38 0.0
1337616321.38 0.0
1337616321.39 0.0
1337616321.39 0.0
1337616321.4 0.0
1337616321.4 0.0
1337616321.41 0.0
1337616321.42 0.0
1337616321.42 0.0
1337616321.42 0.0
1337616321.43 0.0
1337616321.43 0.0
1337616321.44 0.0
1337616321.44 0.0
1337616321.45 0.0
1337616321.45 0.0
1337616321.46 0.0
1337616321.46 0.0
1337616321.47 0.0
1337616321.47 0.0
1337616321.48 0.0
1337616321.48 0.0
1337616321.49 0.0
1337616321.49 0.0
1337616321.51 0.0
1337616321.51 0.0
1337616321.51 0.0
1337616321.51 0.0
1337616321.52 0.0
1337616321.52 0.0
1337616321.53 0.0
1337616321.53 0.0
1337616321.54 0.0
1337616321.54 0.0
1337616321.55 0.0
1337616321.55 0.0
1337616321.56 0.0
1337616321.56 0.0
1337616321.57 0.0
1337616321.57 0.0
1337616321.58 0.0
1337616321.59 0.0
1337616321.59 0.0
1337616321.59 0.0
1337616321.59 0.0
1337616321.6 0.0
1337616321.61 0.0
1337616321.61 0.0
1337616321.62 0.0
1337616321.62 0.0
1337616321.63 0.0
1337616321.63 0.0
1337616321.64 0.0
1337616321.64 0.0
1337616321.65 0.0
1337616321.65 0.0
1337616321.66 0.0
1337616321.66 0.0
1337616321.68 0.0
1337616321.68 0.0
1337616321.68 0.0
1337616321.68 0.0
1337616321.69 0.0
1337616321.69 0.0
1337616321.69 0.0
1337616321.7 0.0
1337616321.7 0.0
1337616321.71 0.0
1337616321.72 0.0
1337616321.72 0.0
1337616321.73 0.0
1337616321.73 0.0
1337616321.74 0.0
1337616321.74 0.0
1337616321.74 0.0
1337616321.75 0.0
1337616321.76 0.0
1337616321.77 0.0
1337616321.77 0.0
1337616321.77 0.0
1337616321.78 0.0
1337616321.78 0.0
1337616321.78 0.0
1337616321.79 0.0
1337616321.79 0.0
1337616321.8 0.0
1337616321.8 0.0
1337616321.81 0.0
1337616321.81 0.0
1337616321.82 0.0
1337616321.82 0.0
1337616321.84 0.0
1337616321.84 0.0
1337616321.85 0.0
1337616321.85 0.0
1337616321.85 0.0
1337616321.86 0.0
1337616321.86 0.0
1337616321.86 0.0
1337616321.87 0.0
1337616321.87 0.0
1337616321.88 0.0
1337616321.88 0.0
1337616321.89 0.0
1337616321.91 0.0
1337616321.91 0.0
1337616321.91 0.0
1337616321.91 0.0
1337616321.94 0.0
1337616321.94 0.0
1337616321.95 0.0
1337616321.95 0.0
1337616321.95 0.0
1337616321.95 0.0
1337616321.95 0.0
1337616321.96 0.0
1337616321.96 0.0
1337616321.96 0.0
1337616322.02 0.0
1337616322.02 0.0
1337616322.02 0.0
1337616322.04 0.0
1337616322.04 0.0
1337616322.04 0.0
1337616322.04 0.0
1337616322.04 0.0
1337616322.08 0.0
1337616322.09 0.0
1337616322.09 0.0
1337616322.09 0.0
1337616322.09 0.0
1337616322.09 0.0
1337616322.1 0.0
1337616322.13 0.0
1337616322.13 0.0
1337616322.13 0.0
1337616322.13 0.0
1337616322.13 0.0
1337616322.13 0.0
1337616322.13 0.0
1337616322.14 0.0
1337616322.14 0.0
1337616322.14 0.0
1337616322.14 0.0
1337616322.14 0.0
1337616322.14 0.0
1337616322.14 0.0
1337616322.14 0.0
1337616322.14 0.0
1337616322.14 0.0
1337616322.15 0.0
1337616322.15 0.0
1337616322.15 0.0
1337616322.15 0.0
1337616322.15 0.0
1337616322.15 0.0
1337616322.15 0.0
1337616322.16 0.0
1337616322.16 0.0
1337616322.17 0.0
1337616322.17 0.0
1337616322.18 0.0
1337616322.18 0.0
1337616322.19 0.0
1337616322.19 0.0
1337616322.2 0.0
1337616322.2 0.0
1337616322.22 0.0
1337616322.22 0.0
1337616322.22 0.0
1337616322.22 0.0
1337616322.23 0.0
1337616322.23 0.0
1337616322.24 0.0
1337616322.25 0.0
1337616322.25 0.0
1337616322.25 0.0
1337616322.26 0.0
1337616322.26 0.0
1337616322.27 0.0
1337616322.27 0.0
1337616322.28 0.0
1337616322.28 0.0
1337616322.29 0.0
1337616322.29 0.0
1337616322.3 0.0
1337616322.3 0.0
1337616322.32 0.0
1337616322.32 0.0
1337616322.32 0.0
1337616322.32 0.0
1337616322.33 0.0
1337616322.33 0.0
1337616322.34 0.0
1337616322.34 0.0
1337616322.35 0.0
1337616322.35 0.0
1337616322.36 0.0
1337616322.37 0.0
1337616322.37 0.0
1337616322.37 0.0
1337616322.38 0.0
1337616322.38 0.0
1337616322.39 0.0
1337616322.39 0.0
1337616322.4 0.0
1337616322.4 0.0
1337616322.41 0.0
1337616322.42 0.0
1337616322.42 0.0
1337616322.42 0.0
1337616322.43 0.0
1337616322.43 0.0
1337616322.44 0.0
1337616322.44 0.0
1337616322.45 0.0
1337616322.45 0.0
1337616322.46 0.0
1337616322.46 0.0
1337616322.47 0.0
1337616322.47 0.0
1337616322.48 0.0
1337616322.48 0.0
1337616322.49 0.0
1337616322.5 0.0
1337616322.5 0.0
1337616322.5 0.0
1337616322.51 0.0
1337616322.51 0.0
1337616322.52 0.0
1337616322.52 0.0
1337616322.53 0.0
1337616322.53 0.0
1337616322.54 0.0
1337616322.54 0.0
1337616322.55 0.0
1337616322.56 0.0
1337616322.56 0.0
1337616322.57 0.0
1337616322.57 0.0
1337616322.57 0.0
1337616322.58 0.0
1337616322.58 0.0
1337616322.59 0.0
1337616322.6 0.0
1337616322.6 0.0
1337616322.61 0.0
1337616322.61 0.0
1337616322.61 0.0
1337616322.62 0.0
1337616322.62 0.0
1337616322.63 0.0
1337616322.63 0.0
1337616322.64 0.0
1337616322.64 0.0
1337616322.65 0.0
1337616322.65 0.0
1337616322.66 0.0
1337616322.66 0.0
1337616322.67 0.0
1337616322.67 0.0
1337616322.68 0.0
1337616322.68 0.0
1337616322.69 0.0
1337616322.7 0.0
1337616322.7 0.0
1337616322.7 0.0
1337616322.71 0.0
1337616322.71 0.0
1337616322.72 0.0
1337616322.72 0.0
1337616322.73 0.0
1337616322.73 0.0
1337616322.74 0.0
1337616322.75 0.0
1337616322.75 0.0
1337616322.75 0.0
1337616322.76 0.0
1337616322.76 0.0
1337616322.77 0.0
1337616322.77 0.0
1337616322.78 0.0
1337616322.78 0.0
1337616322.79 0.0
1337616322.8 0.0
1337616322.8 0.0
1337616322.8 0.0
1337616322.81 0.0
1337616322.81 0.0
1337616322.82 0.0
1337616322.82 0.0
1337616322.83 0.0
1337616322.83 0.0
1337616322.84 0.0
1337616322.85 0.0
1337616322.85 0.0
1337616322.86 0.0
1337616322.86 0.0
1337616322.86 0.0
1337616322.87 0.0
1337616322.87 0.0
1337616322.88 0.0
1337616322.88 0.0
1337616322.89 0.0
1337616322.9 0.0
1337616322.9 0.0
1337616322.91 0.0
1337616322.91 0.0
1337616322.91 0.0
1337616322.92 0.0
1337616322.92 0.0
1337616322.93 0.0
1337616322.93 0.0
1337616322.94 0.0
1337616322.94 0.0
1337616322.95 0.0
1337616322.95 0.0
1337616322.97 0.0
1337616322.97 0.0
1337616322.97 0.0
1337616322.97 0.0
1337616322.98 0.0
1337616322.98 0.0
1337616322.98 0.0
1337616322.99 0.0
1337616322.99 0.0
1337616323.0 0.0
1337616323.01 0.0
1337616323.02 0.0
1337616323.02 0.0
1337616323.02 0.0
1337616323.03 0.0
1337616323.03 0.0
1337616323.04 0.0
1337616323.04 0.0
1337616323.05 0.0
1337616323.05 0.0
1337616323.06 0.0
1337616323.06 0.0
1337616323.07 0.0
1337616323.08 0.0
1337616323.1 0.0
1337616323.1 0.0
1337616323.11 0.0
1337616323.11 0.0
1337616323.11 0.0
1337616323.11 0.0
1337616323.11 0.0
1337616323.12 0.0
1337616323.12 0.0
1337616323.12 0.0
1337616323.13 0.0
1337616323.13 0.0
1337616323.14 0.0
1337616323.14 0.0
1337616323.15 0.0
1337616323.15 0.0
1337616323.18 0.0
1337616323.18 0.0
1337616323.18 0.0
1337616323.19 0.0
1337616323.19 0.0
1337616323.2 0.0
1337616323.2 0.0
1337616323.2 0.0
1337616323.2 0.0
1337616323.21 0.0
1337616323.21 0.0
1337616323.21 0.0
1337616323.22 0.0
1337616323.22 0.0
1337616323.24 0.0
1337616323.24 0.0
1337616323.24 0.0
1337616323.24 0.0
1337616323.25 0.0
1337616323.25 0.0
1337616323.25 0.0
1337616323.26 0.0
1337616323.26 0.0
1337616323.27 0.0
1337616323.29 0.0
1337616323.29 0.0
1337616323.29 0.0
1337616323.29 0.0
1337616323.3 0.0
1337616323.3 0.0
1337616323.31 0.0
1337616323.31 0.0
1337616323.31 0.0
1337616323.32 0.0
1337616323.32 0.0
1337616323.33 0.0
1337616323.34 0.0
1337616323.34 0.0
1337616323.34 0.0
1337616323.35 0.0
1337616323.35 0.0
1337616323.36 0.0
1337616323.36 0.0
1337616323.37 0.0
1337616323.37 0.0
1337616323.38 0.0
1337616323.4 0.0
1337616323.4 0.0
1337616323.4 0.0
1337616323.4 0.0
1337616323.41 0.0
1337616323.41 0.0
1337616323.41 0.0
1337616323.42 0.0
1337616323.42 0.0
1337616323.43 0.0
1337616323.44 0.0
1337616323.45 0.0
1337616323.45 0.0
1337616323.45 0.0
1337616323.45 0.0
1337616323.46 0.0
1337616323.46 0.0
1337616323.47 0.0
1337616323.48 0.0
1337616323.48 0.0
1337616323.48 0.0
1337616323.5 0.0
1337616323.5 0.0
1337616323.5 0.0
1337616323.51 0.0
1337616323.51 0.0
1337616323.51 0.0
1337616323.52 0.0
1337616323.52 0.0
1337616323.53 0.0
1337616323.53 0.0
1337616323.55 0.0
1337616323.55 0.0
1337616323.55 0.0
1337616323.56 0.0
1337616323.56 0.0
1337616323.57 0.0
1337616323.57 0.0
1337616323.57 0.0
1337616323.58 0.0
1337616323.59 0.0
1337616323.59 0.0
1337616323.6 0.0
1337616323.6 0.0
1337616323.6 0.0
1337616323.61 0.0
1337616323.61 0.0
1337616323.62 0.0
1337616323.62 0.0
1337616323.63 0.0
1337616323.63 0.0
1337616323.64 0.0
1337616323.65 0.0
1337616323.65 0.0
1337616323.65 0.0
1337616323.66 0.0
1337616323.66 0.0
1337616323.68 0.0
1337616323.68 0.0
1337616323.68 0.0
1337616323.69 0.0
1337616323.69 0.0
1337616323.69 0.0
1337616323.7 0.0
1337616323.7 0.0
1337616323.72 0.0
1337616323.72 0.0
1337616323.72 0.0
1337616323.73 0.0
1337616323.73 0.0
1337616323.73 0.0
1337616323.74 0.0
1337616323.74 0.0
1337616323.75 0.0
1337616323.75 0.0
1337616323.76 0.0
1337616323.76 0.0
1337616323.77 0.0
1337616323.77 0.0
1337616323.78 0.0
1337616323.78 0.0
1337616323.79 0.0
1337616323.79 0.0
1337616323.8 0.0
1337616323.82 0.0
1337616323.82 0.0
1337616323.82 0.0
1337616323.82 0.0
1337616323.82 0.0
1337616323.83 0.0
1337616323.83 0.0
1337616323.84 0.0
1337616323.84 0.0
1337616323.85 0.0
1337616323.85 0.0
1337616323.86 0.0
1337616323.86 0.0
1337616323.87 0.0
1337616323.88 0.0
1337616323.88 0.0
1337616323.88 0.0
1337616323.89 0.0
1337616323.89 0.0
1337616323.9 0.0
1337616323.9 0.0
1337616323.91 0.0
1337616323.91 0.0
1337616323.92 0.0
1337616323.93 0.0
1337616323.93 0.0
1337616323.93 0.0
1337616323.94 0.0
1337616323.94 0.0
1337616323.95 0.0
1337616323.95 0.0
1337616323.96 0.0
1337616323.96 0.0
1337616323.97 0.0
1337616323.98 0.0
1337616323.98 0.0
1337616323.98 0.0
1337616323.99 0.0
1337616324.0 0.0
1337616324.0 0.0
1337616324.0 0.0
1337616324.01 0.0
1337616324.01 0.0
1337616324.02 0.0
1337616324.03 0.0
1337616324.04 0.0
1337616324.04 0.0
1337616324.04 0.0
1337616324.04 0.0
1337616324.05 0.0
1337616324.05 0.0
1337616324.06 0.0
1337616324.06 0.0
1337616324.07 0.0
1337616324.07 0.0
1337616324.08 0.0
1337616324.08 0.0
1337616324.09 0.0
1337616324.1 0.0
1337616324.1 0.0
1337616324.1 0.0
1337616324.11 0.0
1337616324.11 0.0
1337616324.12 0.0
1337616324.12 0.0
1337616324.13 0.0
1337616324.13 0.0
1337616324.14 0.0
1337616324.15 0.0
1337616324.15 0.0
1337616324.15 0.0
1337616324.16 0.0
1337616324.16 0.0
1337616324.17 0.0
1337616324.17 0.0
1337616324.18 0.0
1337616324.18 0.0
1337616324.2 0.0
1337616324.2 0.0
1337616324.2 0.0
1337616324.2 0.0
1337616324.21 0.0
1337616324.21 0.0
1337616324.22 0.0
1337616324.23 0.0
1337616324.23 0.0
1337616324.23 0.0
1337616324.24 0.0
1337616324.24 0.0
1337616324.25 0.0
1337616324.25 0.0
1337616324.29 0.0
1337616324.3 0.0
1337616324.3 0.0
1337616324.31 0.0
1337616324.31 0.0
1337616324.32 0.0
1337616324.32 0.0
1337616324.32 0.0
1337616324.32 0.0
1337616324.32 0.0
1337616324.35 0.0
1337616324.35 0.0
1337616324.35 0.0
1337616324.35 0.0
1337616324.35 0.0
1337616324.35 0.0
1337616324.35 0.0
1337616324.35 0.0
1337616324.35 0.0
1337616324.35 0.0
1337616324.37 0.0
1337616324.37 0.0
1337616324.37 0.0
1337616324.37 0.0
1337616324.38 0.0
1337616324.38 0.0
1337616324.39 0.0
1337616324.39 0.0
1337616324.4 0.0
1337616324.4 0.0
1337616324.42 0.0
1337616324.42 0.0
1337616324.42 0.0
1337616324.42 0.0
1337616324.44 0.0
1337616324.44 0.0
1337616324.47 0.0
1337616324.47 0.0
1337616324.47 0.0
1337616324.47 0.0
1337616324.47 0.0
1337616324.47 0.0
1337616324.47 0.0
1337616324.47 0.0
1337616324.48 0.0
1337616324.48 0.0
1337616324.49 0.0
1337616324.49 0.0
1337616324.5 0.0
1337616324.5 0.0
1337616324.51 0.0
1337616324.51 0.0
1337616324.52 0.0
1337616324.52 0.0
