1337616311.04 667.0
1337616311.05 674.0
1337616311.06 653.0
1337616311.06 625.0
1337616311.08 637.0
1337616311.08 630.0
1337616311.08 587.0
1337616311.08 580.0
1337616311.08 578.0
1337616311.09 546.0
1337616311.09 545.0
1337616311.1 536.0
1337616311.1 508.0
1337616311.1 507.0
1337616311.11 504.0
1337616311.12 491.0
1337616311.12 473.0
1337616311.13 479.0
1337616311.13 451.0
1337616311.14 417.0
1337616311.14 429.0
1337616311.15 402.0
1337616311.15 370.0
1337616311.17 394.0
1337616311.19 368.0
1337616311.19 318.0
1337616311.19 336.0
1337616311.19 317.0
1337616311.2 278.0
1337616311.2 295.0
1337616311.2 270.0
1337616311.2 239.0
1337616311.21 254.0
1337616311.21 229.0
1337616311.21 206.0
1337616311.21 209.0
1337616311.22 181.0
1337616311.22 140.0
1337616311.23 144.0
1337616311.23 141.0
1337616311.24 87.0
1337616311.25 79.0
1337616311.25 77.0
1337616311.28 44.0
1337616311.28 31.0
1337616311.3 21.0
1337616311.3 -16.0
1337616311.3 -31.0
1337616311.3 -40.0
1337616311.3 -79.0
1337616311.31 -98.0
1337616311.31 -109.0
1337616311.31 -152.0
1337616311.31 -169.0
1337616311.31 -152.0
1337616311.31 -188.0
1337616311.32 -224.0
1337616311.32 -206.0
1337616311.33 -226.0
1337616311.34 -252.0
1337616311.34 -230.0
1337616311.34 -270.0
1337616311.35 -299.0
1337616311.37 -300.0
1337616311.37 -346.0
1337616311.37 -357.0
1337616311.37 -352.0
1337616311.38 -383.0
1337616311.38 -406.0
1337616311.38 -390.0
1337616311.39 -397.0
1337616311.39 -425.0
1337616311.4 -406.0
1337616311.4 -408.0
1337616311.41 -428.0
1337616311.41 -424.0
1337616311.42 -448.0
1337616311.43 -461.0
1337616311.43 -451.0
1337616311.43 -449.0
1337616311.44 -443.0
1337616311.44 -438.0
1337616311.45 -440.0
1337616311.47 -453.0
1337616311.47 -448.0
1337616311.47 -424.0
1337616311.47 -429.0
1337616311.48 -447.0
1337616311.48 -420.0
1337616311.48 -419.0
1337616311.49 -425.0
1337616311.49 -392.0
1337616311.5 -392.0
1337616311.5 -386.0
1337616311.51 -360.0
1337616311.51 -367.0
1337616311.52 -353.0
1337616311.52 -329.0
1337616311.53 -333.0
1337616311.53 -330.0
1337616311.54 -317.0
1337616311.54 -307.0
1337616311.55 -312.0
1337616311.57 -303.0
1337616311.57 -290.0
1337616311.57 -301.0
1337616311.57 -313.0
1337616311.57 -302.0
1337616311.58 -298.0
1337616311.58 -310.0
1337616311.59 -302.0
1337616311.59 -299.0
1337616311.6 -307.0
1337616311.6 -281.0
1337616311.61 -272.0
1337616311.61 -292.0
1337616311.62 -277.0
1337616311.62 -273.0
1337616311.63 -292.0
1337616311.63 -258.0
1337616311.65 -253.0
1337616311.65 -285.0
1337616311.65 -266.0
1337616311.66 -250.0
1337616311.66 -259.0
1337616311.66 -262.0
1337616311.67 -248.0
1337616311.67 -261.0
1337616311.68 -260.0
1337616311.68 -227.0
1337616311.69 -246.0
1337616311.69 -260.0
1337616311.7 -234.0
1337616311.7 -253.0
1337616311.71 -271.0
1337616311.71 -244.0
1337616311.72 -275.0
1337616311.73 -309.0
1337616311.74 -274.0
1337616311.74 -296.0
1337616311.74 -332.0
1337616311.74 -314.0
1337616311.75 -333.0
1337616311.75 -355.0
1337616311.76 -350.0
1337616311.76 -345.0
1337616311.77 -349.0
1337616311.77 -333.0
1337616311.78 -325.0
1337616311.78 -345.0
1337616311.79 -345.0
1337616311.79 -333.0
1337616311.8 -350.0
1337616311.8 -353.0
1337616311.82 -330.0
1337616311.82 -350.0
1337616311.82 -361.0
1337616311.82 -326.0
1337616311.83 -340.0
1337616311.83 -370.0
1337616311.84 -334.0
1337616311.84 -337.0
1337616311.85 -344.0
1337616311.85 -319.0
1337616311.86 -321.0
1337616311.86 -332.0
1337616311.87 -331.0
1337616311.87 -340.0
1337616311.88 -347.0
1337616311.88 -343.0
1337616311.9 -354.0
1337616311.9 -377.0
1337616311.9 -378.0
1337616311.9 -370.0
1337616311.91 -399.0
1337616311.91 -405.0
1337616311.92 -382.0
1337616311.92 -396.0
1337616311.93 -413.0
1337616311.93 -374.0
1337616311.94 -369.0
1337616311.94 -365.0
1337616311.95 -332.0
1337616311.95 -337.0
1337616311.96 -335.0
1337616311.96 -343.0
1337616311.97 -358.0
1337616311.97 -354.0
1337616311.98 -353.0
1337616311.98 -352.0
1337616312.0 -362.0
1337616312.0 -362.0
1337616312.0 -348.0
1337616312.01 -372.0
1337616312.01 -379.0
1337616312.01 -350.0
1337616312.02 -364.0
1337616312.02 -378.0
1337616312.03 -341.0
1337616312.03 -349.0
1337616312.04 -354.0
1337616312.04 -331.0
1337616312.05 -348.0
1337616312.05 -346.0
1337616312.06 -354.0
1337616312.06 -378.0
1337616312.07 -365.0
1337616312.08 -369.0
1337616312.09 -375.0
1337616312.09 -370.0
1337616312.09 -380.0
1337616312.09 -366.0
1337616312.1 -365.0
1337616312.1 -372.0
1337616312.11 -334.0
1337616312.11 -323.0
1337616312.12 -338.0
1337616312.12 -301.0
1337616312.13 -285.0
1337616312.13 -293.0
1337616312.14 -271.0
1337616312.14 -252.0
1337616312.15 -258.0
1337616312.15 -237.0
1337616312.17 -226.0
1337616312.17 -222.0
1337616312.18 -218.0
1337616312.18 -209.0
1337616312.18 -212.0
1337616312.18 -224.0
1337616312.19 -196.0
1337616312.19 -213.0
1337616312.2 -226.0
1337616312.2 -194.0
1337616312.21 -199.0
1337616312.22 -213.0
1337616312.22 -182.0
1337616312.22 -173.0
1337616312.23 -183.0
1337616312.23 -164.0
1337616312.24 -147.0
1337616312.24 -155.0
1337616312.25 -131.0
1337616312.26 -105.0
1337616312.26 -113.0
1337616312.27 -117.0
1337616312.27 -87.0
1337616312.27 -84.0
1337616312.28 -89.0
1337616312.28 -46.0
1337616312.29 -54.0
1337616312.29 -62.0
1337616312.3 -9.0
1337616312.3 -14.0
1337616312.31 -25.0
1337616312.31 23.0
1337616312.32 20.0
1337616312.32 21.0
1337616312.33 60.0
1337616312.33 63.0
1337616312.34 45.0
1337616312.35 70.0
1337616312.35 91.0
1337616312.35 74.0
1337616312.37 86.0
1337616312.37 101.0
1337616312.37 73.0
1337616312.37 73.0
1337616312.38 80.0
1337616312.38 62.0
1337616312.39 65.0
1337616312.39 99.0
1337616312.4 92.0
1337616312.41 77.0
1337616312.41 100.0
1337616312.41 81.0
1337616312.42 82.0
1337616312.42 95.0
1337616312.43 57.0
1337616312.43 38.0
1337616312.44 60.0
1337616312.44 58.0
1337616312.45 44.0
1337616312.48 35.0
1337616312.48 36.0
1337616312.48 25.0
1337616312.48 37.0
1337616312.48 52.0
1337616312.48 46.0
1337616312.49 45.0
1337616312.49 51.0
1337616312.49 47.0
1337616312.5 37.0
1337616312.5 49.0
1337616312.51 44.0
1337616312.51 27.0
1337616312.51 47.0
1337616312.52 37.0
1337616312.52 14.0
1337616312.53 25.0
1337616312.53 19.0
1337616312.55 -5.0
1337616312.55 5.0
1337616312.55 5.0
1337616312.56 -25.0
1337616312.56 -25.0
1337616312.56 -28.0
1337616312.57 -61.0
1337616312.57 -76.0
1337616312.58 -86.0
1337616312.58 -115.0
1337616312.59 -123.0
1337616312.59 -118.0
1337616312.6 -141.0
1337616312.6 -166.0
1337616312.61 -150.0
1337616312.62 -163.0
1337616312.63 -180.0
1337616312.63 -150.0
1337616312.63 -150.0
1337616312.64 -171.0
1337616312.64 -139.0
1337616312.64 -131.0
1337616312.65 -151.0
1337616312.65 -124.0
1337616312.66 -125.0
1337616312.66 -132.0
1337616312.67 -99.0
1337616312.67 -92.0
1337616312.68 -105.0
1337616312.68 -100.0
1337616312.69 -90.0
1337616312.69 -114.0
1337616312.7 -118.0
1337616312.72 -98.0
1337616312.72 -126.0
1337616312.72 -145.0
1337616312.72 -117.0
1337616312.73 -127.0
1337616312.73 -141.0
1337616312.73 -117.0
1337616312.74 -135.0
1337616312.74 -154.0
1337616312.75 -126.0
1337616312.75 -150.0
1337616312.76 -165.0
1337616312.76 -133.0
1337616312.77 -147.0
1337616312.78 -161.0
1337616312.78 -126.0
1337616312.8 -115.0
1337616312.8 -142.0
1337616312.8 -126.0
1337616312.8 -126.0
1337616312.81 -134.0
1337616312.81 -113.0
1337616312.81 -104.0
1337616312.82 -123.0
1337616312.82 -122.0
1337616312.83 -105.0
1337616312.83 -116.0
1337616312.84 -112.0
1337616312.84 -93.0
1337616312.85 -123.0
1337616312.85 -128.0
1337616312.86 -98.0
1337616312.86 -122.0
1337616312.88 -141.0
1337616312.88 -122.0
1337616312.89 -153.0
1337616312.89 -175.0
1337616312.89 -165.0
1337616312.9 -197.0
1337616312.9 -200.0
1337616312.9 -212.0
1337616312.91 -245.0
1337616312.91 -253.0
1337616312.92 -259.0
1337616312.92 -274.0
1337616312.93 -283.0
1337616312.93 -299.0
1337616312.94 -298.0
1337616312.94 -320.0
1337616312.95 -344.0
1337616312.97 -335.0
1337616312.97 -358.0
1337616312.97 -378.0
1337616312.97 -363.0
1337616312.97 -358.0
1337616312.98 -404.0
1337616312.98 -396.0
1337616312.99 -393.0
1337616312.99 -403.0
1337616313.0 -388.0
1337616313.0 -411.0
1337616313.01 -430.0
1337616313.01 -425.0
1337616313.02 -422.0
1337616313.02 -423.0
1337616313.03 -416.0
1337616313.04 -405.0
1337616313.04 -429.0
1337616313.05 -431.0
1337616313.05 -396.0
1337616313.06 -425.0
1337616313.06 -436.0
1337616313.06 -412.0
1337616313.07 -434.0
1337616313.07 -454.0
1337616313.08 -440.0
1337616313.08 -441.0
1337616313.09 -453.0
1337616313.09 -429.0
1337616313.1 -436.0
1337616313.1 -452.0
1337616313.11 -426.0
1337616313.11 -424.0
1337616313.13 -421.0
1337616313.13 -384.0
1337616313.13 -388.0
1337616313.14 -407.0
1337616313.14 -376.0
1337616313.14 -356.0
1337616313.15 -370.0
1337616313.15 -366.0
1337616313.16 -339.0
1337616313.16 -339.0
1337616313.17 -321.0
1337616313.17 -291.0
1337616313.18 -296.0
1337616313.18 -296.0
1337616313.19 -271.0
1337616313.19 -281.0
1337616313.2 -282.0
1337616313.21 -258.0
1337616313.22 -276.0
1337616313.22 -284.0
1337616313.22 -239.0
1337616313.22 -246.0
1337616313.23 -274.0
1337616313.23 -251.0
1337616313.24 -270.0
1337616313.24 -304.0
1337616313.25 -288.0
1337616313.25 -318.0
1337616313.26 -352.0
1337616313.26 -348.0
1337616313.27 -363.0
1337616313.27 -378.0
1337616313.28 -373.0
1337616313.29 -383.0
1337616313.3 -419.0
1337616313.3 -418.0
1337616313.3 -417.0
1337616313.3 -437.0
1337616313.31 -452.0
1337616313.31 -457.0
1337616313.32 -488.0
1337616313.32 -500.0
1337616313.33 -470.0
1337616313.33 -486.0
1337616313.34 -516.0
1337616313.34 -512.0
1337616313.35 -535.0
1337616313.35 -551.0
1337616313.36 -544.0
1337616313.36 -578.0
1337616313.37 -618.0
1337616313.37 -616.0
1337616313.38 -638.0
1337616313.4 -665.0
1337616313.4 -668.0
1337616313.4 -711.0
1337616313.4 -739.0
1337616313.4 -755.0
1337616313.41 -776.0
1337616313.41 -806.0
1337616313.42 -841.0
1337616313.42 -852.0
1337616313.43 -882.0
1337616313.43 -925.0
1337616313.44 -937.0
1337616313.45 -959.0
1337616313.45 -990.0
1337616313.45 -988.0
1337616313.46 -1004.0
1337616313.46 -1035.0
1337616313.47 -1028.0
1337616313.48 -1029.0
1337616313.48 -1051.0
1337616313.5 -1038.0
1337616313.5 -1028.0
1337616313.5 -1054.0
1337616313.5 -1039.0
1337616313.51 -1020.0
1337616313.51 -1053.0
1337616313.51 -1029.0
1337616313.53 -1009.0
1337616313.53 -1030.0
1337616313.53 -1022.0
1337616313.53 -995.0
1337616313.54 -997.0
1337616313.54 -990.0
1337616313.55 -952.0
1337616313.55 -963.0
1337616313.56 -962.0
1337616313.57 -928.0
1337616313.58 -938.0
1337616313.58 -933.0
1337616313.58 -886.0
1337616313.6 -898.0
1337616313.6 -909.0
1337616313.6 -850.0
1337616313.6 -842.0
1337616313.61 -863.0
1337616313.61 -822.0
1337616313.61 -806.0
1337616313.62 -804.0
1337616313.62 -756.0
1337616313.64 -752.0
1337616313.64 -749.0
1337616313.64 -690.0
1337616313.65 -667.0
1337616313.66 -652.0
1337616313.66 -612.0
1337616313.66 -587.0
1337616313.66 -585.0
1337616313.67 -545.0
1337616313.67 -492.0
1337616313.68 -486.0
1337616313.69 -457.0
1337616313.72 -399.0
1337616313.72 -373.0
1337616313.72 -335.0
1337616313.72 -266.0
1337616313.72 -229.0
1337616313.73 -196.0
1337616313.73 -128.0
1337616313.73 -104.0
1337616313.73 -69.0
1337616313.73 -5.0
1337616313.74 22.0
1337616313.74 51.0
1337616313.75 118.0
1337616313.75 159.0
1337616313.76 175.0
1337616313.76 224.0
1337616313.77 268.0
1337616313.77 278.0
1337616313.78 311.0
1337616313.78 359.0
1337616313.8 368.0
1337616313.8 408.0
1337616313.8 463.0
1337616313.8 488.0
1337616313.81 516.0
1337616313.81 552.0
1337616313.82 551.0
1337616313.82 582.0
1337616313.83 634.0
1337616313.83 646.0
1337616313.84 656.0
1337616313.84 699.0
1337616313.85 730.0
1337616313.85 758.0
1337616313.86 799.0
1337616313.86 821.0
1337616313.87 839.0
1337616313.87 854.0
1337616313.88 886.0
1337616313.88 895.0
1337616313.89 903.0
1337616313.89 939.0
1337616313.9 955.0
1337616313.91 965.0
1337616313.92 997.0
1337616313.92 999.0
1337616313.92 998.0
1337616313.92 1022.0
1337616313.93 1024.0
1337616313.93 1002.0
1337616313.94 1008.0
1337616313.94 1008.0
1337616313.95 987.0
1337616313.95 981.0
1337616313.96 971.0
1337616313.96 962.0
1337616313.97 954.0
1337616313.97 945.0
1337616313.98 932.0
1337616313.98 912.0
1337616313.99 921.0
1337616313.99 913.0
1337616314.0 886.0
1337616314.01 884.0
1337616314.01 879.0
1337616314.02 845.0
1337616314.02 847.0
1337616314.02 865.0
1337616314.03 831.0
1337616314.03 815.0
1337616314.03 815.0
1337616314.04 797.0
1337616314.04 781.0
1337616314.05 807.0
1337616314.05 775.0
1337616314.06 741.0
1337616314.06 746.0
1337616314.07 718.0
1337616314.08 705.0
1337616314.08 705.0
1337616314.1 678.0
1337616314.1 640.0
1337616314.1 644.0
1337616314.1 640.0
1337616314.11 595.0
1337616314.11 578.0
1337616314.12 571.0
1337616314.12 524.0
1337616314.13 508.0
1337616314.13 512.0
1337616314.14 471.0
1337616314.14 428.0
1337616314.15 415.0
1337616314.15 379.0
1337616314.16 333.0
1337616314.16 312.0
1337616314.18 264.0
1337616314.18 217.0
1337616314.18 197.0
1337616314.18 164.0
1337616314.19 116.0
1337616314.19 88.0
1337616314.19 70.0
1337616314.2 15.0
1337616314.2 -4.0
1337616314.21 -12.0
1337616314.21 -59.0
1337616314.22 -99.0
1337616314.23 -100.0
1337616314.23 -130.0
1337616314.23 -147.0
1337616314.24 -158.0
1337616314.25 -207.0
1337616314.25 -240.0
1337616314.25 -252.0
1337616314.26 -266.0
1337616314.28 -294.0
1337616314.28 -315.0
1337616314.28 -324.0
1337616314.28 -339.0
1337616314.29 -358.0
1337616314.29 -353.0
1337616314.29 -369.0
1337616314.3 -403.0
1337616314.3 -398.0
1337616314.31 -412.0
1337616314.31 -433.0
1337616314.32 -441.0
1337616314.33 -442.0
1337616314.33 -464.0
1337616314.33 -466.0
1337616314.34 -471.0
1337616314.34 -495.0
1337616314.35 -498.0
1337616314.35 -497.0
1337616314.36 -518.0
1337616314.36 -534.0
1337616314.38 -517.0
1337616314.38 -551.0
1337616314.38 -568.0
1337616314.39 -558.0
1337616314.39 -573.0
1337616314.39 -613.0
1337616314.4 -631.0
1337616314.4 -633.0
1337616314.41 -668.0
1337616314.42 -678.0
1337616314.42 -670.0
1337616314.42 -693.0
1337616314.43 -691.0
1337616314.43 -662.0
1337616314.44 -657.0
1337616314.45 -653.0
1337616314.46 -633.0
1337616314.46 -654.0
1337616314.46 -641.0
1337616314.46 -614.0
1337616314.47 -612.0
1337616314.47 -607.0
1337616314.48 -585.0
1337616314.48 -564.0
1337616314.49 -571.0
1337616314.49 -559.0
1337616314.5 -529.0
1337616314.5 -526.0
1337616314.51 -508.0
1337616314.51 -468.0
1337616314.52 -476.0
1337616314.52 -476.0
1337616314.53 -458.0
1337616314.53 -465.0
1337616314.54 -465.0
1337616314.54 -451.0
1337616314.56 -445.0
1337616314.56 -448.0
1337616314.56 -426.0
1337616314.56 -397.0
1337616314.57 -407.0
1337616314.57 -394.0
1337616314.58 -355.0
1337616314.58 -346.0
1337616314.59 -321.0
1337616314.59 -287.0
1337616314.6 -280.0
1337616314.6 -248.0
1337616314.61 -229.0
1337616314.61 -211.0
1337616314.62 -200.0
1337616314.63 -182.0
1337616314.63 -163.0
1337616314.65 -149.0
1337616314.65 -117.0
1337616314.65 -104.0
1337616314.65 -96.0
1337616314.66 -80.0
1337616314.66 -52.0
1337616314.66 -41.0
1337616314.67 -42.0
1337616314.68 -19.0
1337616314.68 0.0
1337616314.68 17.0
1337616314.69 40.0
1337616314.69 64.0
1337616314.7 60.0
1337616314.7 61.0
1337616314.71 100.0
1337616314.71 110.0
1337616314.72 124.0
1337616314.72 139.0
1337616314.75 150.0
1337616314.75 153.0
1337616314.75 174.0
1337616314.75 187.0
1337616314.75 175.0
1337616314.75 175.0
1337616314.76 182.0
1337616314.76 172.0
1337616314.77 169.0
1337616314.77 186.0
1337616314.78 169.0
1337616314.78 167.0
1337616314.79 170.0
1337616314.79 162.0
1337616314.8 153.0
1337616314.8 141.0
1337616314.81 164.0
1337616314.82 153.0
1337616314.82 148.0
1337616314.82 168.0
1337616314.85 148.0
1337616314.85 163.0
1337616314.85 170.0
1337616314.85 160.0
1337616314.85 163.0
1337616314.85 187.0
1337616314.86 184.0
1337616314.86 176.0
1337616314.87 193.0
1337616314.87 184.0
1337616314.88 172.0
1337616314.88 179.0
1337616314.89 199.0
1337616314.89 170.0
1337616314.9 175.0
1337616314.9 205.0
1337616314.91 186.0
1337616314.91 180.0
1337616314.93 199.0
1337616314.93 193.0
1337616314.93 191.0
1337616314.93 209.0
1337616314.94 200.0
1337616314.94 191.0
1337616314.95 184.0
1337616314.95 179.0
1337616314.96 187.0
1337616314.96 184.0
1337616314.97 187.0
1337616314.97 183.0
1337616314.98 200.0
1337616314.98 212.0
1337616314.99 197.0
1337616314.99 211.0
1337616315.01 217.0
1337616315.01 227.0
1337616315.01 220.0
1337616315.01 242.0
1337616315.02 275.0
1337616315.02 268.0
1337616315.03 271.0
1337616315.03 288.0
1337616315.04 264.0
1337616315.04 254.0
1337616315.05 270.0
1337616315.05 261.0
1337616315.06 273.0
1337616315.06 277.0
1337616315.07 279.0
1337616315.07 287.0
1337616315.08 272.0
1337616315.09 243.0
1337616315.1 178.0
1337616315.1 52.0
1337616315.1 -105.0
1337616315.1 -316.0
1337616315.11 -536.0
1337616315.11 -784.0
1337616315.12 -1086.0
1337616315.12 -1365.0
1337616315.13 -1690.0
1337616315.13 -2006.0
1337616315.14 -2349.0
1337616315.14 -2723.0
1337616315.15 -3049.0
1337616315.15 -3428.0
1337616315.16 -3790.0
1337616315.17 -4133.0
1337616315.18 -4510.0
1337616315.18 -4893.0
1337616315.18 -5255.0
1337616315.19 -5604.0
1337616315.19 -5979.0
1337616315.19 -6345.0
1337616315.2 -6681.0
1337616315.2 -7044.0
1337616315.21 -7350.0
1337616315.21 -7649.0
1337616315.22 -7998.0
1337616315.22 -8293.0
1337616315.23 -8610.0
1337616315.23 -8895.0
1337616315.24 -9171.0
1337616315.24 -9452.0
1337616315.25 -9700.0
1337616315.25 -9964.0
1337616315.26 -10196.0
1337616315.27 -10403.0
1337616315.27 -10629.0
1337616315.27 -10834.0
1337616315.28 -10990.0
1337616315.28 -11163.0
1337616315.29 -11310.0
1337616315.29 -11422.0
1337616315.3 -11575.0
1337616315.3 -11691.0
1337616315.31 -11807.0
1337616315.31 -11918.0
1337616315.32 -12007.0
1337616315.32 -12115.0
1337616315.33 -12175.0
1337616315.33 -12258.0
1337616315.34 -12316.0
1337616315.34 -12346.0
1337616315.35 -12413.0
1337616315.35 -12467.0
1337616315.36 -12488.0
1337616315.36 -12542.0
1337616315.37 -12582.0
1337616315.37 -12585.0
1337616315.38 -12621.0
1337616315.39 -12657.0
1337616315.39 -12661.0
1337616315.39 -12670.0
1337616315.39 -12698.0
1337616315.4 -12704.0
1337616315.41 -12713.0
1337616315.41 -12722.0
1337616315.42 -12742.0
1337616315.42 -12736.0
1337616315.43 -12750.0
1337616315.43 -12762.0
1337616315.44 -12724.0
1337616315.44 -12727.0
1337616315.45 -12718.0
1337616315.45 -12707.0
1337616315.46 -12702.0
1337616315.46 -12695.0
1337616315.47 -12671.0
1337616315.47 -12649.0
1337616315.48 -12642.0
1337616315.49 -12603.0
1337616315.49 -12571.0
1337616315.49 -12558.0
1337616315.5 -12522.0
1337616315.5 -12460.0
1337616315.51 -12445.0
1337616315.51 -12420.0
1337616315.52 -12352.0
1337616315.52 -12329.0
1337616315.53 -12283.0
1337616315.53 -12208.0
1337616315.54 -12158.0
1337616315.54 -12109.0
1337616315.55 -12043.0
1337616315.55 -11976.0
1337616315.56 -11928.0
1337616315.56 -11862.0
1337616315.58 -11792.0
1337616315.58 -11746.0
1337616315.58 -11692.0
1337616315.58 -11610.0
1337616315.59 -11530.0
1337616315.59 -11399.0
1337616315.6 -11202.0
1337616315.6 -11017.0
1337616315.6 -10770.0
1337616315.61 -10477.0
1337616315.61 -10217.0
1337616315.62 -9911.0
1337616315.62 -9551.0
1337616315.63 -9212.0
1337616315.64 -8859.0
1337616315.64 -8450.0
1337616315.65 -8035.0
1337616315.65 -7647.0
1337616315.65 -7206.0
1337616315.67 -6789.0
1337616315.67 -6387.0
1337616315.68 -5947.0
1337616315.68 -5527.0
1337616315.68 -5094.0
1337616315.69 -4681.0
1337616315.69 -4235.0
1337616315.69 -3817.0
1337616315.7 -3410.0
1337616315.7 -3005.0
1337616315.71 -2663.0
1337616315.71 -2296.0
1337616315.72 -1934.0
1337616315.72 -1600.0
1337616315.74 -1275.0
1337616315.74 -968.0
1337616315.74 -659.0
1337616315.75 -394.0
1337616315.75 -123.0
1337616315.75 155.0
1337616315.76 369.0
1337616315.76 594.0
1337616315.77 812.0
1337616315.77 1022.0
1337616315.8 1218.0
1337616315.8 1390.0
1337616315.8 1564.0
1337616315.8 1709.0
1337616315.8 1872.0
1337616315.81 2031.0
1337616315.81 2156.0
1337616315.82 2291.0
1337616315.82 2411.0
1337616315.82 2520.0
1337616315.84 2637.0
1337616315.84 2760.0
1337616315.84 2828.0
1337616315.85 2895.0
1337616315.85 2984.0
1337616315.86 3034.0
1337616315.86 3114.0
1337616315.86 3166.0
1337616315.87 3215.0
1337616315.88 3242.0
1337616315.9 3248.0
1337616315.9 3315.0
1337616315.9 3320.0
1337616315.9 3323.0
1337616315.9 3370.0
1337616315.91 3359.0
1337616315.91 3356.0
1337616315.91 3375.0
1337616315.92 3362.0
1337616315.92 3353.0
1337616315.94 3341.0
1337616315.94 3314.0
1337616315.95 3275.0
1337616315.95 3256.0
1337616315.95 3234.0
1337616315.95 3185.0
1337616315.96 3168.0
1337616315.96 3141.0
1337616315.98 3076.0
1337616315.98 3046.0
1337616316.0 3029.0
1337616316.0 2962.0
1337616316.0 2922.0
1337616316.0 2913.0
1337616316.01 2837.0
1337616316.01 2798.0
1337616316.01 2791.0
1337616316.02 2726.0
1337616316.02 2685.0
1337616316.03 2678.0
1337616316.03 2621.0
1337616316.04 2601.0
1337616316.04 2574.0
1337616316.04 2510.0
1337616316.05 2500.0
1337616316.06 2465.0
1337616316.06 2429.0
1337616316.06 2401.0
1337616316.07 2374.0
1337616316.07 2346.0
1337616316.09 2306.0
1337616316.09 2265.0
1337616316.09 2239.0
1337616316.09 2212.0
1337616316.1 2162.0
1337616316.11 2141.0
1337616316.11 2119.0
1337616316.11 2086.0
1337616316.12 2065.0
1337616316.12 2028.0
1337616316.13 1979.0
1337616316.14 1953.0
1337616316.14 1920.0
1337616316.14 1887.0
1337616316.15 1861.0
1337616316.15 1861.0
1337616316.16 1826.0
1337616316.16 1797.0
1337616316.17 1794.0
1337616316.18 1769.0
1337616316.19 1767.0
1337616316.19 1771.0
1337616316.19 1747.0
1337616316.19 1720.0
1337616316.2 1744.0
1337616316.2 1737.0
1337616316.21 1715.0
1337616316.21 1746.0
1337616316.22 1739.0
1337616316.22 1725.0
1337616316.24 1775.0
1337616316.24 1779.0
1337616316.24 1776.0
1337616316.24 1824.0
1337616316.25 1820.0
1337616316.25 1816.0
1337616316.26 1881.0
1337616316.26 1889.0
1337616316.27 1890.0
1337616316.27 1939.0
1337616316.28 1948.0
1337616316.28 1946.0
1337616316.29 2004.0
1337616316.29 2009.0
1337616316.3 2002.0
1337616316.3 2050.0
1337616316.31 2040.0
1337616316.32 2034.0
1337616316.32 2072.0
1337616316.33 2073.0
1337616316.33 2076.0
1337616316.33 2085.0
1337616316.34 2079.0
1337616316.34 2081.0
1337616316.35 2082.0
1337616316.35 2077.0
1337616316.36 2056.0
1337616316.36 2065.0
1337616316.37 2077.0
1337616316.37 2082.0
1337616316.38 2076.0
1337616316.38 2081.0
1337616316.39 2100.0
1337616316.39 2099.0
1337616316.4 2094.0
1337616316.4 2098.0
1337616316.42 2092.0
1337616316.42 2084.0
1337616316.42 2117.0
1337616316.42 2112.0
1337616316.43 2090.0
1337616316.43 2125.0
1337616316.44 2100.0
1337616316.44 2088.0
1337616316.45 2124.0
1337616316.45 2106.0
1337616316.46 2107.0
1337616316.46 2120.0
1337616316.47 2115.0
1337616316.47 2113.0
1337616316.48 2116.0
1337616316.48 2123.0
1337616316.49 2099.0
1337616316.49 2103.0
1337616316.5 2123.0
1337616316.5 2100.0
1337616316.52 2108.0
1337616316.52 2101.0
1337616316.52 2086.0
1337616316.52 2090.0
1337616316.53 2080.0
1337616316.53 2080.0
1337616316.54 2066.0
1337616316.54 2055.0
1337616316.55 2064.0
1337616316.55 2048.0
1337616316.56 2038.0
1337616316.56 2033.0
1337616316.57 2026.0
1337616316.57 2030.0
1337616316.58 2024.0
1337616316.58 2025.0
1337616316.59 2005.0
1337616316.59 1986.0
1337616316.6 2007.0
1337616316.6 1981.0
1337616316.62 1961.0
1337616316.62 1981.0
1337616316.62 1933.0
1337616316.62 1928.0
1337616316.63 1941.0
1337616316.63 1898.0
1337616316.64 1885.0
1337616316.64 1878.0
1337616316.65 1863.0
1337616316.65 1854.0
1337616316.66 1848.0
1337616316.66 1846.0
1337616316.67 1837.0
1337616316.67 1854.0
1337616316.68 1839.0
1337616316.68 1834.0
1337616316.69 1860.0
1337616316.69 1834.0
1337616316.7 1853.0
1337616316.7 1860.0
1337616316.71 1847.0
1337616316.72 1880.0
1337616316.72 1866.0
1337616316.72 1878.0
1337616316.73 1906.0
1337616316.73 1898.0
1337616316.74 1899.0
1337616316.74 1916.0
1337616316.75 1946.0
1337616316.75 1935.0
1337616316.76 1956.0
1337616316.76 1980.0
1337616316.77 1952.0
1337616316.77 1952.0
1337616316.78 1965.0
1337616316.78 1940.0
1337616316.79 1949.0
1337616316.8 1929.0
1337616316.8 1905.0
1337616316.81 1914.0
1337616316.81 1879.0
1337616316.81 1872.0
1337616316.82 1877.0
1337616316.82 1877.0
1337616316.83 1857.0
1337616316.83 1842.0
1337616316.84 1846.0
1337616316.84 1836.0
1337616316.85 1832.0
1337616316.85 1823.0
1337616316.86 1812.0
1337616316.86 1822.0
1337616316.87 1801.0
1337616316.87 1781.0
1337616316.89 1818.0
1337616316.89 1777.0
1337616316.89 1762.0
1337616316.89 1795.0
1337616316.9 1761.0
1337616316.9 1756.0
1337616316.91 1755.0
1337616316.91 1751.0
1337616316.92 1731.0
1337616316.92 1712.0
1337616316.93 1702.0
1337616316.93 1680.0
1337616316.94 1677.0
1337616316.94 1678.0
1337616316.95 1672.0
1337616316.95 1683.0
1337616316.96 1659.0
1337616316.99 1615.0
1337616316.99 1593.0
1337616316.99 1551.0
1337616316.99 1535.0
1337616316.99 1517.0
1337616316.99 1488.0
1337616317.0 1467.0
1337616317.0 1432.0
1337616317.0 1414.0
1337616317.01 1388.0
1337616317.01 1359.0
1337616317.01 1324.0
1337616317.02 1278.0
1337616317.03 1260.0
1337616317.03 1225.0
1337616317.04 1187.0
1337616317.05 1175.0
1337616317.06 1128.0
1337616317.06 1086.0
1337616317.06 1063.0
1337616317.06 1018.0
1337616317.07 979.0
1337616317.07 948.0
1337616317.08 913.0
1337616317.08 856.0
1337616317.08 822.0
1337616317.09 796.0
1337616317.1 734.0
1337616317.1 704.0
1337616317.11 668.0
1337616317.11 602.0
1337616317.12 557.0
1337616317.12 511.0
1337616317.14 479.0
1337616317.14 438.0
1337616317.14 401.0
1337616317.15 365.0
1337616317.15 304.0
1337616317.15 264.0
1337616317.16 220.0
1337616317.16 182.0
1337616317.17 152.0
1337616317.17 112.0
1337616317.18 87.0
1337616317.19 48.0
1337616317.19 13.0
1337616317.21 -15.0
1337616317.21 -40.0
1337616317.21 -56.0
1337616317.21 -84.0
1337616317.21 -95.0
1337616317.22 -112.0
1337616317.22 -137.0
1337616317.23 -138.0
1337616317.23 -155.0
1337616317.23 -163.0
1337616317.24 -184.0
1337616317.25 -204.0
1337616317.25 -204.0
1337616317.26 -230.0
1337616317.26 -222.0
1337616317.26 -230.0
1337616317.27 -239.0
1337616317.27 -241.0
1337616317.28 -268.0
1337616317.28 -259.0
1337616317.3 -270.0
1337616317.3 -278.0
1337616317.3 -275.0
1337616317.31 -287.0
1337616317.31 -297.0
1337616317.31 -320.0
1337616317.33 -328.0
1337616317.33 -347.0
1337616317.33 -377.0
1337616317.34 -388.0
1337616317.34 -403.0
1337616317.34 -412.0
1337616317.35 -430.0
1337616317.35 -434.0
1337616317.36 -422.0
1337616317.36 -455.0
1337616317.37 -461.0
1337616317.38 -461.0
1337616317.38 -472.0
1337616317.39 -465.0
1337616317.39 -473.0
1337616317.4 -450.0
1337616317.4 -449.0
1337616317.41 -461.0
1337616317.41 -459.0
1337616317.41 -459.0
1337616317.42 -451.0
1337616317.43 -441.0
1337616317.44 -421.0
1337616317.44 -437.0
1337616317.44 -447.0
1337616317.44 -462.0
1337616317.45 -458.0
1337616317.45 -459.0
1337616317.46 -488.0
1337616317.46 -485.0
1337616317.47 -490.0
1337616317.48 -502.0
1337616317.48 -508.0
1337616317.48 -513.0
1337616317.49 -520.0
1337616317.49 -536.0
1337616317.5 -555.0
1337616317.5 -550.0
1337616317.51 -573.0
1337616317.51 -579.0
1337616317.52 -579.0
1337616317.53 -587.0
1337616317.53 -591.0
1337616317.53 -612.0
1337616317.54 -602.0
1337616317.55 -619.0
1337616317.55 -603.0
1337616317.55 -600.0
1337616317.56 -609.0
1337616317.56 -613.0
1337616317.57 -636.0
1337616317.58 -622.0
1337616317.59 -649.0
1337616317.59 -646.0
1337616317.59 -656.0
1337616317.6 -650.0
1337616317.6 -630.0
1337616317.61 -642.0
1337616317.61 -617.0
1337616317.61 -632.0
1337616317.62 -625.0
1337616317.63 -594.0
1337616317.63 -584.0
1337616317.63 -567.0
1337616317.64 -579.0
1337616317.64 -576.0
1337616317.65 -564.0
1337616317.65 -585.0
1337616317.66 -578.0
1337616317.66 -588.0
1337616317.67 -604.0
1337616317.68 -623.0
1337616317.68 -633.0
1337616317.68 -623.0
1337616317.69 -668.0
1337616317.69 -666.0
1337616317.7 -675.0
1337616317.7 -693.0
1337616317.71 -693.0
1337616317.71 -723.0
1337616317.72 -710.0
1337616317.73 -750.0
1337616317.73 -770.0
1337616317.73 -752.0
1337616317.74 -789.0
1337616317.74 -785.0
1337616317.75 -796.0
1337616317.75 -808.0
1337616317.77 -801.0
1337616317.77 -841.0
1337616317.77 -825.0
1337616317.78 -837.0
1337616317.78 -848.0
1337616317.78 -807.0
1337616317.79 -821.0
1337616317.79 -798.0
1337616317.8 -816.0
1337616317.8 -822.0
1337616317.81 -807.0
1337616317.81 -821.0
1337616317.82 -787.0
1337616317.84 -788.0
1337616317.84 -772.0
1337616317.84 -761.0
1337616317.84 -767.0
1337616317.84 -747.0
1337616317.85 -760.0
1337616317.85 -765.0
1337616317.86 -755.0
1337616317.86 -750.0
1337616317.87 -735.0
1337616317.87 -722.0
1337616317.88 -714.0
1337616317.88 -702.0
1337616317.89 -713.0
1337616317.89 -709.0
1337616317.9 -701.0
1337616317.91 -716.0
1337616317.92 -709.0
1337616317.92 -710.0
1337616317.92 -697.0
1337616317.92 -707.0
1337616317.93 -712.0
1337616317.93 -697.0
1337616317.94 -726.0
1337616317.94 -729.0
1337616317.95 -731.0
1337616317.95 -743.0
1337616317.96 -754.0
1337616317.96 -775.0
1337616317.97 -790.0
1337616317.98 -822.0
1337616317.98 -851.0
1337616317.98 -868.0
1337616317.99 -893.0
1337616317.99 -921.0
1337616318.0 -948.0
1337616318.01 -967.0
1337616318.01 -973.0
1337616318.01 -1009.0
1337616318.02 -1027.0
1337616318.03 -1042.0
1337616318.03 -1059.0
1337616318.04 -1048.0
1337616318.04 -1085.0
1337616318.04 -1089.0
1337616318.05 -1093.0
1337616318.05 -1132.0
1337616318.06 -1132.0
1337616318.06 -1152.0
1337616318.07 -1175.0
1337616318.08 -1188.0
1337616318.08 -1204.0
1337616318.08 -1200.0
1337616318.09 -1234.0
1337616318.09 -1254.0
1337616318.1 -1254.0
1337616318.1 -1287.0
1337616318.11 -1308.0
1337616318.11 -1343.0
1337616318.12 -1356.0
1337616318.14 -1387.0
1337616318.14 -1428.0
1337616318.14 -1433.0
1337616318.14 -1485.0
1337616318.14 -1519.0
1337616318.15 -1535.0
1337616318.15 -1565.0
1337616318.16 -1579.0
1337616318.16 -1610.0
1337616318.17 -1647.0
1337616318.19 -1662.0
1337616318.19 -1690.0
1337616318.19 -1696.0
1337616318.2 -1707.0
1337616318.2 -1737.0
1337616318.21 -1730.0
1337616318.21 -1748.0
1337616318.21 -1748.0
1337616318.21 -1763.0
1337616318.23 -1799.0
1337616318.24 -1793.0
1337616318.24 -1798.0
1337616318.24 -1793.0
1337616318.24 -1804.0
1337616318.24 -1828.0
1337616318.25 -1814.0
1337616318.25 -1835.0
1337616318.26 -1824.0
1337616318.26 -1800.0
1337616318.27 -1818.0
1337616318.29 -1813.0
1337616318.29 -1785.0
1337616318.29 -1766.0
1337616318.29 -1760.0
1337616318.29 -1743.0
1337616318.3 -1711.0
1337616318.3 -1692.0
1337616318.31 -1681.0
1337616318.31 -1628.0
1337616318.32 -1637.0
1337616318.34 -1625.0
1337616318.34 -1575.0
1337616318.34 -1552.0
1337616318.35 -1503.0
1337616318.35 -1489.0
1337616318.35 -1471.0
1337616318.36 -1451.0
1337616318.36 -1432.0
1337616318.36 -1406.0
1337616318.37 -1386.0
1337616318.39 -1364.0
1337616318.39 -1320.0
1337616318.39 -1305.0
1337616318.39 -1289.0
1337616318.39 -1239.0
1337616318.4 -1250.0
1337616318.4 -1231.0
1337616318.41 -1196.0
1337616318.41 -1179.0
1337616318.42 -1163.0
1337616318.42 -1137.0
1337616318.43 -1106.0
1337616318.43 -1108.0
1337616318.45 -1092.0
1337616318.45 -1054.0
1337616318.45 -1044.0
1337616318.45 -1037.0
1337616318.46 -995.0
1337616318.46 -1002.0
1337616318.47 -983.0
1337616318.47 -961.0
1337616318.48 -968.0
1337616318.48 -953.0
1337616318.49 -955.0
1337616318.49 -932.0
1337616318.5 -912.0
1337616318.5 -897.0
1337616318.51 -857.0
1337616318.52 -839.0
1337616318.52 -811.0
1337616318.52 -746.0
1337616318.53 -734.0
1337616318.53 -709.0
1337616318.53 -654.0
1337616318.54 -636.0
1337616318.54 -605.0
1337616318.55 -566.0
1337616318.55 -529.0
1337616318.56 -528.0
1337616318.57 -495.0
1337616318.57 -456.0
1337616318.58 -447.0
1337616318.58 -408.0
1337616318.6 -368.0
1337616318.6 -334.0
1337616318.6 -303.0
1337616318.6 -250.0
1337616318.61 -215.0
1337616318.61 -179.0
1337616318.61 -141.0
1337616318.62 -111.0
1337616318.62 -83.0
1337616318.63 -55.0
1337616318.64 -15.0
1337616318.64 2.0
1337616318.64 32.0
1337616318.65 77.0
1337616318.66 92.0
1337616318.66 111.0
1337616318.66 163.0
1337616318.68 189.0
1337616318.68 221.0
1337616318.68 262.0
1337616318.68 279.0
1337616318.69 294.0
1337616318.69 324.0
1337616318.7 380.0
1337616318.7 394.0
1337616318.71 435.0
1337616318.71 458.0
1337616318.72 469.0
1337616318.73 508.0
1337616318.73 526.0
1337616318.73 562.0
1337616318.74 569.0
1337616318.75 602.0
1337616318.75 632.0
1337616318.76 613.0
1337616318.77 631.0
1337616318.77 649.0
1337616318.77 646.0
1337616318.78 671.0
1337616318.78 669.0
1337616318.78 655.0
1337616318.79 644.0
1337616318.79 623.0
1337616318.8 642.0
1337616318.8 627.0
1337616318.81 609.0
1337616318.81 631.0
1337616318.82 611.0
1337616318.82 618.0
1337616318.83 618.0
1337616318.83 598.0
1337616318.85 609.0
1337616318.85 587.0
1337616318.85 587.0
1337616318.86 580.0
1337616318.86 563.0
1337616318.87 560.0
1337616318.87 538.0
1337616318.87 548.0
1337616318.88 536.0
1337616318.88 511.0
1337616318.89 515.0
1337616318.89 512.0
1337616318.9 492.0
1337616318.9 479.0
1337616318.91 462.0
1337616318.91 424.0
1337616318.92 403.0
1337616318.92 384.0
1337616318.93 383.0
1337616318.95 354.0
1337616318.95 332.0
1337616318.95 329.0
1337616318.95 299.0
1337616318.96 282.0
1337616318.96 266.0
1337616318.96 261.0
1337616318.97 239.0
1337616318.97 211.0
1337616318.98 214.0
1337616318.98 187.0
1337616318.99 151.0
1337616319.0 137.0
1337616319.0 107.0
1337616319.0 83.0
1337616319.01 54.0
1337616319.01 42.0
1337616319.03 30.0
1337616319.03 -9.0
1337616319.03 -10.0
1337616319.03 -22.0
1337616319.04 -39.0
1337616319.04 -61.0
1337616319.05 -107.0
1337616319.05 -120.0
1337616319.06 -164.0
1337616319.06 -158.0
1337616319.07 -150.0
1337616319.07 -165.0
1337616319.08 -180.0
1337616319.08 -231.0
1337616319.09 -230.0
1337616319.09 -266.0
1337616319.1 -275.0
1337616319.11 -275.0
1337616319.11 -304.0
1337616319.12 -309.0
1337616319.12 -336.0
1337616319.12 -336.0
1337616319.13 -346.0
1337616319.13 -377.0
1337616319.14 -391.0
1337616319.14 -414.0
1337616319.15 -421.0
1337616319.15 -431.0
1337616319.16 -436.0
1337616319.17 -423.0
1337616319.17 -469.0
1337616319.17 -483.0
1337616319.18 -480.0
1337616319.19 -502.0
1337616319.19 -497.0
1337616319.2 -505.0
1337616319.2 -495.0
1337616319.21 -515.0
1337616319.21 -522.0
1337616319.21 -506.0
1337616319.22 -526.0
1337616319.22 -529.0
1337616319.23 -542.0
1337616319.23 -560.0
1337616319.24 -559.0
1337616319.24 -573.0
1337616319.25 -573.0
1337616319.26 -576.0
1337616319.26 -593.0
1337616319.27 -584.0
1337616319.27 -605.0
1337616319.27 -597.0
1337616319.28 -601.0
1337616319.28 -625.0
1337616319.29 -625.0
1337616319.3 -640.0
1337616319.3 -661.0
1337616319.3 -685.0
1337616319.31 -687.0
1337616319.31 -704.0
1337616319.33 -719.0
1337616319.33 -732.0
1337616319.33 -749.0
1337616319.43 -761.0
1337616319.43 -786.0
1337616319.43 -803.0
1337616319.43 -835.0
1337616319.44 -862.0
1337616319.44 -877.0
1337616319.44 -899.0
1337616319.44 -905.0
1337616319.44 -917.0
1337616319.44 -951.0
1337616319.48 -969.0
1337616319.49 -990.0
1337616319.49 -1005.0
1337616319.49 -1021.0
1337616319.5 -1047.0
1337616319.5 -1065.0
1337616319.5 -1095.0
1337616319.51 -1083.0
1337616319.54 -1087.0
1337616319.56 -1106.0
1337616319.57 -1110.0
1337616319.57 -1125.0
1337616319.58 -1116.0
1337616319.58 -1114.0
1337616319.59 -1097.0
1337616319.59 -1096.0
1337616319.59 -1112.0
1337616319.59 -1078.0
1337616319.59 -1076.0
1337616319.6 -1081.0
1337616319.6 -1049.0
1337616319.6 -1051.0
1337616319.6 -1021.0
1337616319.64 -1009.0
1337616319.64 -988.0
1337616319.64 -963.0
1337616319.64 -964.0
1337616319.64 -914.0
1337616319.64 -896.0
1337616319.64 -854.0
1337616319.64 -842.0
1337616319.64 -848.0
1337616319.64 -819.0
1337616319.65 -810.0
1337616319.65 -799.0
1337616319.65 -785.0
1337616319.67 -772.0
1337616319.67 -768.0
1337616319.67 -761.0
1337616319.68 -746.0
1337616319.68 -711.0
1337616319.68 -706.0
1337616319.68 -696.0
1337616319.68 -666.0
1337616319.68 -653.0
1337616319.68 -661.0
1337616319.68 -648.0
1337616319.69 -618.0
1337616319.69 -634.0
1337616319.69 -636.0
1337616319.7 -616.0
1337616319.7 -635.0
1337616319.7 -628.0
1337616319.7 -599.0
1337616319.7 -598.0
1337616319.7 -581.0
1337616319.71 -604.0
1337616319.71 -607.0
1337616319.71 -607.0
1337616319.71 -625.0
1337616319.72 -613.0
1337616319.72 -615.0
1337616319.72 -606.0
1337616319.72 -605.0
1337616319.73 -592.0
1337616319.73 -581.0
1337616319.73 -568.0
1337616319.73 -577.0
1337616319.73 -586.0
1337616319.73 -591.0
1337616319.74 -602.0
1337616319.74 -607.0
1337616319.74 -622.0
1337616319.75 -596.0
1337616319.75 -627.0
1337616319.76 -644.0
1337616319.76 -632.0
1337616319.77 -662.0
1337616319.77 -671.0
1337616319.78 -674.0
1337616319.78 -669.0
1337616319.79 -693.0
1337616319.79 -709.0
1337616319.8 -705.0
1337616319.81 -733.0
1337616319.81 -757.0
1337616319.81 -753.0
1337616319.82 -777.0
1337616319.82 -807.0
1337616319.83 -796.0
1337616319.84 -827.0
1337616319.84 -825.0
1337616319.84 -808.0
1337616319.85 -840.0
1337616319.85 -844.0
1337616319.86 -843.0
1337616319.86 -850.0
1337616319.87 -869.0
1337616319.87 -871.0
1337616319.88 -860.0
1337616319.89 -885.0
1337616319.89 -893.0
1337616319.9 -862.0
1337616319.9 -907.0
1337616319.9 -927.0
1337616319.91 -911.0
1337616319.91 -941.0
1337616319.92 -939.0
1337616319.92 -942.0
1337616319.93 -961.0
1337616319.94 -969.0
1337616319.94 -992.0
1337616319.94 -1012.0
1337616319.95 -1010.0
1337616319.95 -1031.0
1337616319.95 -1011.0
1337616319.96 -1012.0
1337616319.97 -1012.0
1337616319.97 -996.0
1337616319.97 -1022.0
1337616319.98 -1010.0
1337616319.99 -997.0
1337616319.99 -983.0
1337616320.01 -975.0
1337616320.01 -957.0
1337616320.01 -939.0
1337616320.01 -939.0
1337616320.02 -919.0
1337616320.02 -892.0
1337616320.03 -886.0
1337616320.03 -864.0
1337616320.04 -817.0
1337616320.04 -806.0
1337616320.05 -783.0
1337616320.05 -745.0
1337616320.06 -719.0
1337616320.06 -704.0
1337616320.06 -681.0
1337616320.07 -646.0
1337616320.08 -642.0
1337616320.08 -622.0
1337616320.09 -570.0
1337616320.1 -553.0
1337616320.1 -518.0
1337616320.1 -463.0
1337616320.11 -435.0
1337616320.11 -392.0
1337616320.11 -355.0
1337616320.12 -327.0
1337616320.12 -291.0
1337616320.13 -281.0
1337616320.14 -241.0
1337616320.14 -202.0
1337616320.15 -170.0
1337616320.15 -124.0
1337616320.16 -117.0
1337616320.16 -72.0
1337616320.18 -65.0
1337616320.21 -63.0
1337616320.21 -25.0
1337616320.21 -21.0
1337616320.21 18.0
1337616320.22 44.0
1337616320.22 66.0
1337616320.22 103.0
1337616320.22 98.0
1337616320.22 119.0
1337616320.22 156.0
1337616320.22 158.0
1337616320.23 168.0
1337616320.23 181.0
1337616320.24 199.0
1337616320.24 198.0
1337616320.25 210.0
1337616320.25 242.0
1337616320.25 218.0
1337616320.26 212.0
1337616320.26 223.0
1337616320.27 205.0
1337616320.27 206.0
1337616320.28 211.0
1337616320.28 212.0
1337616320.29 203.0
1337616320.29 189.0
1337616320.31 202.0
1337616320.31 199.0
1337616320.31 196.0
1337616320.32 214.0
1337616320.32 202.0
1337616320.32 218.0
1337616320.33 200.0
1337616320.33 185.0
1337616320.34 180.0
1337616320.34 152.0
1337616320.35 162.0
1337616320.35 153.0
1337616320.36 151.0
1337616320.36 132.0
1337616320.37 118.0
1337616320.37 123.0
1337616320.39 123.0
1337616320.39 130.0
1337616320.39 134.0
1337616320.4 152.0
1337616320.4 164.0
1337616320.4 158.0
1337616320.41 164.0
1337616320.41 177.0
1337616320.42 172.0
1337616320.42 197.0
1337616320.43 225.0
1337616320.45 230.0
1337616320.45 249.0
1337616320.45 257.0
1337616320.45 286.0
1337616320.46 298.0
1337616320.46 311.0
1337616320.46 342.0
1337616320.47 336.0
1337616320.47 357.0
1337616320.48 357.0
1337616320.48 365.0
1337616320.49 385.0
1337616320.49 379.0
1337616320.5 395.0
1337616320.5 394.0
1337616320.51 394.0
1337616320.52 397.0
1337616320.53 383.0
1337616320.53 377.0
1337616320.53 372.0
1337616320.53 355.0
1337616320.54 340.0
1337616320.54 328.0
1337616320.55 325.0
1337616320.55 311.0
1337616320.56 288.0
1337616320.56 295.0
1337616320.57 266.0
1337616320.57 252.0
1337616320.58 248.0
1337616320.58 221.0
1337616320.59 213.0
1337616320.59 173.0
1337616320.61 178.0
1337616320.61 163.0
1337616320.61 140.0
1337616320.62 140.0
1337616320.62 108.0
1337616320.64 102.0
1337616320.64 68.0
1337616320.64 58.0
1337616320.65 50.0
1337616320.65 40.0
1337616320.65 49.0
1337616320.65 35.0
1337616320.66 21.0
1337616320.66 -3.0
1337616320.67 -32.0
1337616320.67 -49.0
1337616320.68 -52.0
1337616320.7 -77.0
1337616320.7 -105.0
1337616320.7 -122.0
1337616320.7 -138.0
1337616320.71 -169.0
1337616320.71 -197.0
1337616320.72 -207.0
1337616320.72 -243.0
1337616320.72 -271.0
1337616320.73 -273.0
1337616320.73 -302.0
1337616320.74 -332.0
1337616320.75 -349.0
1337616320.75 -369.0
1337616320.75 -397.0
1337616320.76 -428.0
1337616320.78 -437.0
1337616320.78 -453.0
1337616320.78 -469.0
1337616320.78 -453.0
1337616320.78 -468.0
1337616320.79 -489.0
1337616320.79 -497.0
1337616320.8 -530.0
1337616320.8 -546.0
1337616320.81 -554.0
1337616320.81 -571.0
1337616320.82 -592.0
1337616320.82 -596.0
1337616320.83 -591.0
1337616320.83 -611.0
1337616320.84 -621.0
1337616320.85 -607.0
1337616320.87 -612.0
1337616320.87 -618.0
1337616320.87 -589.0
1337616320.87 -592.0
1337616320.87 -613.0
1337616320.88 -592.0
1337616320.88 -594.0
1337616320.88 -600.0
1337616320.89 -597.0
1337616320.9 -592.0
1337616320.9 -588.0
1337616320.91 -587.0
1337616320.91 -555.0
1337616320.91 -545.0
1337616320.92 -541.0
1337616320.92 -511.0
1337616320.93 -515.0
1337616320.94 -515.0
1337616320.94 -487.0
1337616320.95 -502.0
1337616320.95 -503.0
1337616320.95 -475.0
1337616320.96 -468.0
1337616320.96 -461.0
1337616320.97 -451.0
1337616320.97 -432.0
1337616320.98 -436.0
1337616320.98 -436.0
1337616320.99 -405.0
1337616320.99 -401.0
1337616321.0 -415.0
1337616321.0 -384.0
1337616321.01 -385.0
1337616321.01 -395.0
1337616321.02 -367.0
1337616321.02 -385.0
1337616321.03 -386.0
1337616321.04 -377.0
1337616321.04 -378.0
1337616321.04 -362.0
1337616321.05 -358.0
1337616321.05 -348.0
1337616321.06 -355.0
1337616321.06 -361.0
1337616321.07 -344.0
1337616321.07 -363.0
1337616321.08 -375.0
1337616321.08 -342.0
1337616321.09 -364.0
1337616321.09 -371.0
1337616321.1 -356.0
1337616321.1 -369.0
1337616321.11 -379.0
1337616321.11 -380.0
1337616321.12 -370.0
1337616321.12 -376.0
1337616321.13 -379.0
1337616321.14 -381.0
1337616321.14 -395.0
1337616321.15 -406.0
1337616321.15 -399.0
1337616321.15 -409.0
1337616321.16 -414.0
1337616321.16 -392.0
1337616321.17 -410.0
1337616321.17 -428.0
1337616321.18 -398.0
1337616321.18 -419.0
1337616321.19 -440.0
1337616321.19 -418.0
1337616321.2 -429.0
1337616321.2 -439.0
1337616321.21 -435.0
1337616321.21 -431.0
1337616321.23 -445.0
1337616321.23 -460.0
1337616321.23 -452.0
1337616321.23 -466.0
1337616321.24 -481.0
1337616321.24 -483.0
1337616321.25 -517.0
1337616321.25 -530.0
1337616321.26 -521.0
1337616321.26 -554.0
1337616321.27 -560.0
1337616321.27 -545.0
1337616321.28 -581.0
1337616321.28 -607.0
1337616321.29 -589.0
1337616321.29 -601.0
1337616321.3 -627.0
1337616321.3 -627.0
1337616321.31 -630.0
1337616321.31 -646.0
1337616321.33 -654.0
1337616321.33 -656.0
1337616321.33 -668.0
1337616321.33 -689.0
1337616321.34 -674.0
1337616321.34 -683.0
1337616321.35 -697.0
1337616321.35 -685.0
1337616321.36 -721.0
1337616321.36 -725.0
1337616321.37 -715.0
1337616321.37 -749.0
1337616321.38 -758.0
1337616321.38 -745.0
1337616321.39 -763.0
1337616321.39 -771.0
1337616321.4 -763.0
1337616321.4 -767.0
1337616321.41 -770.0
1337616321.42 -763.0
1337616321.42 -743.0
1337616321.42 -763.0
1337616321.43 -779.0
1337616321.43 -749.0
1337616321.44 -750.0
1337616321.44 -755.0
1337616321.45 -721.0
1337616321.45 -731.0
1337616321.46 -730.0
1337616321.46 -690.0
1337616321.47 -694.0
1337616321.47 -685.0
1337616321.48 -680.0
1337616321.48 -685.0
1337616321.49 -670.0
1337616321.49 -643.0
1337616321.51 -635.0
1337616321.51 -627.0
1337616321.51 -614.0
1337616321.51 -597.0
1337616321.52 -589.0
1337616321.52 -579.0
1337616321.53 -526.0
1337616321.53 -529.0
1337616321.54 -523.0
1337616321.54 -463.0
1337616321.55 -458.0
1337616321.55 -458.0
1337616321.56 -417.0
1337616321.56 -412.0
1337616321.57 -389.0
1337616321.57 -383.0
1337616321.58 -381.0
1337616321.59 -368.0
1337616321.59 -378.0
1337616321.59 -341.0
1337616321.59 -329.0
1337616321.6 -306.0
1337616321.61 -286.0
1337616321.61 -302.0
1337616321.62 -271.0
1337616321.62 -239.0
1337616321.63 -231.0
1337616321.63 -202.0
1337616321.64 -165.0
1337616321.64 -132.0
1337616321.65 -126.0
1337616321.65 -100.0
1337616321.66 -58.0
1337616321.66 -57.0
1337616321.68 -47.0
1337616321.68 -20.0
1337616321.68 -29.0
1337616321.68 -47.0
1337616321.69 -11.0
1337616321.69 3.0
1337616321.69 32.0
1337616321.7 57.0
1337616321.7 41.0
1337616321.71 68.0
1337616321.72 75.0
1337616321.72 76.0
1337616321.73 102.0
1337616321.73 99.0
1337616321.73 117.0
1337616321.74 117.0
1337616321.74 115.0
1337616321.75 156.0
1337616321.75 141.0
1337616321.77 134.0
1337616321.77 158.0
1337616321.77 154.0
1337616321.78 145.0
1337616321.78 144.0
1337616321.78 151.0
1337616321.79 134.0
1337616321.79 121.0
1337616321.8 136.0
1337616321.8 124.0
1337616321.81 114.0
1337616321.81 121.0
1337616321.82 116.0
1337616321.82 107.0
1337616321.84 108.0
1337616321.84 84.0
1337616321.85 77.0
1337616321.85 73.0
1337616321.85 66.0
1337616321.86 46.0
1337616321.86 24.0
1337616321.86 39.0
1337616321.87 0.0
1337616321.87 -9.0
1337616321.88 8.0
1337616321.88 -26.0
1337616321.89 -54.0
1337616321.91 -41.0
1337616321.91 -69.0
1337616321.91 -79.0
1337616321.91 -73.0
1337616321.94 -95.0
1337616321.94 -115.0
1337616321.95 -130.0
1337616321.95 -132.0
1337616321.95 -158.0
1337616321.95 -165.0
1337616321.95 -148.0
1337616321.96 -170.0
1337616321.96 -184.0
1337616321.96 -155.0
1337616322.02 -169.0
1337616322.02 -165.0
1337616322.02 -129.0
1337616322.04 -136.0
1337616322.04 -141.0
1337616322.04 -103.0
1337616322.04 -103.0
1337616322.04 -98.0
1337616322.08 -62.0
1337616322.09 -59.0
1337616322.09 -54.0
1337616322.09 -26.0
1337616322.09 -8.0
1337616322.09 -22.0
1337616322.1 -12.0
1337616322.13 20.0
1337616322.13 0.0
1337616322.13 -4.0
1337616322.13 19.0
1337616322.13 5.0
1337616322.13 20.0
1337616322.13 58.0
1337616322.14 44.0
1337616322.14 46.0
1337616322.14 58.0
1337616322.14 45.0
1337616322.14 58.0
1337616322.14 68.0
1337616322.14 48.0
1337616322.14 37.0
1337616322.14 40.0
1337616322.14 34.0
1337616322.14 11.0
1337616322.15 -3.0
1337616322.15 1.0
1337616322.15 -17.0
1337616322.15 -42.0
1337616322.15 -31.0
1337616322.15 -38.0
1337616322.16 -58.0
1337616322.16 -36.0
1337616322.17 -43.0
1337616322.17 -56.0
1337616322.18 -66.0
1337616322.18 -80.0
1337616322.19 -82.0
1337616322.19 -88.0
1337616322.2 -105.0
1337616322.2 -128.0
1337616322.22 -146.0
1337616322.22 -135.0
1337616322.22 -159.0
1337616322.22 -184.0
1337616322.23 -152.0
1337616322.23 -178.0
1337616322.24 -198.0
1337616322.25 -161.0
1337616322.25 -165.0
1337616322.25 -191.0
1337616322.26 -164.0
1337616322.26 -169.0
1337616322.27 -179.0
1337616322.27 -154.0
1337616322.28 -155.0
1337616322.28 -158.0
1337616322.29 -136.0
1337616322.29 -130.0
1337616322.3 -130.0
1337616322.3 -111.0
1337616322.32 -93.0
1337616322.32 -116.0
1337616322.32 -105.0
1337616322.32 -66.0
1337616322.33 -82.0
1337616322.33 -86.0
1337616322.34 -45.0
1337616322.34 -36.0
1337616322.35 -34.0
1337616322.35 20.0
1337616322.36 16.0
1337616322.37 23.0
1337616322.37 54.0
1337616322.37 40.0
1337616322.38 60.0
1337616322.38 85.0
1337616322.39 88.0
1337616322.39 101.0
1337616322.4 126.0
1337616322.4 145.0
1337616322.41 118.0
1337616322.42 121.0
1337616322.42 147.0
1337616322.42 129.0
1337616322.43 128.0
1337616322.43 159.0
1337616322.44 155.0
1337616322.44 162.0
1337616322.45 204.0
1337616322.45 197.0
1337616322.46 216.0
1337616322.46 235.0
1337616322.47 214.0
1337616322.47 242.0
1337616322.48 263.0
1337616322.48 269.0
1337616322.49 279.0
1337616322.5 296.0
1337616322.5 312.0
1337616322.5 311.0
1337616322.51 313.0
1337616322.51 332.0
1337616322.52 333.0
1337616322.52 316.0
1337616322.53 334.0
1337616322.53 335.0
1337616322.54 321.0
1337616322.54 333.0
1337616322.55 321.0
1337616322.56 325.0
1337616322.56 318.0
1337616322.56 320.0
1337616322.57 318.0
1337616322.57 297.0
1337616322.58 319.0
1337616322.58 290.0
1337616322.59 272.0
1337616322.6 290.0
1337616322.6 253.0
1337616322.6 226.0
1337616322.61 242.0
1337616322.61 219.0
1337616322.62 187.0
1337616322.62 199.0
1337616322.63 178.0
1337616322.63 148.0
1337616322.64 150.0
1337616322.64 135.0
1337616322.65 102.0
1337616322.65 87.0
1337616322.66 80.0
1337616322.66 39.0
1337616322.67 21.0
1337616322.67 18.0
1337616322.68 -21.0
1337616322.68 -48.0
1337616322.69 -40.0
1337616322.7 -76.0
1337616322.7 -113.0
1337616322.7 -98.0
1337616322.71 -131.0
1337616322.71 -174.0
1337616322.72 -157.0
1337616322.72 -183.0
1337616322.73 -224.0
1337616322.73 -212.0
1337616322.74 -234.0
1337616322.75 -275.0
1337616322.75 -259.0
1337616322.75 -285.0
1337616322.76 -320.0
1337616322.76 -308.0
1337616322.77 -319.0
1337616322.77 -347.0
1337616322.78 -348.0
1337616322.78 -349.0
1337616322.79 -376.0
1337616322.8 -394.0
1337616322.8 -381.0
1337616322.8 -388.0
1337616322.81 -393.0
1337616322.81 -379.0
1337616322.82 -408.0
1337616322.82 -411.0
1337616322.83 -373.0
1337616322.83 -380.0
1337616322.84 -397.0
1337616322.85 -386.0
1337616322.85 -404.0
1337616322.86 -419.0
1337616322.86 -401.0
1337616322.86 -411.0
1337616322.87 -441.0
1337616322.87 -437.0
1337616322.88 -456.0
1337616322.88 -483.0
1337616322.89 -490.0
1337616322.9 -510.0
1337616322.9 -538.0
1337616322.91 -559.0
1337616322.91 -577.0
1337616322.91 -612.0
1337616322.92 -638.0
1337616322.92 -651.0
1337616322.93 -695.0
1337616322.93 -738.0
1337616322.94 -752.0
1337616322.94 -807.0
1337616322.95 -865.0
1337616322.95 -883.0
1337616322.97 -943.0
1337616322.97 -1001.0
1337616322.97 -1018.0
1337616322.97 -1073.0
1337616322.98 -1140.0
1337616322.98 -1188.0
1337616322.98 -1248.0
1337616322.99 -1312.0
1337616322.99 -1330.0
1337616323.0 -1391.0
1337616323.01 -1479.0
1337616323.02 -1491.0
1337616323.02 -1545.0
1337616323.02 -1624.0
1337616323.03 -1647.0
1337616323.03 -1707.0
1337616323.04 -1779.0
1337616323.04 -1802.0
1337616323.05 -1855.0
1337616323.05 -1934.0
1337616323.06 -1967.0
1337616323.06 -2029.0
1337616323.07 -2103.0
1337616323.08 -2118.0
1337616323.1 -2170.0
1337616323.1 -2247.0
1337616323.11 -2275.0
1337616323.11 -2324.0
1337616323.11 -2397.0
1337616323.11 -2424.0
1337616323.11 -2469.0
1337616323.12 -2543.0
1337616323.12 -2586.0
1337616323.12 -2631.0
1337616323.13 -2695.0
1337616323.13 -2722.0
1337616323.14 -2760.0
1337616323.14 -2828.0
1337616323.15 -2874.0
1337616323.15 -2913.0
1337616323.18 -2976.0
1337616323.18 -3021.0
1337616323.18 -3042.0
1337616323.19 -3102.0
1337616323.19 -3158.0
1337616323.2 -3181.0
1337616323.2 -3243.0
1337616323.2 -3295.0
1337616323.2 -3313.0
1337616323.21 -3375.0
1337616323.21 -3426.0
1337616323.21 -3439.0
1337616323.22 -3499.0
1337616323.22 -3556.0
1337616323.24 -3571.0
1337616323.24 -3625.0
1337616323.24 -3687.0
1337616323.24 -3682.0
1337616323.25 -3725.0
1337616323.25 -3783.0
1337616323.25 -3775.0
1337616323.26 -3826.0
1337616323.26 -3873.0
1337616323.27 -3858.0
1337616323.29 -3892.0
1337616323.29 -3931.0
1337616323.29 -3910.0
1337616323.29 -3937.0
1337616323.3 -3972.0
1337616323.3 -3933.0
1337616323.31 -3939.0
1337616323.31 -3965.0
1337616323.31 -3920.0
1337616323.32 -3923.0
1337616323.32 -3931.0
1337616323.33 -3871.0
1337616323.33 -3858.0
1337616323.34 -3841.0
1337616323.34 -3768.0
1337616323.35 -3728.0
1337616323.35 -3704.0
1337616323.36 -3633.0
1337616323.36 -3588.0
1337616323.37 -3565.0
1337616323.37 -3491.0
1337616323.38 -3436.0
1337616323.4 -3410.0
1337616323.4 -3340.0
1337616323.4 -3278.0
1337616323.4 -3229.0
1337616323.41 -3137.0
1337616323.41 -3058.0
1337616323.41 -3015.0
1337616323.42 -2937.0
1337616323.42 -2843.0
1337616323.43 -2790.0
1337616323.43 -2704.0
1337616323.45 -2615.0
1337616323.45 -2555.0
1337616323.45 -2472.0
1337616323.45 -2356.0
1337616323.46 -2281.0
1337616323.46 -2193.0
1337616323.47 -2079.0
1337616323.47 -1998.0
1337616323.48 -1890.0
1337616323.48 -1752.0
1337616323.5 -1670.0
1337616323.5 -1583.0
1337616323.5 -1436.0
1337616323.51 -1348.0
1337616323.51 -1243.0
1337616323.51 -1104.0
1337616323.52 -1005.0
1337616323.52 -900.0
1337616323.53 -761.0
1337616323.53 -666.0
1337616323.55 -549.0
1337616323.55 -420.0
1337616323.55 -325.0
1337616323.56 -210.0
1337616323.56 -94.0
1337616323.56 13.0
1337616323.57 110.0
1337616323.57 232.0
1337616323.58 347.0
1337616323.59 452.0
1337616323.59 562.0
1337616323.6 716.0
1337616323.6 848.0
1337616323.6 977.0
1337616323.61 1161.0
1337616323.61 1288.0
1337616323.62 1425.0
1337616323.62 1565.0
1337616323.63 1694.0
1337616323.63 1831.0
1337616323.64 1956.0
1337616323.65 2092.0
1337616323.65 2182.0
1337616323.65 2321.0
1337616323.66 2450.0
1337616323.66 2528.0
1337616323.68 2664.0
1337616323.68 2774.0
1337616323.68 2864.0
1337616323.69 2966.0
1337616323.69 3096.0
1337616323.69 3181.0
1337616323.7 3265.0
1337616323.7 3408.0
1337616323.72 3471.0
1337616323.72 3545.0
1337616323.72 3650.0
1337616323.73 3701.0
1337616323.73 3777.0
1337616323.73 3850.0
1337616323.74 3903.0
1337616323.74 3962.0
1337616323.75 4010.0
1337616323.75 4051.0
1337616323.76 4094.0
1337616323.76 4138.0
1337616323.77 4178.0
1337616323.77 4221.0
1337616323.78 4253.0
1337616323.78 4287.0
1337616323.79 4311.0
1337616323.79 4314.0
1337616323.8 4334.0
1337616323.82 4343.0
1337616323.82 4328.0
1337616323.82 4337.0
1337616323.82 4351.0
1337616323.82 4310.0
1337616323.83 4298.0
1337616323.83 4304.0
1337616323.84 4238.0
1337616323.84 4194.0
1337616323.85 4168.0
1337616323.85 4116.0
1337616323.86 4057.0
1337616323.86 4049.0
1337616323.87 4001.0
1337616323.88 3946.0
1337616323.88 3916.0
1337616323.88 3828.0
1337616323.89 3770.0
1337616323.89 3714.0
1337616323.9 3654.0
1337616323.9 3597.0
1337616323.91 3562.0
1337616323.91 3506.0
1337616323.92 3420.0
1337616323.93 3401.0
1337616323.93 3365.0
1337616323.93 3283.0
1337616323.94 3254.0
1337616323.94 3225.0
1337616323.95 3149.0
1337616323.95 3093.0
1337616323.96 3049.0
1337616323.96 2975.0
1337616323.97 2934.0
1337616323.98 2910.0
1337616323.98 2854.0
1337616323.98 2819.0
1337616323.99 2782.0
1337616324.0 2722.0
1337616324.0 2688.0
1337616324.0 2641.0
1337616324.01 2561.0
1337616324.01 2512.0
1337616324.02 2476.0
1337616324.03 2414.0
1337616324.04 2342.0
1337616324.04 2304.0
1337616324.04 2251.0
1337616324.04 2177.0
1337616324.05 2127.0
1337616324.05 2066.0
1337616324.06 2002.0
1337616324.06 1945.0
1337616324.07 1892.0
1337616324.07 1830.0
1337616324.08 1763.0
1337616324.08 1696.0
1337616324.09 1630.0
1337616324.1 1561.0
1337616324.1 1493.0
1337616324.1 1426.0
1337616324.11 1326.0
1337616324.11 1276.0
1337616324.12 1217.0
1337616324.12 1119.0
1337616324.13 1078.0
1337616324.13 1009.0
1337616324.14 905.0
1337616324.15 854.0
1337616324.15 786.0
1337616324.15 689.0
1337616324.16 631.0
1337616324.16 563.0
1337616324.17 467.0
1337616324.17 409.0
1337616324.18 358.0
1337616324.18 243.0
1337616324.2 195.0
1337616324.2 149.0
1337616324.2 32.0
1337616324.2 -8.0
1337616324.21 -56.0
1337616324.21 -144.0
1337616324.22 -191.0
1337616324.23 -252.0
1337616324.23 -315.0
1337616324.23 -351.0
1337616324.24 -400.0
1337616324.24 -449.0
1337616324.25 -494.0
1337616324.25 -533.0
1337616324.29 -591.0
1337616324.3 -628.0
1337616324.3 -636.0
1337616324.31 -689.0
1337616324.31 -741.0
1337616324.31 -745.0
1337616324.32 -767.0
1337616324.32 -811.0
1337616324.32 -817.0
1337616324.32 -845.0
1337616324.35 -870.0
1337616324.35 -861.0
1337616324.35 -866.0
1337616324.35 -876.0
1337616324.35 -878.0
1337616324.35 -889.0
1337616324.35 -902.0
1337616324.35 -872.0
1337616324.35 -861.0
1337616324.35 -914.0
1337616324.37 -904.0
1337616324.37 -894.0
1337616324.37 -928.0
1337616324.37 -905.0
1337616324.38 -914.0
1337616324.38 -942.0
1337616324.39 -937.0
1337616324.39 -948.0
1337616324.39 -957.0
1337616324.4 -950.0
1337616324.42 -950.0
1337616324.42 -952.0
1337616324.42 -936.0
1337616324.42 -918.0
1337616324.44 -936.0
1337616324.44 -947.0
1337616324.47 -921.0
1337616324.47 -916.0
1337616324.47 -920.0
1337616324.47 -896.0
1337616324.47 -909.0
1337616324.47 -915.0
1337616324.47 -887.0
1337616324.47 -894.0
1337616324.48 -890.0
1337616324.48 -886.0
1337616324.49 -908.0
1337616324.49 -912.0
1337616324.5 -884.0
1337616324.5 -874.0
1337616324.51 -898.0
1337616324.51 -887.0
1337616324.52 -884.0
1337616324.52 -890.0
