1337616311.04 33.5140151978
1337616311.05 34.1963500977
1337616311.06 33.8527336121
1337616311.06 33.5201873779
1337616311.08 33.5168151855
1337616311.08 32.0758705139
1337616311.08 31.2349071503
1337616311.08 31.9678554535
1337616311.08 28.9259204865
1337616311.09 23.9143619537
1337616311.09 21.2373809814
1337616311.1 17.8865795135
1337616311.1 16.6727600098
1337616311.1 17.0367259979
1337616311.11 15.5781478882
1337616311.12 11.876001358
1337616311.12 13.3492498398
1337616311.13 14.2190437317
1337616311.13 13.9807415009
1337616311.14 16.2635288239
1337616311.14 14.3212480545
1337616311.15 12.5305624008
1337616311.15 13.9989233017
1337616311.17 12.4112997055
1337616311.19 9.95638465881
1337616311.19 10.0773410797
1337616311.19 10.646071434
1337616311.19 8.22460842133
1337616311.2 9.0875377655
1337616311.2 9.86597537994
1337616311.2 5.97472810745
1337616311.2 8.15150165558
1337616311.21 10.3692340851
1337616311.21 8.17414569855
1337616311.21 9.31832885742
1337616311.21 9.70927524567
1337616311.22 7.78036975861
1337616311.23 11.3818597794
1337616311.23 12.14158535
1337616311.23 9.20592784882
1337616311.24 8.80028820038
1337616311.25 8.90001869202
1337616311.25 5.93513727188
1337616311.28 4.98858308792
1337616311.28 3.09922027588
1337616311.3 -0.822056055069
1337616311.3 -0.789688289165
1337616311.3 1.8112860918
1337616311.3 1.03070604801
1337616311.3 1.47060346603
1337616311.31 1.01500141621
1337616311.31 -0.978856444359
1337616311.31 -0.527310848236
1337616311.31 -0.670494139194
1337616311.31 -1.98882389069
1337616311.31 -3.1094455719
1337616311.32 3.84495472908
1337616311.32 8.23935985565
1337616311.33 12.3857212067
1337616311.34 18.4356765747
1337616311.34 22.4277019501
1337616311.34 22.4030284882
1337616311.35 25.9575614929
1337616311.37 25.857503891
1337616311.37 23.8535480499
1337616311.37 23.2300262451
1337616311.37 14.7702083588
1337616311.38 7.71277427673
1337616311.38 3.90276026726
1337616311.38 -2.53958415985
1337616311.39 -6.4174156189
1337616311.39 -7.56853866577
1337616311.4 -9.26398181915
1337616311.4 -11.7027835846
1337616311.41 -10.9784965515
1337616311.41 -12.649559021
1337616311.42 -10.5019187927
1337616311.43 -5.87583112717
1337616311.43 -1.69297432899
1337616311.43 1.96147751808
1337616311.44 3.65224885941
1337616311.44 3.51600885391
1337616311.45 4.0695734024
1337616311.47 6.48985385895
1337616311.47 7.39115190506
1337616311.47 7.57446050644
1337616311.47 8.09523487091
1337616311.48 9.70707511902
1337616311.48 10.6783285141
1337616311.48 11.0297393799
1337616311.49 9.95440101624
1337616311.49 8.7021150589
1337616311.5 6.94859695435
1337616311.5 6.49774646759
1337616311.51 5.80528354645
1337616311.51 3.55054211617
1337616311.52 0.309671759605
1337616311.52 -2.10538363457
1337616311.53 -3.06139779091
1337616311.53 -1.79591977596
1337616311.54 -0.788121342659
1337616311.54 -0.832374632359
1337616311.55 -2.30756521225
1337616311.57 -2.15206408501
1337616311.57 -2.55440950394
1337616311.57 -0.882194578648
1337616311.57 4.98171377182
1337616311.57 6.94730901718
1337616311.58 8.96806049347
1337616311.58 11.1664972305
1337616311.59 15.220079422
1337616311.59 17.7885379791
1337616311.6 18.2593593597
1337616311.6 18.879940033
1337616311.61 16.1026859283
1337616311.61 15.0103158951
1337616311.62 17.1603832245
1337616311.62 16.4601631165
1337616311.63 17.367099762
1337616311.63 14.84923172
1337616311.65 10.821310997
1337616311.65 10.893901825
1337616311.65 11.5940961838
1337616311.66 9.35557842255
1337616311.66 7.62314367294
1337616311.66 7.07401609421
1337616311.67 6.06134080887
1337616311.67 6.53119754791
1337616311.68 7.55894088745
1337616311.68 5.77481365204
1337616311.69 1.87026047707
1337616311.69 3.70827317238
1337616311.7 5.38803052902
1337616311.7 5.79013109207
1337616311.71 6.96023225784
1337616311.71 7.25438451767
1337616311.72 5.87088918686
1337616311.73 9.37240695953
1337616311.74 10.9322099686
1337616311.74 8.16684913635
1337616311.74 9.04961013794
1337616311.74 10.5214977264
1337616311.75 8.45481204987
1337616311.75 11.9635572433
1337616311.76 14.8630523682
1337616311.76 11.1145439148
1337616311.77 10.6889619827
1337616311.77 10.3195390701
1337616311.78 7.19036436081
1337616311.78 8.15084457397
1337616311.79 11.2035827637
1337616311.79 10.4448471069
1337616311.8 10.8933858871
1337616311.8 9.70331287384
1337616311.82 8.95250415802
1337616311.82 9.3693857193
1337616311.82 11.5746526718
1337616311.82 10.3688526154
1337616311.83 8.00830173492
1337616311.83 9.79413127899
1337616311.84 11.4934577942
1337616311.84 10.8623447418
1337616311.85 13.3206205368
1337616311.85 14.2515172958
1337616311.86 11.461476326
1337616311.86 13.7615213394
1337616311.87 14.8477735519
1337616311.87 12.9949398041
1337616311.88 14.1239786148
1337616311.88 15.3120965958
1337616311.9 15.2379665375
1337616311.9 18.0975322723
1337616311.9 18.2057189941
1337616311.9 15.816488266
1337616311.91 14.7911672592
1337616311.91 14.308306694
1337616311.92 11.8823060989
1337616311.92 9.4960269928
1337616311.93 9.5013666153
1337616311.93 6.35021400452
1337616311.94 4.05782651901
1337616311.94 5.26890325546
1337616311.95 3.74916982651
1337616311.95 2.08681416512
1337616311.96 3.77595186234
1337616311.96 3.1539709568
1337616311.97 4.99011611938
1337616311.97 6.65473556519
1337616311.98 7.8513712883
1337616311.98 10.6396894455
1337616312.0 13.5021133423
1337616312.0 14.0816802979
1337616312.0 14.7018651962
1337616312.01 15.23691082
1337616312.01 14.8791589737
1337616312.01 14.389210701
1337616312.02 13.6489305496
1337616312.02 14.3141717911
1337616312.03 13.4867200851
1337616312.03 12.4340610504
1337616312.04 13.7840948105
1337616312.04 14.4189720154
1337616312.05 13.5229597092
1337616312.05 14.6389608383
1337616312.06 14.1986675262
1337616312.06 13.9647064209
1337616312.07 13.3981752396
1337616312.09 12.3053970337
1337616312.09 12.9348230362
1337616312.09 13.5827560425
1337616312.09 12.4508724213
1337616312.09 13.0748577118
1337616312.1 12.7511844635
1337616312.1 11.4623088837
1337616312.11 12.202580452
1337616312.11 10.9972896576
1337616312.12 11.8077898026
1337616312.12 12.668381691
1337616312.13 11.4004650116
1337616312.13 12.5447177887
1337616312.14 14.906542778
1337616312.14 14.8514451981
1337616312.15 14.7823791504
1337616312.15 16.1687469482
1337616312.17 16.4074573517
1337616312.17 13.958363533
1337616312.18 15.6577272415
1337616312.18 17.2650146484
1337616312.18 16.4919910431
1337616312.18 19.2745323181
1337616312.19 17.9845924377
1337616312.19 14.645573616
1337616312.2 16.1076221466
1337616312.2 17.2352218628
1337616312.21 17.1893119812
1337616312.22 20.6454334259
1337616312.22 21.7786960602
1337616312.22 20.3713226318
1337616312.23 21.9708194733
1337616312.23 23.6035614014
1337616312.24 21.6623153687
1337616312.24 22.0092086792
1337616312.25 21.5675239563
1337616312.26 20.7298126221
1337616312.26 20.3023986816
1337616312.27 22.9153804779
1337616312.27 22.8956775665
1337616312.27 21.7283992767
1337616312.28 22.5334072113
1337616312.28 21.727148056
1337616312.29 21.1957798004
1337616312.29 23.8892459869
1337616312.3 25.5042915344
1337616312.3 23.4494285583
1337616312.31 24.203710556
1337616312.31 25.3635692596
1337616312.32 23.0190811157
1337616312.32 23.8502693176
1337616312.33 23.201253891
1337616312.33 18.7759895325
1337616312.34 21.2080192566
1337616312.35 23.6489944458
1337616312.35 21.2242698669
1337616312.35 23.1175308228
1337616312.37 25.1563949585
1337616312.37 23.764503479
1337616312.37 26.9586372375
1337616312.37 29.9773674011
1337616312.38 29.9230003357
1337616312.38 30.8330020905
1337616312.39 32.0655899048
1337616312.39 31.251953125
1337616312.4 31.3572101593
1337616312.41 32.4070701599
1337616312.41 31.9370689392
1337616312.41 30.6217384338
1337616312.42 29.4930877686
1337616312.43 26.7443714142
1337616312.43 26.435125351
1337616312.43 29.3622875214
1337616312.44 29.7066135406
1337616312.44 27.404253006
1337616312.45 27.3168029785
1337616312.48 27.3090209961
1337616312.48 28.4495296478
1337616312.48 30.340845108
1337616312.48 27.0493373871
1337616312.48 23.1835861206
1337616312.48 21.5325660706
1337616312.49 22.6881198883
1337616312.49 24.3258132935
1337616312.49 23.5037174225
1337616312.5 21.6852302551
1337616312.5 22.050945282
1337616312.51 21.7671356201
1337616312.51 21.9881629944
1337616312.51 21.3984851837
1337616312.52 20.7949905396
1337616312.52 20.5324306488
1337616312.53 22.0009346008
1337616312.53 22.1660346985
1337616312.55 21.0935821533
1337616312.55 21.515958786
1337616312.55 19.0059490204
1337616312.56 17.2619628906
1337616312.56 19.2563610077
1337616312.56 17.6743774414
1337616312.57 16.0623035431
1337616312.57 16.9826641083
1337616312.58 15.6758403778
1337616312.58 13.8933506012
1337616312.59 14.8662042618
1337616312.59 13.6062059402
1337616312.6 12.2157897949
1337616312.6 14.8213729858
1337616312.61 15.5626554489
1337616312.62 12.9025201797
1337616312.63 13.4947938919
1337616312.63 11.7073707581
1337616312.63 9.19426345825
1337616312.64 13.0004825592
1337616312.64 14.4170703888
1337616312.64 12.4978532791
1337616312.65 11.249578476
1337616312.65 10.2833471298
1337616312.66 8.23719024658
1337616312.66 9.40809440613
1337616312.67 9.13309574127
1337616312.67 6.54455280304
1337616312.68 6.61390256882
1337616312.68 9.50608825684
1337616312.69 9.43416595459
1337616312.69 11.0749826431
1337616312.7 10.7984666824
1337616312.72 7.4561958313
1337616312.72 7.15114831924
1337616312.72 8.43931674957
1337616312.72 6.94993209839
1337616312.73 5.27803611755
1337616312.73 4.69013261795
1337616312.73 5.41611003876
1337616312.74 5.85104513168
1337616312.74 8.6108789444
1337616312.75 8.92329025269
1337616312.75 7.4993853569
1337616312.76 8.51643180847
1337616312.76 8.57734012604
1337616312.77 7.57493591309
1337616312.78 8.74245262146
1337616312.78 6.94363927841
1337616312.8 2.3420176506
1337616312.8 3.07909631729
1337616312.8 3.75919175148
1337616312.8 0.918388187885
1337616312.81 0.488860040903
1337616312.81 -1.91526401043
1337616312.81 -5.32228040695
1337616312.82 -4.30216646194
1337616312.83 -2.31508827209
1337616312.83 -1.8875027895
1337616312.83 -1.11399745941
1337616312.84 0.572377204895
1337616312.84 1.07881999016
1337616312.85 4.85109376907
1337616312.85 8.6265335083
1337616312.86 9.22458171844
1337616312.86 9.92071533203
1337616312.88 12.4501905441
1337616312.88 13.9077892303
1337616312.89 13.7815580368
1337616312.89 15.9980716705
1337616312.89 16.6156101227
1337616312.9 15.1375226974
1337616312.9 15.462184906
1337616312.9 12.9504547119
1337616312.91 10.5179729462
1337616312.91 11.0838117599
1337616312.92 10.5054998398
1337616312.92 12.0546293259
1337616312.93 13.0339689255
1337616312.93 13.9731702805
1337616312.94 15.8064517975
1337616312.94 17.5500774384
1337616312.95 17.7335205078
1337616312.97 16.8371315002
1337616312.97 16.7200298309
1337616312.97 17.6175746918
1337616312.97 16.7509746552
1337616312.97 16.3948631287
1337616312.98 16.7028656006
1337616312.98 18.3814163208
1337616312.99 17.0075302124
1337616312.99 15.2523384094
1337616313.0 14.759308815
1337616313.0 14.42436409
1337616313.01 14.9071016312
1337616313.01 15.8916864395
1337616313.02 14.62114048
1337616313.02 9.27615451813
1337616313.03 8.01051712036
1337616313.04 7.20217084885
1337616313.04 6.56848430634
1337616313.05 7.35809803009
1337616313.05 3.64331698418
1337616313.06 -0.0354344770312
1337616313.06 1.51606619358
1337616313.06 1.33936166763
1337616313.07 0.687145531178
1337616313.07 2.43945789337
1337616313.08 2.90635585785
1337616313.08 0.400826632977
1337616313.09 1.93461799622
1337616313.09 2.85433769226
1337616313.1 -0.206535115838
1337616313.1 1.57902538776
1337616313.11 2.92024111748
1337616313.11 1.03492176533
1337616313.13 2.46225261688
1337616313.13 1.66580200195
1337616313.13 0.463632196188
1337616313.14 4.50466108322
1337616313.14 6.58008575439
1337616313.14 5.96623086929
1337616313.15 6.05988931656
1337616313.15 7.89990568161
1337616313.16 6.01147603989
1337616313.16 5.82364654541
1337616313.17 5.84251451492
1337616313.17 1.76385378838
1337616313.18 1.31304383278
1337616313.18 2.79615235329
1337616313.19 2.14756846428
1337616313.19 0.679218709469
1337616313.2 -3.04151511192
1337616313.21 -6.06893348694
1337616313.22 -7.57528018951
1337616313.22 -5.41046190262
1337616313.22 -5.30768537521
1337616313.22 -7.7718834877
1337616313.23 -6.83703327179
1337616313.23 -3.91924643517
1337616313.24 -2.08856678009
1337616313.24 4.01421785355
1337616313.25 6.88519668579
1337616313.25 6.07476902008
1337616313.26 10.0256986618
1337616313.26 12.1808128357
1337616313.27 13.0444898605
1337616313.27 14.0126371384
1337616313.28 11.4317569733
1337616313.29 9.46864414215
1337616313.3 9.93445491791
1337616313.3 10.3707408905
1337616313.3 7.03698778152
1337616313.3 3.73105978966
1337616313.31 0.943602621555
1337616313.31 -0.796856105328
1337616313.32 -0.362358689308
1337616313.32 0.0407890044153
1337616313.33 -2.87809610367
1337616313.33 -5.74861288071
1337616313.34 -7.29161405563
1337616313.34 -7.19371986389
1337616313.35 -6.77621793747
1337616313.35 -7.2539601326
1337616313.36 -7.92468643188
1337616313.36 -8.33507537842
1337616313.37 -5.53253030777
1337616313.37 -0.608309626579
1337616313.38 0.634616971016
1337616313.4 1.45278358459
1337616313.4 3.79789710045
1337616313.4 4.90356779099
1337616313.4 7.20338726044
1337616313.4 8.04703617096
1337616313.41 6.61537742615
1337616313.41 6.15230226517
1337616313.42 8.01808547974
1337616313.42 8.33721923828
1337616313.43 8.20328712463
1337616313.43 9.32335948944
1337616313.44 9.33003997803
1337616313.45 8.71092605591
1337616313.45 11.94576931
1337616313.45 12.5727233887
1337616313.46 12.8329668045
1337616313.46 14.2582979202
1337616313.47 14.5622205734
1337616313.48 13.1934967041
1337616313.48 11.4580545425
1337616313.5 11.5428228378
1337616313.5 10.0076971054
1337616313.5 11.0169487
1337616313.5 12.3721532822
1337616313.51 11.4839725494
1337616313.51 12.5776262283
1337616313.51 13.6679058075
1337616313.53 12.121295929
1337616313.53 12.0937280655
1337616313.53 13.4498500824
1337616313.53 14.9374885559
1337616313.54 14.0313367844
1337616313.54 15.5260744095
1337616313.55 15.8760404587
1337616313.55 15.6949968338
1337616313.56 20.1308765411
1337616313.57 22.5171947479
1337616313.58 23.171869278
1337616313.58 25.5066261292
1337616313.58 26.8482456207
1337616313.6 28.3074321747
1337616313.6 32.3316192627
1337616313.6 32.9456367493
1337616313.6 30.3556251526
1337616313.61 31.6547889709
1337616313.61 33.2955513
1337616313.61 29.6259536743
1337616313.62 28.5738639832
1337616313.62 28.1575069427
1337616313.64 25.0744724274
1337616313.64 28.746465683
1337616313.64 31.6169013977
1337616313.65 28.3279018402
1337616313.66 28.6611480713
1337616313.66 30.0566291809
1337616313.66 30.8976345062
1337616313.66 35.0950546265
1337616313.67 39.1126594543
1337616313.67 36.908000946
1337616313.68 38.1713676453
1337616313.69 41.9294395447
1337616313.72 42.3971290588
1337616313.72 44.3066444397
1337616313.72 47.1083183289
1337616313.72 47.0047187805
1337616313.72 47.5793762207
1337616313.73 51.6653556824
1337616313.73 50.6477661133
1337616313.73 48.2463531494
1337616313.73 46.6681518555
1337616313.73 44.134147644
1337616313.74 41.259223938
1337616313.74 41.0714035034
1337616313.75 39.4403533936
1337616313.75 36.8434753418
1337616313.76 37.4266090393
1337616313.76 37.21459198
1337616313.77 39.3044052124
1337616313.77 44.0541343689
1337616313.78 47.9518852234
1337616313.78 47.3368453979
1337616313.8 49.0771751404
1337616313.8 52.3534202576
1337616313.8 52.0646018982
1337616313.8 59.4402122498
1337616313.81 67.7754135132
1337616313.81 73.8152084351
1337616313.82 75.872718811
1337616313.82 78.6813201904
1337616313.83 78.4837646484
1337616313.83 75.8307418823
1337616313.84 76.0657119751
1337616313.84 74.3071746826
1337616313.85 72.4706802368
1337616313.85 72.0261383057
1337616313.86 69.1920928955
1337616313.86 67.8179779053
1337616313.87 66.1871337891
1337616313.87 61.8383178711
1337616313.88 58.0049934387
1337616313.88 55.7317657471
1337616313.89 55.1084899902
1337616313.89 55.774356842
1337616313.9 55.4254188538
1337616313.91 52.5858726501
1337616313.92 51.6542015076
1337616313.92 53.236125946
1337616313.92 54.9057655334
1337616313.92 58.1598587036
1337616313.93 58.2032966614
1337616313.93 58.2899856567
1337616313.94 60.9666557312
1337616313.94 62.3281860352
1337616313.95 61.3853759766
1337616313.95 62.1755561829
1337616313.96 60.5350418091
1337616313.96 58.7267227173
1337616313.97 58.1198043823
1337616313.97 56.8314247131
1337616313.98 54.3941116333
1337616313.98 52.7297134399
1337616313.99 49.8097190857
1337616313.99 45.9173583984
1337616314.0 42.7629814148
1337616314.01 39.910484314
1337616314.01 36.8659553528
1337616314.02 36.0908470154
1337616314.02 36.1845474243
1337616314.02 33.6594085693
1337616314.03 31.6090354919
1337616314.03 32.2207260132
1337616314.04 32.2126502991
1337616314.04 31.3092861176
1337616314.05 31.5142745972
1337616314.05 30.1327800751
1337616314.05 25.9443206787
1337616314.06 26.6954841614
1337616314.06 28.7665710449
1337616314.07 24.5929145813
1337616314.08 23.3497867584
1337616314.08 20.1973495483
1337616314.1 15.6485290527
1337616314.1 16.0155487061
1337616314.1 14.5939254761
1337616314.1 8.29310894012
1337616314.11 5.86848831177
1337616314.11 5.40046024323
1337616314.12 3.8819360733
1337616314.12 5.44260454178
1337616314.13 6.79485082626
1337616314.13 4.15195703506
1337616314.14 4.65302228928
1337616314.14 8.82613277435
1337616314.15 11.7660493851
1337616314.15 11.402384758
1337616314.16 13.0799369812
1337616314.16 13.1789550781
1337616314.18 9.56745433807
1337616314.18 8.90195941925
1337616314.18 6.49467945099
1337616314.18 3.7339015007
1337616314.19 1.04531466961
1337616314.19 0.330420672894
1337616314.19 -1.66957819462
1337616314.2 -1.26143920422
1337616314.2 -1.61178469658
1337616314.21 -3.74779772758
1337616314.21 -3.67789506912
1337616314.22 -2.62084126472
1337616314.23 -3.10455298424
1337616314.23 -5.8155298233
1337616314.23 -7.17221498489
1337616314.24 -8.62495231628
1337616314.25 -8.84306621552
1337616314.25 -6.6333155632
1337616314.25 -7.8126912117
1337616314.26 -10.0455055237
1337616314.28 -11.2575492859
1337616314.28 -10.3558473587
1337616314.28 -8.7388343811
1337616314.28 -8.35135269165
1337616314.29 -9.83450126648
1337616314.29 -11.2629394531
1337616314.29 -11.4173154831
1337616314.3 -8.20370864868
1337616314.3 -4.84799766541
1337616314.31 -5.29511880875
1337616314.31 -6.48172235489
1337616314.32 -4.27711677551
1337616314.33 -3.10581707954
1337616314.33 -4.10889148712
1337616314.33 -4.08747053146
1337616314.34 -5.66805267334
1337616314.34 -7.53316020966
1337616314.35 -4.79921627045
1337616314.35 -3.41987705231
1337616314.36 -4.54411363602
1337616314.36 -2.59707093239
1337616314.38 -1.96583902836
1337616314.38 -2.59277009964
1337616314.38 1.83372974396
1337616314.39 2.64590811729
1337616314.39 0.982424914837
1337616314.39 4.49580192566
1337616314.4 7.84994220734
1337616314.4 9.06204223633
1337616314.41 11.8298883438
1337616314.42 14.0932426453
1337616314.42 13.5598869324
1337616314.42 14.0249471664
1337616314.43 16.2676677704
1337616314.43 16.1645946503
1337616314.44 13.2878551483
1337616314.45 12.8860912323
1337616314.46 12.5838623047
1337616314.46 10.5152950287
1337616314.46 12.1127243042
1337616314.46 11.0254106522
1337616314.47 7.79851150513
1337616314.47 9.17955589294
1337616314.48 9.88564014435
1337616314.48 8.32016849518
1337616314.49 9.93555450439
1337616314.49 11.0033559799
1337616314.5 9.68145561218
1337616314.5 11.2470703125
1337616314.51 12.8048400879
1337616314.51 12.9907493591
1337616314.52 14.2248287201
1337616314.52 18.8612670898
1337616314.53 21.5884571075
1337616314.53 24.1950969696
1337616314.54 27.5550136566
1337616314.54 29.2704353333
1337616314.56 30.3041610718
1337616314.56 33.3633880615
1337616314.56 35.4386558533
1337616314.56 33.2598953247
1337616314.57 33.4723510742
1337616314.57 34.4253921509
1337616314.58 32.750164032
1337616314.58 32.4017486572
1337616314.59 32.7343978882
1337616314.59 31.8452892303
1337616314.6 32.3733940125
1337616314.6 33.935256958
1337616314.61 33.741268158
1337616314.61 31.8543567657
1337616314.62 31.8254127502
1337616314.63 31.7633495331
1337616314.63 32.7944641113
1337616314.65 34.2489891052
1337616314.65 32.8641357422
1337616314.65 33.1383895874
1337616314.65 33.6877174377
1337616314.66 32.6505737305
1337616314.66 31.7492389679
1337616314.66 28.8297576904
1337616314.67 28.7767868042
1337616314.68 28.4349842072
1337616314.68 30.9997062683
1337616314.68 33.2636947632
1337616314.69 32.7878646851
1337616314.69 32.6735343933
1337616314.7 33.5983314514
1337616314.71 35.9693717957
1337616314.71 36.30809021
1337616314.71 32.7562942505
1337616314.72 30.2392101288
1337616314.72 30.0778808594
1337616314.75 31.730047226
1337616314.75 33.0439109802
1337616314.75 33.9191894531
1337616314.75 32.2263259888
1337616314.75 30.7544612885
1337616314.75 33.2487258911
1337616314.76 33.8648109436
1337616314.76 26.5209159851
1337616314.77 21.2625923157
1337616314.77 16.1699562073
1337616314.78 17.1864967346
1337616314.78 20.8590431213
1337616314.79 23.0936927795
1337616314.79 21.3475856781
1337616314.8 21.8263225555
1337616314.8 22.4631195068
1337616314.81 20.1982803345
1337616314.82 17.739025116
1337616314.82 19.302274704
1337616314.82 18.2253646851
1337616314.85 20.074382782
1337616314.85 22.4477443695
1337616314.85 22.8207263947
1337616314.85 21.9731636047
1337616314.85 21.6712665558
1337616314.85 20.9147720337
1337616314.86 15.623585701
1337616314.86 15.0336637497
1337616314.87 13.8034477234
1337616314.87 10.3543109894
1337616314.88 12.8064374924
1337616314.88 13.425822258
1337616314.89 11.3622570038
1337616314.89 13.6196317673
1337616314.9 14.5413856506
1337616314.9 13.4698991776
1337616314.91 13.5469436646
1337616314.91 13.472243309
1337616314.93 11.7542953491
1337616314.93 8.58686828613
1337616314.93 8.65164089203
1337616314.93 5.94971895218
1337616314.94 1.87930011749
1337616314.94 3.54695606232
1337616314.95 4.47617912292
1337616314.95 4.28052043915
1337616314.96 1.89322686195
1337616314.96 0.49416449666
1337616314.97 -0.0801773741841
1337616314.97 -0.138271704316
1337616314.98 1.26116359234
1337616314.98 0.463445514441
1337616314.99 2.34092783928
1337616314.99 3.18408489227
1337616315.01 2.99498343468
1337616315.01 3.24891614914
1337616315.01 2.64074897766
1337616315.01 1.64760816097
1337616315.02 1.58452427387
1337616315.02 3.81503486633
1337616315.03 2.06459450722
1337616315.03 0.95951128006
1337616315.04 0.746960759163
1337616315.04 0.839439272881
1337616315.05 2.46073198318
1337616315.05 2.2964656353
1337616315.06 5.59513998032
1337616315.06 8.6543970108
1337616315.07 8.80111217499
1337616315.07 9.42246437073
1337616315.08 8.47753047943
1337616315.09 8.73808383942
1337616315.1 9.23093128204
1337616315.1 12.8509988785
1337616315.1 16.6298999786
1337616315.1 20.8482322693
1337616315.11 24.0110797882
1337616315.11 31.6879234314
1337616315.12 38.7253036499
1337616315.12 44.8025932312
1337616315.13 55.2665901184
1337616315.13 61.5514068604
1337616315.14 66.2205352783
1337616315.14 65.933807373
1337616315.15 64.0592193604
1337616315.15 62.0763435364
1337616315.16 59.0441093445
1337616315.17 57.572517395
1337616315.18 55.3419113159
1337616315.18 56.7657318115
1337616315.18 51.9363975525
1337616315.19 42.7436180115
1337616315.19 36.4456291199
1337616315.19 32.6151771545
1337616315.2 28.9339370728
1337616315.2 28.1632213593
1337616315.21 26.0125217438
1337616315.21 22.0276050568
1337616315.22 19.6496391296
1337616315.22 21.7220344543
1337616315.23 22.2729072571
1337616315.23 20.2094802856
1337616315.24 18.9776248932
1337616315.24 15.2014970779
1337616315.25 14.6442241669
1337616315.25 17.4191150665
1337616315.26 20.6212368011
1337616315.27 23.0511665344
1337616315.27 25.3495140076
1337616315.27 27.541059494
1337616315.28 37.8721618652
1337616315.28 45.2361297607
1337616315.29 51.8310966492
1337616315.29 57.8322944641
1337616315.3 66.7702178955
1337616315.3 77.7625656128
1337616315.31 85.9848327637
1337616315.31 93.4387054443
1337616315.32 100.893035889
1337616315.32 108.604125977
1337616315.33 119.821266174
1337616315.33 129.081878662
1337616315.34 136.559692383
1337616315.34 143.220611572
1337616315.35 152.881835938
1337616315.35 162.338989258
1337616315.36 171.506835938
1337616315.36 179.720367432
1337616315.37 186.763092041
1337616315.37 194.043121338
1337616315.38 202.134078979
1337616315.39 212.593353271
1337616315.39 221.765457153
1337616315.39 230.327529907
1337616315.39 237.90864563
1337616315.4 245.494567871
1337616315.41 252.396118164
1337616315.41 264.0703125
1337616315.42 274.500732422
1337616315.42 284.107788086
1337616315.43 301.244750977
1337616315.43 317.012084961
1337616315.44 334.207733154
1337616315.44 345.481445312
1337616315.45 359.068817139
1337616315.45 371.091796875
1337616315.46 380.269195557
1337616315.46 394.511230469
1337616315.47 406.618041992
1337616315.47 416.605041504
1337616315.48 436.592773438
1337616315.49 457.56829834
1337616315.49 475.103912354
1337616315.49 489.772155762
1337616315.5 498.408996582
1337616315.5 504.847595215
1337616315.51 510.508850098
1337616315.51 526.512817383
1337616315.52 540.206176758
1337616315.52 551.282897949
1337616315.53 570.17767334
1337616315.53 585.286010742
1337616315.54 597.610290527
1337616315.54 610.183776855
1337616315.55 627.713806152
1337616315.55 640.542541504
1337616315.56 653.435180664
1337616315.56 666.542358398
1337616315.58 676.333618164
1337616315.58 685.594543457
1337616315.58 695.707275391
1337616315.58 702.996398926
1337616315.59 706.659301758
1337616315.59 716.167175293
1337616315.6 722.284362793
1337616315.6 725.674682617
1337616315.6 728.775268555
1337616315.61 737.750671387
1337616315.61 744.569641113
1337616315.62 750.314941406
1337616315.62 753.647705078
1337616315.63 752.482788086
1337616315.64 754.846984863
1337616315.64 759.293029785
1337616315.65 761.255432129
1337616315.65 768.29876709
1337616315.65 796.744689941
1337616315.67 820.980957031
1337616315.67 843.223693848
1337616315.68 863.661865234
1337616315.68 876.151672363
1337616315.68 888.285705566
1337616315.69 901.992858887
1337616315.69 913.934204102
1337616315.69 911.548461914
1337616315.7 909.654174805
1337616315.71 927.056335449
1337616315.71 943.413818359
1337616315.71 960.444885254
1337616315.72 975.145751953
1337616315.72 987.182067871
1337616315.74 998.722900391
1337616315.74 1009.9175415
1337616315.74 1019.11132812
1337616315.75 1035.25305176
1337616315.75 1045.99316406
1337616315.75 1055.10375977
1337616315.76 1065.91931152
1337616315.76 1074.80065918
1337616315.77 1080.34680176
1337616315.77 1081.75378418
1337616315.8 1083.00012207
1337616315.8 1095.89025879
1337616315.8 1105.25476074
1337616315.8 1113.76599121
1337616315.8 1110.38525391
1337616315.81 1103.38793945
1337616315.81 1096.79125977
1337616315.82 1094.36157227
1337616315.82 1100.80505371
1337616315.82 1102.54223633
1337616315.84 1104.63745117
1337616315.84 1096.65844727
1337616315.84 1087.3651123
1337616315.85 1085.21777344
1337616315.85 1082.17163086
1337616315.86 1070.12976074
1337616315.86 1062.43078613
1337616315.86 1054.32263184
1337616315.87 1051.92419434
1337616315.88 1053.70715332
1337616315.9 1054.81323242
1337616315.9 1039.14465332
1337616315.9 1026.63745117
1337616315.9 1018.06115723
1337616315.9 1009.86480713
1337616315.91 1003.43658447
1337616315.91 998.452697754
1337616315.91 992.719421387
1337616315.92 986.560546875
1337616315.92 984.50213623
1337616315.94 982.338684082
1337616315.94 967.948730469
1337616315.95 958.111083984
1337616315.95 948.260864258
1337616315.95 939.219360352
1337616315.95 939.077148438
1337616315.96 937.563476562
1337616315.96 935.819946289
1337616315.98 926.262451172
1337616315.98 919.946655273
1337616316.0 913.887145996
1337616316.0 906.399536133
1337616316.0 901.57598877
1337616316.0 894.475952148
1337616316.01 890.376159668
1337616316.01 892.752380371
1337616316.01 890.696777344
1337616316.02 887.568115234
1337616316.02 883.135498047
1337616316.03 875.095397949
1337616316.03 866.073669434
1337616316.04 857.573303223
1337616316.04 846.677062988
1337616316.04 836.790100098
1337616316.05 832.292663574
1337616316.06 829.311218262
1337616316.06 828.040100098
1337616316.06 828.80670166
1337616316.07 821.733886719
1337616316.07 817.956542969
1337616316.09 815.356933594
1337616316.09 811.922424316
1337616316.09 810.025512695
1337616316.09 808.330688477
1337616316.1 801.171264648
1337616316.11 795.470153809
1337616316.11 789.356750488
1337616316.11 783.264770508
1337616316.12 776.626159668
1337616316.12 771.079711914
1337616316.13 766.307556152
1337616316.14 768.51965332
1337616316.14 769.522583008
1337616316.14 769.201293945
1337616316.15 769.942993164
1337616316.15 762.934143066
1337616316.16 757.013061523
1337616316.16 753.007263184
1337616316.17 745.074829102
1337616316.18 736.5078125
1337616316.19 729.185852051
1337616316.19 726.332702637
1337616316.19 723.715026855
1337616316.2 724.235473633
1337616316.2 717.453063965
1337616316.2 709.20892334
1337616316.21 703.847045898
1337616316.21 697.761474609
1337616316.22 697.983398438
1337616316.22 699.756591797
1337616316.24 699.30657959
1337616316.24 694.863586426
1337616316.24 692.991455078
1337616316.24 692.418518066
1337616316.25 690.877746582
1337616316.25 691.1875
1337616316.26 686.955383301
1337616316.26 681.407836914
1337616316.27 679.321166992
1337616316.27 678.8515625
1337616316.28 676.517944336
1337616316.28 676.164794922
1337616316.29 675.526855469
1337616316.29 666.681762695
1337616316.3 661.951782227
1337616316.3 657.049316406
1337616316.31 659.704345703
1337616316.32 664.307189941
1337616316.32 667.828674316
1337616316.33 661.978637695
1337616316.33 658.692810059
1337616316.33 655.421447754
1337616316.34 649.981018066
1337616316.34 648.692321777
1337616316.35 648.081054688
1337616316.35 647.088562012
1337616316.36 645.363037109
1337616316.36 642.32800293
1337616316.37 637.393127441
1337616316.37 628.965698242
1337616316.38 622.339904785
1337616316.38 618.851074219
1337616316.39 613.546142578
1337616316.39 609.565979004
1337616316.4 605.021484375
1337616316.4 601.322998047
1337616316.42 603.096496582
1337616316.42 605.066040039
1337616316.42 605.143615723
1337616316.42 596.389099121
1337616316.43 591.672180176
1337616316.43 588.167663574
1337616316.44 583.139587402
1337616316.44 585.299133301
1337616316.45 584.90411377
1337616316.45 582.760009766
1337616316.46 584.828186035
1337616316.46 585.337646484
1337616316.47 583.620117188
1337616316.47 582.196594238
1337616316.48 579.083068848
1337616316.48 576.016418457
1337616316.49 575.644897461
1337616316.49 580.449157715
1337616316.5 583.902038574
1337616316.5 586.651977539
1337616316.52 579.215209961
1337616316.52 574.104125977
1337616316.52 568.474731445
1337616316.52 557.985534668
1337616316.53 548.022583008
1337616316.53 537.498352051
1337616316.54 530.246276855
1337616316.54 531.140869141
1337616316.55 531.89276123
1337616316.55 531.090515137
1337616316.56 527.243408203
1337616316.56 524.587585449
1337616316.57 519.770935059
1337616316.57 522.480041504
1337616316.58 523.474975586
1337616316.58 523.981140137
1337616316.59 527.107055664
1337616316.59 517.579711914
1337616316.6 507.366271973
1337616316.6 497.45526123
1337616316.62 498.2215271
1337616316.62 498.428314209
1337616316.62 498.633239746
1337616316.62 500.012573242
1337616316.63 498.924560547
1337616316.63 496.803649902
1337616316.64 499.188842773
1337616316.64 496.770843506
1337616316.65 493.000396729
1337616316.65 490.92199707
1337616316.66 489.89263916
1337616316.66 488.407226562
1337616316.67 489.329711914
1337616316.67 485.686248779
1337616316.68 482.074005127
1337616316.68 478.494445801
1337616316.69 474.645721436
1337616316.69 465.094696045
1337616316.7 456.077056885
1337616316.7 447.139221191
1337616316.71 443.692504883
1337616316.72 440.505126953
1337616316.72 437.331665039
1337616316.72 434.826202393
1337616316.73 432.880279541
1337616316.73 429.744995117
1337616316.74 429.386077881
1337616316.74 431.632141113
1337616316.75 429.54019165
1337616316.75 431.801940918
1337616316.76 430.144897461
1337616316.76 426.391540527
1337616316.77 427.175933838
1337616316.77 427.81060791
1337616316.78 427.132415771
1337616316.78 427.079467773
1337616316.79 421.193786621
1337616316.8 416.174224854
1337616316.8 411.206329346
1337616316.81 408.703918457
1337616316.81 406.765930176
1337616316.81 406.421539307
1337616316.82 404.854217529
1337616316.82 401.506256104
1337616316.83 400.71887207
1337616316.83 396.752380371
1337616316.84 394.415374756
1337616316.84 391.723022461
1337616316.85 387.841400146
1337616316.85 384.67755127
1337616316.86 380.271209717
1337616316.86 374.837158203
1337616316.87 372.104034424
1337616316.87 372.617004395
1337616316.89 372.024414062
1337616316.89 373.213256836
1337616316.89 374.618988037
1337616316.89 374.220001221
1337616316.9 372.263458252
1337616316.9 374.409637451
1337616316.91 372.792144775
1337616316.91 369.346282959
1337616316.92 369.884338379
1337616316.92 364.525726318
1337616316.93 357.952911377
1337616316.93 353.263641357
1337616316.94 349.54196167
1337616316.94 342.983123779
1337616316.95 336.569580078
1337616316.95 329.757537842
1337616316.96 324.098815918
1337616316.99 320.405181885
1337616316.99 319.383605957
1337616316.99 317.486297607
1337616316.99 314.5887146
1337616316.99 312.315307617
1337616316.99 306.710235596
1337616317.0 305.502838135
1337616317.0 302.902893066
1337616317.0 299.099822998
1337616317.01 297.20425415
1337616317.01 293.918457031
1337616317.01 294.226104736
1337616317.02 294.36126709
1337616317.03 292.898925781
1337616317.03 289.456268311
1337616317.04 287.407012939
1337616317.05 285.224884033
1337616317.06 283.457977295
1337616317.06 284.186889648
1337616317.06 279.983856201
1337616317.06 274.607879639
1337616317.07 272.056030273
1337616317.07 269.798492432
1337616317.08 263.163208008
1337616317.08 259.580474854
1337616317.08 255.028137207
1337616317.09 248.535797119
1337616317.1 244.511734009
1337616317.1 241.853530884
1337616317.11 240.517364502
1337616317.11 240.811264038
1337616317.12 243.2240448
1337616317.12 239.305130005
1337616317.14 235.564208984
1337616317.14 234.084030151
1337616317.14 231.377441406
1337616317.15 229.423446655
1337616317.15 229.86807251
1337616317.15 228.990768433
1337616317.16 230.299530029
1337616317.16 233.453689575
1337616317.17 234.733856201
1337616317.17 236.030044556
1337616317.18 235.032928467
1337616317.19 227.964370728
1337616317.19 221.83203125
1337616317.21 217.645355225
1337616317.21 213.012817383
1337616317.21 208.86668396
1337616317.21 206.417434692
1337616317.21 202.488922119
1337616317.22 197.163421631
1337616317.22 193.424682617
1337616317.23 190.625457764
1337616317.23 189.708343506
1337616317.23 190.545700073
1337616317.24 191.601150513
1337616317.25 189.575042725
1337616317.25 186.615905762
1337616317.26 183.147628784
1337616317.26 180.753875732
1337616317.26 179.895477295
1337616317.27 179.345443726
1337616317.27 178.084228516
1337616317.28 175.665618896
1337616317.28 176.363220215
1337616317.3 176.271148682
1337616317.3 176.683029175
1337616317.3 175.437423706
1337616317.31 172.973770142
1337616317.31 169.616104126
1337616317.31 168.951766968
1337616317.33 168.029006958
1337616317.33 167.299453735
1337616317.33 170.978759766
1337616317.34 173.090957642
1337616317.34 173.367218018
1337616317.34 174.215515137
1337616317.35 175.663711548
1337616317.35 174.872283936
1337616317.36 174.496780396
1337616317.36 175.86227417
1337616317.37 175.806106567
1337616317.38 175.62600708
1337616317.38 175.786590576
1337616317.39 176.602767944
1337616317.39 175.742523193
1337616317.4 174.748062134
1337616317.4 172.190979004
1337616317.41 170.502792358
1337616317.41 170.952178955
1337616317.41 171.278640747
1337616317.42 171.543334961
1337616317.43 170.354812622
1337616317.44 168.525787354
1337616317.44 164.777633667
1337616317.44 166.323745728
1337616317.44 167.362854004
1337616317.45 164.895721436
1337616317.45 164.587554932
1337616317.46 163.369766235
1337616317.46 163.480529785
1337616317.47 163.766311646
1337616317.48 163.573623657
1337616317.48 161.70854187
1337616317.48 157.676849365
1337616317.49 156.134231567
1337616317.49 156.399688721
1337616317.5 155.030593872
1337616317.5 155.678894043
1337616317.51 155.92124939
1337616317.51 158.204574585
1337616317.52 160.579879761
1337616317.53 160.541366577
1337616317.53 157.564834595
1337616317.53 154.074829102
1337616317.54 153.495697021
1337616317.55 152.577316284
1337616317.55 155.803649902
1337616317.55 158.467498779
1337616317.56 159.571685791
1337616317.56 155.986404419
1337616317.57 152.885650635
1337616317.58 149.28742981
1337616317.59 148.152542114
1337616317.59 150.164474487
1337616317.59 152.035842896
1337616317.6 152.215438843
1337616317.6 153.204605103
1337616317.61 151.965698242
1337616317.61 150.844146729
1337616317.61 152.76399231
1337616317.62 153.124328613
1337616317.63 150.601318359
1337616317.63 145.80317688
1337616317.63 144.965560913
1337616317.64 146.96395874
1337616317.64 148.305831909
1337616317.65 146.822097778
1337616317.65 143.49357605
1337616317.66 138.913131714
1337616317.66 139.655715942
1337616317.67 141.567703247
1337616317.68 143.640472412
1337616317.68 142.812301636
1337616317.68 142.694091797
1337616317.69 142.528137207
1337616317.69 143.793579102
1337616317.7 145.64805603
1337616317.7 142.070968628
1337616317.71 139.389770508
1337616317.71 136.768493652
1337616317.72 129.014068604
1337616317.73 123.984466553
1337616317.73 119.885055542
1337616317.73 117.93977356
1337616317.74 114.753517151
1337616317.74 115.297019958
1337616317.75 116.616477966
1337616317.75 119.006752014
1337616317.77 125.554832458
1337616317.77 129.371643066
1337616317.77 129.203979492
1337616317.78 134.06338501
1337616317.78 136.530029297
1337616317.78 138.467895508
1337616317.79 139.148086548
1337616317.79 140.216156006
1337616317.8 142.707641602
1337616317.8 141.683456421
1337616317.81 144.79826355
1337616317.81 145.668197632
1337616317.82 143.848922729
1337616317.84 145.802703857
1337616317.84 145.339385986
1337616317.84 145.748474121
1337616317.84 148.261428833
1337616317.84 148.918075562
1337616317.85 151.486587524
1337616317.85 152.718078613
1337616317.86 155.04989624
1337616317.86 155.790420532
1337616317.87 155.823455811
1337616317.87 158.254150391
1337616317.88 157.578826904
1337616317.88 158.830200195
1337616317.89 160.463653564
1337616317.89 159.83493042
1337616317.9 160.216781616
1337616317.91 160.500289917
1337616317.92 161.315933228
1337616317.92 161.31137085
1337616317.92 161.767623901
1337616317.92 162.833084106
1337616317.93 161.976791382
1337616317.93 162.164276123
1337616317.94 159.774612427
1337616317.94 157.839492798
1337616317.95 156.981307983
1337616317.95 156.771224976
1337616317.96 156.184783936
1337616317.96 153.766082764
1337616317.97 150.507003784
1337616317.98 147.942871094
1337616317.98 147.454910278
1337616317.98 145.212524414
1337616317.99 142.595901489
1337616317.99 141.966690063
1337616318.0 144.481719971
1337616318.01 144.742675781
1337616318.01 145.450531006
1337616318.01 145.02142334
1337616318.02 144.281356812
1337616318.03 143.721420288
1337616318.03 143.95362854
1337616318.04 142.485717773
1337616318.04 138.537704468
1337616318.04 138.324127197
1337616318.05 135.135360718
1337616318.05 131.363861084
1337616318.06 129.514694214
1337616318.06 127.4298172
1337616318.07 125.327728271
1337616318.08 126.072525024
1337616318.08 126.11605072
1337616318.08 123.772354126
1337616318.09 123.980705261
1337616318.09 124.962356567
1337616318.1 122.725624084
1337616318.1 118.990318298
1337616318.11 117.179527283
1337616318.11 116.785118103
1337616318.12 115.136436462
1337616318.14 118.777282715
1337616318.14 122.057815552
1337616318.14 121.395095825
1337616318.14 122.700416565
1337616318.14 125.078765869
1337616318.15 125.065002441
1337616318.15 124.474517822
1337616318.16 123.681663513
1337616318.16 122.070373535
1337616318.17 122.671768188
1337616318.19 125.193222046
1337616318.19 125.914039612
1337616318.19 123.856193542
1337616318.2 122.860244751
1337616318.2 122.131843567
1337616318.21 120.539955139
1337616318.21 118.882194519
1337616318.21 117.027496338
1337616318.21 115.146476746
1337616318.23 116.45400238
1337616318.24 117.386657715
1337616318.24 116.242965698
1337616318.24 116.973991394
1337616318.24 117.852546692
1337616318.24 119.570785522
1337616318.25 119.67615509
1337616318.25 120.527267456
1337616318.26 117.456718445
1337616318.26 115.858222961
1337616318.27 116.255630493
1337616318.29 116.949378967
1337616318.29 116.483985901
1337616318.29 113.783126831
1337616318.29 113.642356873
1337616318.3 113.764938354
1337616318.3 112.662025452
1337616318.3 114.062362671
1337616318.31 112.189910889
1337616318.31 111.16998291
1337616318.32 111.747970581
1337616318.34 112.362304688
1337616318.34 114.675224304
1337616318.34 115.956581116
1337616318.35 119.320388794
1337616318.35 124.662788391
1337616318.35 126.760620117
1337616318.36 128.463668823
1337616318.36 128.650619507
1337616318.36 127.852531433
1337616318.37 129.617095947
1337616318.39 131.744857788
1337616318.39 135.000991821
1337616318.39 136.833648682
1337616318.39 136.270751953
1337616318.39 138.542114258
1337616318.4 136.320358276
1337616318.4 135.740356445
1337616318.41 134.350997925
1337616318.41 132.016143799
1337616318.42 132.725494385
1337616318.42 133.772842407
1337616318.43 134.745483398
1337616318.43 135.31539917
1337616318.45 137.06060791
1337616318.45 136.332672119
1337616318.45 135.216445923
1337616318.45 135.226531982
1337616318.46 135.236297607
1337616318.46 133.909164429
1337616318.47 134.610656738
1337616318.47 136.618133545
1337616318.48 136.557540894
1337616318.48 141.264358521
1337616318.49 146.314300537
1337616318.49 147.01991272
1337616318.5 146.763000488
1337616318.5 147.432098389
1337616318.51 146.697265625
1337616318.52 147.288146973
1337616318.52 148.390930176
1337616318.52 150.319732666
1337616318.53 150.823516846
1337616318.53 151.454193115
1337616318.53 153.111938477
1337616318.54 152.339981079
1337616318.54 152.591217041
1337616318.55 152.249084473
1337616318.55 150.537689209
1337616318.56 150.70916748
1337616318.57 151.847900391
1337616318.57 151.263305664
1337616318.58 150.627593994
1337616318.58 151.749588013
1337616318.6 150.7137146
1337616318.6 148.759506226
1337616318.6 148.19367981
1337616318.6 151.31086731
1337616318.61 151.742248535
1337616318.61 153.554779053
1337616318.61 156.568359375
1337616318.62 155.793334961
1337616318.62 155.933792114
1337616318.63 157.845153809
1337616318.64 157.165298462
1337616318.64 155.384277344
1337616318.64 155.999801636
1337616318.65 157.325180054
1337616318.66 158.048065186
1337616318.66 160.92527771
1337616318.66 162.232025146
1337616318.68 161.62348938
1337616318.68 160.510452271
1337616318.68 160.728302002
1337616318.68 158.911682129
1337616318.69 158.123321533
1337616318.69 159.350860596
1337616318.7 156.255340576
1337616318.7 152.282669067
1337616318.71 151.613601685
1337616318.71 151.722106934
1337616318.72 150.511535645
1337616318.73 151.408508301
1337616318.73 150.440338135
1337616318.73 148.46661377
1337616318.74 149.54838562
1337616318.75 149.578201294
1337616318.75 149.714675903
1337616318.76 150.089294434
1337616318.77 152.987197876
1337616318.77 155.595611572
1337616318.77 154.844161987
1337616318.78 154.179275513
1337616318.78 151.911972046
1337616318.78 147.447296143
1337616318.79 149.173706055
1337616318.79 149.420120239
1337616318.8 142.530609131
1337616318.8 138.833648682
1337616318.81 133.965789795
1337616318.81 129.913375854
1337616318.82 125.349754333
1337616318.82 122.180030823
1337616318.83 119.875816345
1337616318.83 116.770500183
1337616318.85 119.180480957
1337616318.85 120.516929626
1337616318.85 118.710205078
1337616318.86 118.699775696
1337616318.86 117.904373169
1337616318.87 116.914176941
1337616318.87 117.187042236
1337616318.87 115.442657471
1337616318.88 114.761741638
1337616318.88 113.35786438
1337616318.89 113.500900269
1337616318.89 113.901046753
1337616318.9 111.555877686
1337616318.9 112.101638794
1337616318.91 110.44291687
1337616318.91 109.22769165
1337616318.92 111.861816406
1337616318.92 110.048751831
1337616318.93 107.841812134
1337616318.95 105.905502319
1337616318.95 103.643684387
1337616318.95 101.591148376
1337616318.95 107.488273621
1337616318.96 112.80304718
1337616318.96 116.375717163
1337616318.96 118.267707825
1337616318.97 111.678413391
1337616318.97 106.844825745
1337616318.98 98.3660583496
1337616318.98 94.7416305542
1337616318.99 92.6955566406
1337616319.0 89.573135376
1337616319.0 89.8064880371
1337616319.0 89.3922653198
1337616319.01 88.9884109497
1337616319.01 89.4231719971
1337616319.03 90.8198852539
1337616319.03 93.0899276733
1337616319.03 93.7859802246
1337616319.03 95.9208984375
1337616319.04 96.6145858765
1337616319.04 97.8787307739
1337616319.05 99.7434997559
1337616319.05 99.4540863037
1337616319.06 100.208969116
1337616319.06 98.6551132202
1337616319.07 94.081199646
1337616319.07 91.1115112305
1337616319.08 89.5140914917
1337616319.08 89.5808868408
1337616319.09 90.355430603
1337616319.09 89.8969802856
1337616319.1 88.5215072632
1337616319.11 84.5198898315
1337616319.11 81.3600997925
1337616319.12 81.0046005249
1337616319.12 80.4306716919
1337616319.12 78.3936157227
1337616319.13 77.9563369751
1337616319.13 75.9238433838
1337616319.14 73.0252380371
1337616319.14 72.4120483398
1337616319.15 70.5577087402
1337616319.15 68.2921142578
1337616319.16 64.2445373535
1337616319.17 60.6788063049
1337616319.17 59.9913139343
1337616319.17 58.9819259644
1337616319.18 58.8055305481
1337616319.19 57.2762832642
1337616319.19 56.7384719849
1337616319.2 55.1604537964
1337616319.2 52.9192733765
1337616319.21 53.1697540283
1337616319.21 52.95677948
1337616319.21 51.8350944519
1337616319.22 52.969291687
1337616319.22 55.317779541
1337616319.23 59.1031684875
1337616319.23 62.8691101074
1337616319.24 65.3220214844
1337616319.24 68.5656356812
1337616319.25 68.7781066895
1337616319.26 71.7645797729
1337616319.26 74.2840423584
1337616319.27 75.9897918701
1337616319.27 77.8072509766
1337616319.27 77.775390625
1337616319.28 80.3068313599
1337616319.28 81.7927703857
1337616319.29 80.6538543701
1337616319.3 80.5768356323
1337616319.3 80.9332199097
1337616319.3 82.0282669067
1337616319.31 84.1100387573
1337616319.31 84.6932525635
1337616319.33 85.1022796631
1337616319.33 85.3250198364
1337616319.33 83.7999954224
1337616319.43 83.0682678223
1337616319.43 81.8071365356
1337616319.43 80.5686950684
1337616319.43 77.1782150269
1337616319.44 74.821723938
1337616319.44 73.9002075195
1337616319.44 74.8499221802
1337616319.44 74.361289978
1337616319.44 73.6991882324
1337616319.44 74.0423965454
1337616319.48 74.1798095703
1337616319.49 74.5306091309
1337616319.49 74.8278884888
1337616319.49 76.8455657959
1337616319.5 77.9817123413
1337616319.5 80.8455963135
1337616319.5 81.9861602783
1337616319.51 80.4921569824
1337616319.54 78.0673522949
1337616319.56 78.3820266724
1337616319.57 79.7452163696
1337616319.57 81.289100647
1337616319.58 82.4765319824
1337616319.58 81.6391296387
1337616319.59 75.891456604
1337616319.59 73.4849014282
1337616319.59 71.926940918
1337616319.59 69.451461792
1337616319.59 67.6236495972
1337616319.6 64.9802093506
1337616319.6 67.4502258301
1337616319.6 70.1333465576
1337616319.6 73.0384902954
1337616319.64 73.4306869507
1337616319.64 71.0052032471
1337616319.64 69.2619400024
1337616319.64 67.7153091431
1337616319.64 65.2069168091
1337616319.64 63.1524581909
1337616319.64 62.5319328308
1337616319.64 62.9852714539
1337616319.64 65.314125061
1337616319.64 60.5592880249
1337616319.65 56.4789772034
1337616319.65 52.7783164978
1337616319.65 55.779964447
1337616319.67 58.674331665
1337616319.67 61.0865097046
1337616319.67 64.5430755615
1337616319.68 63.2560577393
1337616319.68 62.5401916504
1337616319.68 62.8217315674
1337616319.68 64.6392059326
1337616319.68 64.2340164185
1337616319.68 64.2913360596
1337616319.68 66.2120513916
1337616319.68 63.6834144592
1337616319.69 61.386341095
1337616319.69 60.1739807129
1337616319.69 63.1827468872
1337616319.7 64.7654418945
1337616319.7 67.3686828613
1337616319.7 69.2132949829
1337616319.7 70.5097885132
1337616319.7 70.3620223999
1337616319.7 72.6186294556
1337616319.71 73.1166152954
1337616319.71 72.2771606445
1337616319.71 72.1360244751
1337616319.71 71.2288360596
1337616319.72 71.4928817749
1337616319.72 70.8577651978
1337616319.72 69.9377746582
1337616319.72 72.3350296021
1337616319.73 71.8659286499
1337616319.73 69.7990570068
1337616319.73 69.1623153687
1337616319.73 66.2327346802
1337616319.73 64.3598556519
1337616319.73 62.7528381348
1337616319.74 59.4947662354
1337616319.74 58.189125061
1337616319.74 55.5320320129
1337616319.75 58.732170105
1337616319.75 59.7877883911
1337616319.76 62.3271980286
1337616319.76 62.7831954956
1337616319.77 59.9801483154
1337616319.77 61.4780082703
1337616319.78 62.6047782898
1337616319.78 61.5698356628
1337616319.79 62.6450233459
1337616319.79 65.6765060425
1337616319.8 65.4829711914
1337616319.81 67.1246109009
1337616319.81 69.2593994141
1337616319.81 68.7175827026
1337616319.82 68.166633606
1337616319.82 69.6545562744
1337616319.83 74.0323257446
1337616319.84 73.3446807861
1337616319.84 75.8186340332
1337616319.84 76.7625579834
1337616319.85 74.9496688843
1337616319.85 78.6220397949
1337616319.86 79.9015884399
1337616319.86 77.6297073364
1337616319.87 78.4973144531
1337616319.87 77.9738464355
1337616319.88 72.6586914062
1337616319.89 72.1299438477
1337616319.89 69.8817367554
1337616319.9 65.0815811157
1337616319.9 62.0258750916
1337616319.9 61.5013008118
1337616319.91 61.0254249573
1337616319.91 60.9369277954
1337616319.92 64.2721099854
1337616319.92 64.7189025879
1337616319.93 63.434803009
1337616319.94 65.5425109863
1337616319.94 66.6965637207
1337616319.94 64.4268264771
1337616319.95 64.1185455322
1337616319.95 64.9110488892
1337616319.95 64.2282562256
1337616319.96 66.8778076172
1337616319.97 68.0303115845
1337616319.97 68.7518386841
1337616319.97 68.3630905151
1337616319.98 70.0059280396
1337616319.99 70.2365646362
1337616319.99 71.2581787109
1337616320.01 73.3519973755
1337616320.01 73.3805084229
1337616320.01 73.093536377
1337616320.01 75.6041870117
1337616320.02 76.2018051147
1337616320.02 76.3061981201
1337616320.03 78.4024887085
1337616320.03 70.8223342896
1337616320.04 73.799446106
1337616320.04 76.4976425171
1337616320.05 80.4668426514
1337616320.05 83.8798980713
1337616320.06 86.5562744141
1337616320.06 88.5985488892
1337616320.06 88.5568313599
1337616320.07 89.0213699341
1337616320.08 90.3203277588
1337616320.08 93.6231536865
1337616320.09 93.7939147949
1337616320.1 93.6670227051
1337616320.1 98.6455383301
1337616320.1 101.153175354
1337616320.11 104.585548401
1337616320.11 108.477722168
1337616320.11 110.18384552
1337616320.12 111.665863037
1337616320.12 114.038345337
1337616320.13 111.771842957
1337616320.14 110.537567139
1337616320.14 107.769828796
1337616320.15 105.172950745
1337616320.15 104.411743164
1337616320.16 102.812080383
1337616320.16 104.473960876
1337616320.18 105.779685974
1337616320.21 107.705574036
1337616320.21 108.62537384
1337616320.21 105.082321167
1337616320.21 103.463119507
1337616320.22 101.682563782
1337616320.22 99.5867156982
1337616320.22 100.380386353
1337616320.22 100.857666016
1337616320.22 98.0507583618
1337616320.22 98.3933334351
1337616320.22 96.5964508057
1337616320.23 96.0338745117
1337616320.23 98.4135284424
1337616320.24 99.0363464355
1337616320.24 101.208732605
1337616320.25 101.423202515
1337616320.25 100.674873352
1337616320.25 100.619789124
1337616320.26 101.785987854
1337616320.26 98.9356536865
1337616320.27 94.8429489136
1337616320.27 91.8441085815
1337616320.28 92.0723495483
1337616320.28 91.6706848145
1337616320.29 92.9748687744
1337616320.29 94.6692352295
1337616320.31 93.594833374
1337616320.31 92.1276397705
1337616320.31 92.4432754517
1337616320.32 93.2564926147
1337616320.32 93.0382156372
1337616320.32 93.8881759644
1337616320.33 96.3834457397
1337616320.33 97.298866272
1337616320.34 99.6123657227
1337616320.34 101.963592529
1337616320.35 102.341773987
1337616320.35 100.164306641
1337616320.36 100.329269409
1337616320.36 100.229110718
1337616320.37 99.7695236206
1337616320.37 99.1520233154
1337616320.39 91.4875640869
1337616320.39 84.1738128662
1337616320.39 76.3855895996
1337616320.4 76.1310958862
1337616320.4 72.9604797363
1337616320.4 71.3077163696
1337616320.41 71.4345626831
1337616320.41 70.1018066406
1337616320.42 69.5260009766
1337616320.42 68.1610717773
1337616320.43 67.372718811
1337616320.45 66.3098220825
1337616320.45 67.1502761841
1337616320.45 67.5326843262
1337616320.45 63.394443512
1337616320.46 60.5287780762
1337616320.46 59.3236198425
1337616320.46 60.80235672
1337616320.47 62.8375663757
1337616320.47 65.4646682739
1337616320.48 64.2630615234
1337616320.48 62.6154060364
1337616320.49 63.1368370056
1337616320.49 65.4000473022
1337616320.5 66.2550430298
1337616320.5 66.9608306885
1337616320.51 67.9822006226
1337616320.52 68.8705215454
1337616320.53 70.2631225586
1337616320.53 73.3287200928
1337616320.53 74.7733154297
1337616320.53 75.1673355103
1337616320.54 76.8968658447
1337616320.54 77.1166381836
1337616320.55 73.8700027466
1337616320.55 72.9120178223
1337616320.56 70.8103027344
1337616320.56 67.8965759277
1337616320.57 66.8385009766
1337616320.57 66.24949646
1337616320.58 65.0227355957
1337616320.58 61.852142334
1337616320.59 61.3611488342
1337616320.59 59.9904594421
1337616320.61 56.1425514221
1337616320.61 53.5799407959
1337616320.61 51.5822525024
1337616320.62 49.6209106445
1337616320.62 49.0173416138
1337616320.64 50.4850006104
1337616320.64 51.1768569946
1337616320.64 49.3063621521
1337616320.65 48.2773704529
1337616320.65 47.7922134399
1337616320.65 45.9299812317
1337616320.65 47.4268226624
1337616320.66 46.8579940796
1337616320.66 44.7291259766
1337616320.67 44.9309844971
1337616320.67 42.3968429565
1337616320.68 41.3447914124
1337616320.7 39.4975814819
1337616320.7 38.3202667236
1337616320.7 37.3401145935
1337616320.7 35.2154350281
1337616320.71 35.9416770935
1337616320.71 36.4261703491
1337616320.72 35.7037696838
1337616320.72 36.3679580688
1337616320.72 36.0698699951
1337616320.73 34.8603096008
1337616320.73 35.3378829956
1337616320.74 37.1926956177
1337616320.75 38.5241851807
1337616320.75 39.3436203003
1337616320.75 40.7730674744
1337616320.76 41.1973571777
1337616320.78 41.6622848511
1337616320.78 42.883102417
1337616320.78 44.1726646423
1337616320.78 45.5393829346
1337616320.78 46.0956535339
1337616320.79 48.836139679
1337616320.79 50.6568107605
1337616320.8 50.4521942139
1337616320.8 51.2419281006
1337616320.81 50.8353805542
1337616320.81 49.8410835266
1337616320.82 51.9310836792
1337616320.82 52.2964515686
1337616320.83 50.4504013062
1337616320.83 49.046787262
1337616320.84 46.4686546326
1337616320.85 45.4431190491
1337616320.87 43.8359298706
1337616320.87 43.896396637
1337616320.87 42.562789917
1337616320.87 40.0372161865
1337616320.87 41.3587417603
1337616320.88 40.5425376892
1337616320.88 39.7476005554
1337616320.88 40.1888046265
1337616320.89 40.0390434265
1337616320.9 39.0818328857
1337616320.9 45.3588676453
1337616320.91 52.1254920959
1337616320.91 56.941444397
1337616320.91 55.5039901733
1337616320.92 54.756439209
1337616320.92 52.9921112061
1337616320.93 53.5998725891
1337616320.94 55.3820228577
1337616320.95 56.5088310242
1337616320.95 56.6832809448
1337616320.95 61.4237556458
1337616320.95 65.7417449951
1337616320.96 67.2992324829
1337616320.96 64.5688781738
1337616320.97 60.8298377991
1337616320.97 55.5827102661
1337616320.98 58.0850601196
1337616320.98 60.7796630859
1337616320.99 60.4460716248
1337616320.99 62.3764190674
1337616321.0 64.4572067261
1337616321.0 64.0484161377
1337616321.01 64.478843689
1337616321.01 64.4643096924
1337616321.02 65.876449585
1337616321.02 65.5903701782
1337616321.03 69.2373962402
1337616321.04 71.6753768921
1337616321.04 69.9983444214
1337616321.04 71.0342178345
1337616321.05 70.7370452881
1337616321.05 69.9814834595
1337616321.06 71.8963165283
1337616321.06 71.9443054199
1337616321.07 69.3669281006
1337616321.07 70.0795898438
1337616321.08 70.1759490967
1337616321.08 70.8231124878
1337616321.09 70.1217422485
1337616321.09 70.7898406982
1337616321.1 71.4126205444
1337616321.1 69.2261047363
1337616321.11 71.5448455811
1337616321.11 71.669708252
1337616321.12 68.8067016602
1337616321.12 70.0427246094
1337616321.13 70.9529724121
1337616321.14 69.6799926758
1337616321.14 71.209312439
1337616321.15 71.6516876221
1337616321.15 71.9501647949
1337616321.15 72.5378112793
1337616321.16 73.4029693604
1337616321.16 72.3635787964
1337616321.17 71.2976150513
1337616321.17 73.0080108643
1337616321.18 70.4932174683
1337616321.18 66.9166488647
1337616321.19 66.0365142822
1337616321.19 64.1239395142
1337616321.2 60.9103050232
1337616321.2 62.7120933533
1337616321.21 61.9288024902
1337616321.21 57.5628814697
1337616321.23 57.6391639709
1337616321.23 58.9343490601
1337616321.23 57.8173217773
1337616321.23 63.0427093506
1337616321.24 67.2370223999
1337616321.24 68.753692627
1337616321.25 72.5483856201
1337616321.25 75.4930114746
1337616321.26 77.891494751
1337616321.26 76.7835235596
1337616321.27 76.3745651245
1337616321.27 75.7828063965
1337616321.28 73.3570861816
1337616321.28 75.9046325684
1337616321.29 75.8386001587
1337616321.29 71.9961700439
1337616321.3 71.7618637085
1337616321.3 69.7288970947
1337616321.31 64.685585022
1337616321.31 65.0015563965
1337616321.33 63.1538314819
1337616321.33 59.7016334534
1337616321.33 57.9621620178
1337616321.33 58.1186485291
1337616321.34 55.4224090576
1337616321.34 53.9002151489
1337616321.35 55.5861930847
1337616321.35 55.8037605286
1337616321.36 56.9811134338
1337616321.36 59.1893043518
1337616321.37 61.2348327637
1337616321.37 61.8201293945
1337616321.38 67.7722015381
1337616321.38 71.0465240479
1337616321.39 70.9506378174
1337616321.39 74.2855529785
1337616321.4 73.227973938
1337616321.4 70.6018371582
1337616321.41 72.5481033325
1337616321.42 74.8755645752
1337616321.42 73.3961791992
1337616321.42 76.3351135254
1337616321.43 78.942276001
1337616321.43 78.3686065674
1337616321.44 78.607749939
1337616321.44 79.0896072388
1337616321.45 77.3123016357
1337616321.45 78.3529129028
1337616321.46 80.8369369507
1337616321.46 82.2062835693
1337616321.47 79.8296051025
1337616321.47 81.0428237915
1337616321.48 83.853515625
1337616321.48 85.0769042969
1337616321.49 89.9068222046
1337616321.49 89.0128555298
1337616321.51 87.7113037109
1337616321.51 91.0838775635
1337616321.51 92.7282180786
1337616321.51 92.0466918945
1337616321.52 91.4703216553
1337616321.52 89.1381530762
1337616321.53 87.6208114624
1337616321.53 86.8854827881
1337616321.54 87.622215271
1337616321.54 84.2660598755
1337616321.55 79.7169647217
1337616321.55 80.0643920898
1337616321.56 79.0458602905
1337616321.56 72.9819412231
1337616321.57 69.6245727539
1337616321.57 65.423866272
1337616321.58 65.527053833
1337616321.59 69.0828323364
1337616321.59 72.3618621826
1337616321.59 74.089805603
1337616321.59 76.6630554199
1337616321.6 78.8732681274
1337616321.61 81.5420837402
1337616321.61 85.9660263062
1337616321.62 88.4413146973
1337616321.62 90.5012435913
1337616321.63 91.1091690063
1337616321.63 92.2096633911
1337616321.64 90.5582351685
1337616321.64 87.5860595703
1337616321.65 89.0170593262
1337616321.65 86.1085891724
1337616321.66 85.214050293
1337616321.66 82.689239502
1337616321.68 77.4309005737
1337616321.68 74.7728424072
1337616321.68 73.8716049194
1337616321.68 73.5210800171
1337616321.69 74.5510177612
1337616321.69 70.2229156494
1337616321.69 73.6779251099
1337616321.7 77.6276550293
1337616321.7 79.2358627319
1337616321.71 85.936882019
1337616321.72 89.8098754883
1337616321.72 93.870513916
1337616321.73 97.6620788574
1337616321.73 97.8712615967
1337616321.73 100.375083923
1337616321.74 102.220314026
1337616321.74 103.200752258
1337616321.75 106.067321777
1337616321.75 107.794761658
1337616321.77 108.545516968
1337616321.77 110.591217041
1337616321.77 109.341011047
1337616321.78 106.83657074
1337616321.78 105.676506042
1337616321.78 102.921607971
1337616321.79 103.261817932
1337616321.79 104.166542053
1337616321.8 101.147796631
1337616321.8 97.3538894653
1337616321.81 89.8739547729
1337616321.81 84.4307556152
1337616321.82 77.0599517822
1337616321.82 76.0079879761
1337616321.84 77.1528549194
1337616321.84 74.5777282715
1337616321.85 72.8918228149
1337616321.85 72.6855773926
1337616321.85 68.846031189
1337616321.86 68.3605117798
1337616321.86 68.8982620239
1337616321.86 68.0026397705
1337616321.87 68.3124923706
1337616321.87 68.3933868408
1337616321.88 67.7030181885
1337616321.88 66.9450454712
1337616321.89 69.5278625488
1337616321.91 70.2137985229
1337616321.91 66.8368682861
1337616321.91 66.4216156006
1337616321.91 67.6806716919
1337616321.94 64.7249679565
1337616321.94 68.5102386475
1337616321.95 71.5586242676
1337616321.95 68.6274261475
1337616321.95 68.9943008423
1337616321.95 67.9085464478
1337616321.95 63.7890090942
1337616321.96 64.4980239868
1337616321.96 64.0620269775
1337616321.96 61.5534515381
1337616322.02 59.3441314697
1337616322.02 56.9167404175
1337616322.02 54.4122161865
1337616322.04 51.610874176
1337616322.04 49.6313896179
1337616322.04 46.5370368958
1337616322.04 39.6297149658
1337616322.04 36.8389701843
1337616322.08 34.4455795288
1337616322.09 31.9465904236
1337616322.09 33.3502883911
1337616322.09 30.7435741425
1337616322.09 26.5715045929
1337616322.09 25.389509201
1337616322.1 25.6672840118
1337616322.13 22.7868061066
1337616322.13 23.2890014648
1337616322.13 23.1192760468
1337616322.13 22.2045593262
1337616322.13 22.9572219849
1337616322.13 24.3866519928
1337616322.13 27.0130157471
1337616322.14 28.3361568451
1337616322.14 31.5693206787
1337616322.14 32.6097412109
1337616322.14 31.6563091278
1337616322.14 33.5540084839
1337616322.14 33.4458198547
1337616322.14 34.7063941956
1337616322.14 38.2144851685
1337616322.14 37.4550209045
1337616322.14 36.0096130371
1337616322.14 35.2924423218
1337616322.15 34.1473846436
1337616322.15 34.8744163513
1337616322.15 35.4543533325
1337616322.15 34.9093093872
1337616322.15 34.8815727234
1337616322.15 32.7737770081
1337616322.16 31.4523792267
1337616322.16 30.5838718414
1337616322.17 26.5154418945
1337616322.17 23.5788650513
1337616322.18 24.1870059967
1337616322.18 22.2548694611
1337616322.19 20.465795517
1337616322.19 18.8181095123
1337616322.2 16.61743927
1337616322.2 15.6057872772
1337616322.22 17.5563793182
1337616322.22 17.6578330994
1337616322.22 16.8276424408
1337616322.22 17.468837738
1337616322.23 16.5665988922
1337616322.23 17.028181076
1337616322.24 21.2108764648
1337616322.25 22.2575645447
1337616322.25 21.0837402344
1337616322.25 22.7346229553
1337616322.26 25.6865100861
1337616322.26 24.2307891846
1337616322.27 26.1303291321
1337616322.27 27.079996109
1337616322.28 23.4887866974
1337616322.28 21.6075706482
1337616322.29 19.5290031433
1337616322.29 14.6740436554
1337616322.3 12.0470542908
1337616322.3 9.95936203003
1337616322.32 7.30176830292
1337616322.32 7.3412861824
1337616322.32 7.04914188385
1337616322.32 3.0769572258
1337616322.33 1.10838508606
1337616322.33 1.29632329941
1337616322.34 -0.748334288597
1337616322.34 -2.91380882263
1337616322.35 -3.06168484688
1337616322.35 -1.88009989262
1337616322.36 -2.45937514305
1337616322.37 1.49186658859
1337616322.37 1.44035124779
1337616322.37 -1.12467324734
1337616322.38 -0.659218668938
1337616322.38 -0.0890366062522
1337616322.39 2.40119767189
1337616322.39 7.02842283249
1337616322.4 8.39010906219
1337616322.4 2.72463655472
1337616322.41 2.8586332798
1337616322.42 1.85173118114
1337616322.42 -0.872638463974
1337616322.42 -1.57591402531
1337616322.43 -4.31906890869
1337616322.43 -4.87092876434
1337616322.44 -4.17837381363
1337616322.44 -0.495935618877
1337616322.45 1.94541394711
1337616322.45 1.91242837906
1337616322.46 4.03962087631
1337616322.46 4.33189725876
1337616322.47 5.3705534935
1337616322.47 2.6723086834
1337616322.48 -1.04507601261
1337616322.48 -4.5180015564
1337616322.49 -4.95817279816
1337616322.5 -6.92612600327
1337616322.5 -7.65867233276
1337616322.5 -7.0462141037
1337616322.51 -7.65113639832
1337616322.51 -8.50317573547
1337616322.52 -8.63961219788
1337616322.52 -8.84418106079
1337616322.53 -6.72059822083
1337616322.53 -9.63717556
1337616322.54 -11.0795993805
1337616322.54 -11.4129419327
1337616322.55 -13.9093313217
1337616322.56 -17.0813179016
1337616322.56 -19.2139511108
1337616322.56 -22.7383804321
1337616322.57 -26.377325058
1337616322.57 -27.1480770111
1337616322.58 -28.8791809082
1337616322.58 -30.7686653137
1337616322.59 -27.4279403687
1337616322.6 -25.4423599243
1337616322.6 -23.0479507446
1337616322.61 -18.6504211426
1337616322.61 -14.38601017
1337616322.61 -14.1702413559
1337616322.62 -10.9505882263
1337616322.62 -9.60806083679
1337616322.63 -13.434425354
1337616322.63 -12.3332452774
1337616322.64 -13.4769525528
1337616322.64 -18.953212738
1337616322.65 -19.6973304749
1337616322.65 -20.956161499
1337616322.66 -24.1173114777
1337616322.66 -24.4686203003
1337616322.67 -25.5597286224
1337616322.67 -27.9107837677
1337616322.68 -28.0523853302
1337616322.68 -27.1037731171
1337616322.69 -25.742401123
1337616322.7 -25.2029781342
1337616322.7 -23.2336235046
1337616322.7 -24.8141994476
1337616322.71 -26.9746303558
1337616322.71 -25.3730792999
1337616322.72 -26.2734718323
1337616322.72 -31.3492088318
1337616322.73 -32.7531929016
1337616322.73 -35.0809783936
1337616322.74 -37.1679382324
1337616322.75 -36.6207313538
1337616322.75 -37.3725852966
1337616322.75 -42.8562088013
1337616322.76 -45.006565094
1337616322.76 -47.7773551941
1337616322.77 -48.9805603027
1337616322.77 -48.6167068481
1337616322.78 -48.8979721069
1337616322.78 -49.729763031
1337616322.79 -47.5576591492
1337616322.8 -45.1033401489
1337616322.8 -44.9667625427
1337616322.8 -46.3999481201
1337616322.81 -47.8343048096
1337616322.81 -48.2153511047
1337616322.82 -47.0378303528
1337616322.82 -48.7702598572
1337616322.83 -52.6847991943
1337616322.83 -56.79296875
1337616322.84 -58.973323822
1337616322.85 -58.6451416016
1337616322.85 -58.675567627
1337616322.86 -58.4674949646
1337616322.86 -60.2597236633
1337616322.86 -62.8095703125
1337616322.87 -61.8835754395
1337616322.87 -56.9184875488
1337616322.88 -55.6913528442
1337616322.88 -55.8377571106
1337616322.89 -52.4725112915
1337616322.9 -50.1435089111
1337616322.9 -45.1399269104
1337616322.91 -40.7815322876
1337616322.91 -39.0500030518
1337616322.91 -38.3663482666
1337616322.92 -36.342792511
1337616322.92 -35.856590271
1337616322.93 -35.8553352356
1337616322.93 -33.0741920471
1337616322.94 -32.5278701782
1337616322.94 -32.4497833252
1337616322.95 -29.6314849854
1337616322.95 -27.779750824
1337616322.97 -26.2598171234
1337616322.97 -22.5804080963
1337616322.97 -17.9210338593
1337616322.97 -15.2734069824
1337616322.98 -8.7988948822
1337616322.98 -2.98055410385
1337616322.98 -2.97941017151
1337616322.99 -1.52823495865
1337616322.99 -3.4755153656
1337616323.0 -5.53261518478
1337616323.01 -3.32457304001
1337616323.02 -2.22970914841
1337616323.02 -3.76075744629
1337616323.02 -3.4938390255
1337616323.03 -4.11848306656
1337616323.03 -6.03522586823
1337616323.04 -4.28559398651
1337616323.04 -2.15316748619
1337616323.05 -4.92928791046
1337616323.05 -3.06810188293
1337616323.06 -5.08094882965
1337616323.06 -9.57244491577
1337616323.07 -10.5053758621
1337616323.08 -12.8880271912
1337616323.1 -17.2590618134
1337616323.1 -17.0465660095
1337616323.11 -17.9872169495
1337616323.11 -22.3260555267
1337616323.11 -24.5390357971
1337616323.11 -25.657869339
1337616323.11 -30.9400348663
1337616323.12 -31.1992912292
1337616323.12 -22.1157417297
1337616323.12 -18.8828239441
1337616323.13 -12.2687759399
1337616323.13 -6.63756561279
1337616323.14 -6.51881885529
1337616323.14 -3.09662723541
1337616323.15 -0.516930580139
1337616323.15 -1.65872740746
1337616323.18 -0.605526685715
1337616323.18 0.49888086319
1337616323.18 1.41489267349
1337616323.19 3.75887870789
1337616323.19 6.86494779587
1337616323.2 6.68293333054
1337616323.2 7.81367492676
1337616323.2 10.2731409073
1337616323.2 10.5785121918
1337616323.21 13.5570659637
1337616323.21 16.7308940887
1337616323.21 18.4380455017
1337616323.22 19.3509712219
1337616323.22 22.9635238647
1337616323.24 25.3703536987
1337616323.24 28.859664917
1337616323.24 33.5590934753
1337616323.24 36.7243270874
1337616323.25 37.7898178101
1337616323.25 42.0422019958
1337616323.25 45.4967880249
1337616323.26 46.2478675842
1337616323.26 46.5605926514
1337616323.27 45.3711624146
1337616323.29 42.5608940125
1337616323.29 43.7913017273
1337616323.29 48.8157272339
1337616323.29 50.2242355347
1337616323.3 53.175113678
1337616323.3 55.4000587463
1337616323.31 53.3122634888
1337616323.31 55.9851264954
1337616323.31 62.2858772278
1337616323.32 62.746383667
1337616323.32 68.6136474609
1337616323.33 72.2629165649
1337616323.33 71.1629714966
1337616323.34 74.8513336182
1337616323.34 75.6289978027
1337616323.35 75.702255249
1337616323.35 79.0227661133
1337616323.36 81.5201187134
1337616323.36 85.6622543335
1337616323.37 92.7970733643
1337616323.37 99.2030258179
1337616323.38 100.709403992
1337616323.4 106.62436676
1337616323.4 112.047653198
1337616323.4 113.491455078
1337616323.4 114.012229919
1337616323.41 112.652496338
1337616323.41 108.666152954
1337616323.41 109.387748718
1337616323.42 103.777175903
1337616323.42 95.6121368408
1337616323.43 90.081237793
1337616323.44 90.669052124
1337616323.45 89.3875656128
1337616323.45 91.9896469116
1337616323.45 101.255325317
1337616323.45 106.034919739
1337616323.46 111.911323547
1337616323.46 118.062294006
1337616323.47 124.691459656
1337616323.48 131.089324951
1337616323.48 135.889190674
1337616323.48 143.952713013
1337616323.5 152.042282104
1337616323.5 159.473052979
1337616323.5 176.515884399
1337616323.51 190.779785156
1337616323.51 205.116119385
1337616323.51 218.225570679
1337616323.52 215.975997925
1337616323.52 216.300170898
1337616323.53 216.780410767
1337616323.53 210.79246521
1337616323.55 208.184082031
1337616323.55 204.883361816
1337616323.55 200.356399536
1337616323.56 197.361251831
1337616323.56 194.562454224
1337616323.56 192.591369629
1337616323.57 203.941177368
1337616323.57 214.520950317
1337616323.58 220.690109253
1337616323.59 240.781066895
1337616323.59 259.79598999
1337616323.6 273.75289917
1337616323.6 279.185333252
1337616323.6 283.887573242
1337616323.61 286.215362549
1337616323.61 287.65057373
1337616323.62 283.283081055
1337616323.62 279.270050049
1337616323.63 272.573364258
1337616323.63 238.271682739
1337616323.64 209.844467163
1337616323.65 183.039581299
1337616323.65 163.428100586
1337616323.65 163.16456604
1337616323.66 159.93321228
1337616323.66 158.071029663
1337616323.68 156.749969482
1337616323.68 156.516830444
1337616323.68 156.73777771
1337616323.69 150.155654907
1337616323.69 140.097503662
1337616323.69 130.883789062
1337616323.7 131.206420898
1337616323.7 127.34286499
1337616323.72 125.42565918
1337616323.72 109.82926178
1337616323.72 93.411605835
1337616323.73 79.8946762085
1337616323.73 69.0708236694
1337616323.73 67.14503479
1337616323.74 64.3246688843
1337616323.74 62.0808334351
1337616323.75 47.068397522
1337616323.75 34.2937850952
1337616323.76 23.1197547913
1337616323.76 22.9309120178
1337616323.77 21.8823738098
1337616323.77 20.2343597412
1337616323.78 16.749332428
1337616323.78 14.7444095612
1337616323.79 11.9263858795
1337616323.79 9.42988395691
1337616323.8 2.14727520943
1337616323.82 -6.43479633331
1337616323.82 -12.8434276581
1337616323.82 -27.8608703613
1337616323.82 -41.3597183228
1337616323.82 -52.7095146179
1337616323.83 -61.6017112732
1337616323.83 -55.321395874
1337616323.84 -49.0730514526
1337616323.84 -40.9366378784
1337616323.85 -37.49426651
1337616323.85 -34.5468292236
1337616323.86 -29.9919834137
1337616323.86 -32.4579849243
1337616323.87 -37.2235298157
1337616323.88 -37.8936271667
1337616323.88 -38.2663154602
1337616323.88 -60.6897850037
1337616323.89 -77.201210022
1337616323.89 -93.0327453613
1337616323.9 -108.449020386
1337616323.9 -109.584838867
1337616323.91 -111.382843018
1337616323.91 -138.159484863
1337616323.92 -160.369110107
1337616323.93 -181.335922241
1337616323.93 -202.793487549
1337616323.93 -175.204421997
1337616323.94 -152.426971436
1337616323.94 -136.270721436
1337616323.95 -119.600189209
1337616323.95 -109.556190491
1337616323.96 -102.394462585
1337616323.96 -92.3671951294
1337616323.97 -82.0180664062
1337616323.98 -76.3959197998
1337616323.98 -70.3876190186
1337616323.98 -69.1956558228
1337616323.99 -68.4299087524
1337616324.0 -68.555480957
1337616324.0 -68.6902923584
1337616324.0 -72.0510482788
1337616324.01 -72.7212982178
1337616324.01 -71.3709716797
1337616324.02 -73.6485519409
1337616324.03 -74.9354553223
1337616324.04 -75.210395813
1337616324.04 -74.0419845581
1337616324.04 -73.0599060059
1337616324.04 -71.8778915405
1337616324.05 -72.0078430176
1337616324.05 -91.0346984863
1337616324.06 -105.438369751
1337616324.06 -98.6843719482
1337616324.07 -95.497756958
1337616324.07 -92.4277114868
1337616324.08 -89.7771911621
1337616324.08 -89.5907974243
1337616324.09 -88.9462509155
1337616324.1 -88.9333648682
1337616324.1 -100.604377747
1337616324.1 -110.29750824
1337616324.11 -118.858337402
1337616324.11 -113.67288208
1337616324.12 -111.369300842
1337616324.12 -108.587776184
1337616324.13 -105.772766113
1337616324.13 -120.115615845
1337616324.14 -131.391326904
1337616324.15 -142.775878906
1337616324.15 -151.936859131
1337616324.15 -162.459152222
1337616324.16 -167.31791687
1337616324.16 -171.953109741
1337616324.17 -177.336547852
1337616324.17 -178.540863037
1337616324.18 -183.38218689
1337616324.18 -172.096496582
1337616324.2 -158.638305664
1337616324.2 -149.15423584
1337616324.2 -154.327041626
1337616324.2 -155.927078247
1337616324.21 -161.246414185
1337616324.21 -166.364303589
1337616324.22 -156.014526367
1337616324.23 -150.165618896
1337616324.23 -146.198348999
1337616324.23 -151.143005371
1337616324.24 -159.475509644
1337616324.24 -167.166625977
1337616324.25 -171.559326172
1337616324.25 -173.43762207
1337616324.29 -174.403640747
1337616324.3 -175.124481201
1337616324.3 -178.510513306
1337616324.31 -180.594100952
1337616324.31 -180.909179688
1337616324.31 -182.936553955
1337616324.32 -184.305664062
1337616324.32 -185.856582642
1337616324.32 -187.518844604
1337616324.32 -188.178665161
1337616324.35 -188.565872192
1337616324.35 -188.556854248
1337616324.35 -190.866271973
1337616324.35 -195.71685791
1337616324.35 -196.476074219
1337616324.35 -196.575454712
1337616324.35 -199.804992676
1337616324.35 -201.688430786
1337616324.35 -190.33102417
1337616324.35 -178.361083984
1337616324.37 -163.355895996
1337616324.37 -149.794799805
1337616324.37 -138.16027832
1337616324.37 -126.889076233
1337616324.38 -119.055953979
1337616324.38 -111.002990723
1337616324.39 -104.221466064
1337616324.39 -100.844459534
1337616324.39 -98.7717132568
1337616324.4 -98.2508926392
1337616324.42 -95.1873245239
1337616324.42 -93.279510498
1337616324.42 -91.5433654785
1337616324.42 -90.7345962524
1337616324.44 -88.7923583984
1337616324.44 -89.2569885254
1337616324.47 -91.4729309082
1337616324.47 -94.1876449585
1337616324.47 -94.2392425537
1337616324.47 -94.505355835
1337616324.47 -91.9197692871
1337616324.47 -90.9909591675
1337616324.47 -92.6378707886
1337616324.47 -94.0611724854
1337616324.48 -96.047164917
1337616324.48 -93.7966384888
1337616324.49 -89.5634841919
1337616324.49 -88.6053085327
1337616324.5 -88.8059692383
1337616324.5 -86.6737594604
1337616324.51 -82.2862167358
1337616324.51 -76.9011383057
1337616324.52 -77.3129806519
1337616324.52 -78.6225814819
