1337618844.68 0.0
1337618844.69 0.0
1337618845.67 0.0
1337618845.74 0.0
1337618845.76 0.0
1337618845.77 0.0
1337618845.77 0.0
1337618845.77 0.0
1337618845.77 0.0
1337618845.77 0.0
1337618845.77 0.0
1337618845.77 0.0
1337618845.77 0.0
1337618845.78 0.0
1337618845.78 0.0
1337618845.78 0.0
1337618845.78 0.0
1337618845.78 0.0
1337618845.78 0.0
1337618845.78 0.0
1337618845.78 0.0
1337618845.78 0.0
1337618845.78 0.0
1337618845.79 0.0
1337618845.8 0.0
1337618845.8 0.0
1337618845.8 0.0
1337618845.8 0.0
1337618845.8 0.0
1337618845.8 0.0
1337618845.8 0.0
1337618845.8 0.0
1337618845.8 0.0
1337618845.81 0.0
1337618845.82 0.0
1337618845.82 0.0
1337618845.82 0.0
1337618845.82 0.0
1337618845.82 0.0
1337618845.82 0.0
1337618845.82 0.0
1337618845.82 0.0
1337618845.82 0.0
1337618845.82 0.0
1337618845.83 0.0
1337618845.83 0.0
1337618845.83 0.0
1337618845.84 0.0
1337618845.84 0.0
1337618845.84 0.0
1337618845.84 0.0
1337618845.84 0.0
1337618845.84 0.0
1337618845.84 0.0
1337618845.85 0.0
1337618845.85 0.0
1337618845.85 0.0
1337618845.85 0.0
1337618845.85 0.0
1337618845.85 0.0
1337618845.85 0.0
1337618845.85 0.0
1337618845.85 0.0
1337618845.85 0.0
1337618845.85 0.0
1337618845.85 0.0
1337618845.85 0.0
1337618845.86 0.0
1337618845.86 0.0
1337618845.86 0.0
1337618845.86 0.0
1337618845.86 0.0
1337618845.86 0.0
1337618845.86 0.0
1337618845.87 0.0
1337618845.87 0.0
1337618845.87 0.0
1337618845.87 0.0
1337618845.87 0.0
1337618845.87 0.0
1337618845.87 0.0
1337618845.88 0.0
1337618845.88 0.0
1337618845.88 0.0
1337618845.88 0.0
1337618845.88 0.0
1337618845.88 0.0
1337618845.88 0.0
1337618845.88 0.0
1337618845.88 0.0
1337618845.88 0.0
1337618845.89 0.0
1337618845.9 0.0
1337618845.9 0.0
1337618845.92 0.0
1337618845.92 0.0
1337618845.92 0.0
1337618845.93 0.0
1337618845.93 0.0
1337618845.93 0.0
1337618845.93 0.0
1337618845.94 0.0
1337618845.94 0.0
1337618845.95 0.0
1337618845.95 0.0
1337618845.96 0.0
1337618845.97 0.0
1337618845.97 0.0
1337618845.98 0.0
1337618845.98 0.0
1337618846.0 0.0
1337618846.0 0.0
1337618846.0 0.0
1337618846.0 0.0
1337618846.01 0.0
1337618846.01 0.0
1337618846.01 0.0
1337618846.02 0.0
1337618846.02 0.0
1337618846.03 0.0
1337618846.03 0.0
1337618846.04 0.0
1337618846.04 0.0
1337618846.05 0.0
1337618846.07 0.0
1337618846.07 0.0
1337618846.07 0.0
1337618846.07 0.0
1337618846.08 0.0
1337618846.08 0.0
1337618846.09 0.0
1337618846.09 0.0
1337618846.1 0.0
1337618846.1 0.0
1337618846.11 0.0
1337618846.11 0.0
1337618846.11 0.0
1337618846.13 0.0
1337618846.14 0.0
1337618846.14 0.0
1337618846.14 0.0
1337618846.14 0.0
1337618846.15 0.0
1337618846.15 0.0
1337618846.15 0.0
1337618846.16 0.0
1337618846.16 0.0
1337618846.17 0.0
1337618846.17 0.0
1337618846.18 0.0
1337618846.18 0.0
1337618846.19 0.0
1337618846.19 0.0
1337618846.2 0.0
1337618846.22 0.0
1337618846.22 0.0
1337618846.22 0.0
1337618846.22 0.0
1337618846.22 0.0
1337618846.23 0.0
1337618846.24 0.0
1337618846.24 0.0
1337618846.24 0.0
1337618846.25 0.0
1337618846.25 0.0
1337618846.26 0.0
1337618846.26 0.0
1337618846.27 0.0
1337618846.27 0.0
1337618846.28 0.0
1337618846.28 0.0
1337618846.3 0.0
1337618846.3 0.0
1337618846.31 0.0
1337618846.31 0.0
1337618846.31 0.0
1337618846.31 0.0
1337618846.32 0.0
1337618846.32 0.0
1337618846.33 0.0
1337618846.33 0.0
1337618846.34 0.0
1337618846.34 0.0
1337618846.35 0.0
1337618846.35 0.0
1337618846.36 0.0
1337618846.36 0.0
1337618846.38 0.0
1337618846.38 0.0
1337618846.38 0.0
1337618846.39 0.0
1337618846.39 0.0
1337618846.39 0.0
1337618846.4 0.0
1337618846.4 0.0
1337618846.41 0.0
1337618846.41 0.0
1337618846.42 0.0
1337618846.42 0.0
1337618846.43 0.0
1337618846.43 0.0
1337618846.44 0.0
1337618846.44 0.0
1337618846.45 0.0
1337618846.46 0.0
1337618846.46 0.0
1337618846.47 0.0
1337618846.47 0.0
1337618846.47 0.0
1337618846.48 0.0
1337618846.48 0.0
1337618846.49 0.0
1337618846.49 0.0
1337618846.5 0.0
1337618846.5 0.0
1337618846.51 0.0
1337618846.51 0.0
1337618846.52 0.0
1337618846.52 0.0
1337618846.53 0.0
1337618846.53 0.0
1337618846.55 0.0
1337618846.55 0.0
1337618846.55 0.0
1337618846.56 0.0
1337618846.56 0.0
1337618846.56 0.0
1337618846.57 0.0
1337618846.57 0.0
1337618846.58 0.0
1337618846.58 0.0
1337618846.59 0.0
1337618846.59 0.0
1337618846.6 0.0
1337618846.6 0.0
1337618846.61 0.0
1337618846.61 0.0
1337618846.62 0.0
1337618846.62 0.0
1337618846.63 0.0
1337618846.63 0.0
1337618846.66 0.0
1337618846.66 0.0
1337618846.66 0.0
1337618846.66 0.0
1337618846.66 0.0
1337618846.67 0.0
1337618846.67 0.0
1337618846.67 0.0
1337618846.68 0.0
1337618846.68 0.0
1337618846.69 0.0
1337618846.69 0.0
1337618846.7 0.0
1337618846.7 0.0
1337618846.71 0.0
1337618846.71 0.0
1337618846.72 0.0
1337618846.72 0.0
1337618846.73 0.0
1337618846.73 0.0
1337618846.75 0.0
1337618846.75 0.0
1337618846.75 0.0
1337618846.75 0.0
1337618846.76 0.0
1337618846.76 0.0
1337618846.77 0.0
1337618846.77 0.0
1337618846.78 0.0
1337618846.78 0.0
1337618846.79 0.0
1337618846.79 0.0
1337618846.8 0.0
1337618846.82 0.0
1337618846.82 0.0
1337618846.82 0.0
1337618846.82 0.0
1337618846.83 0.0
1337618846.83 0.0
1337618846.83 0.0
1337618846.84 0.0
1337618846.84 0.0
1337618846.85 0.0
1337618846.85 0.0
1337618846.86 0.0
1337618846.86 0.0
1337618846.87 0.0
1337618846.87 0.0
1337618846.88 0.0
1337618846.88 0.0
1337618846.91 0.0
1337618846.91 0.0
1337618846.91 0.0
1337618846.91 0.0
1337618846.91 0.0
1337618846.91 0.0
1337618846.92 0.0
1337618846.92 0.0
1337618846.93 0.0
1337618846.93 0.0
1337618846.94 0.0
1337618846.94 0.0
1337618846.95 0.0
1337618846.95 0.0
1337618846.96 0.0
1337618846.96 0.0
1337618846.98 0.0
1337618846.98 0.0
1337618846.98 0.0
1337618846.99 0.0
1337618846.99 0.0
1337618846.99 0.0
1337618847.0 0.0
1337618847.0 0.0
1337618847.01 0.0
1337618847.01 0.0
1337618847.02 0.0
1337618847.02 0.0
1337618847.03 0.0
1337618847.03 0.0
1337618847.05 0.0
1337618847.05 0.0
1337618847.05 0.0
1337618847.05 0.0
1337618847.06 0.0
1337618847.06 0.0
1337618847.07 0.0
1337618847.07 0.0
1337618847.08 0.0
1337618847.08 0.0
1337618847.09 0.0
1337618847.09 0.0
1337618847.1 0.0
1337618847.12 0.0
1337618847.12 0.0
1337618847.12 0.0
1337618847.12 0.0
1337618847.12 0.0
1337618847.13 0.0
1337618847.13 0.0
1337618847.14 0.0
1337618847.14 0.0
1337618847.15 0.0
1337618847.15 0.0
1337618847.16 0.0
1337618847.16 0.0
1337618847.17 0.0
1337618847.19 0.0
1337618847.19 0.0
1337618847.19 0.0
1337618847.19 0.0
1337618847.2 0.0
1337618847.2 0.0
1337618847.2 0.0
1337618847.21 0.0
1337618847.21 0.0
1337618847.22 0.0
1337618847.22 0.0
1337618847.23 0.0
1337618847.23 0.0
1337618847.26 0.0
1337618847.26 0.0
1337618847.26 0.0
1337618847.26 0.0
1337618847.26 0.0
1337618847.26 0.0
1337618847.27 0.0
1337618847.27 0.0
1337618847.28 0.0
1337618847.28 0.0
1337618847.29 0.0
1337618847.29 0.0
1337618847.3 0.0
1337618847.3 0.0
1337618847.31 0.0
1337618847.31 0.0
1337618847.32 0.0
1337618847.34 0.0
1337618847.34 0.0
1337618847.34 0.0
1337618847.34 0.0
1337618847.34 0.0
1337618847.35 0.0
1337618847.35 0.0
1337618847.36 0.0
1337618847.36 0.0
1337618847.37 0.0
1337618847.37 0.0
1337618847.38 0.0
1337618847.38 0.0
1337618847.4 0.0
1337618847.4 0.0
1337618847.4 0.0
1337618847.4 0.0
1337618847.41 0.0
1337618847.41 0.0
1337618847.42 0.0
1337618847.42 0.0
1337618847.43 0.0
1337618847.43 0.0
1337618847.44 0.0
1337618847.44 0.0
1337618847.45 0.0
1337618847.45 0.0
1337618847.46 0.0
1337618847.46 0.0
1337618847.48 0.0
1337618847.48 0.0
1337618847.48 0.0
1337618847.49 0.0
1337618847.49 0.0
1337618847.49 0.0
1337618847.5 0.0
1337618847.5 0.0
1337618847.5 0.0
1337618847.51 0.0
1337618847.52 0.0
1337618847.52 0.0
1337618847.53 0.0
1337618847.53 0.0
1337618847.56 0.0
1337618847.56 0.0
1337618847.56 0.0
1337618847.56 0.0
1337618847.56 0.0
1337618847.56 0.0
1337618847.57 0.0
1337618847.57 0.0
1337618847.58 0.0
1337618847.58 0.0
1337618847.59 0.0
1337618847.59 0.0
1337618847.6 0.0
1337618847.62 0.0
1337618847.63 0.0
1337618847.63 0.0
1337618847.63 0.0
1337618847.63 0.0
1337618847.63 0.0
1337618847.63 0.0
1337618847.64 0.0
1337618847.64 0.0
1337618847.65 0.0
1337618847.65 0.0
1337618847.65 0.0
1337618847.66 0.0
1337618847.67 0.0
1337618847.68 0.0
1337618847.68 0.0
1337618847.68 0.0
1337618847.68 0.0
1337618847.69 0.0
1337618847.7 0.0
1337618847.7 0.0
1337618847.71 0.0
1337618847.71 0.0
1337618847.72 0.0
1337618847.72 0.0
1337618847.73 0.0
1337618847.73 0.0
1337618847.73 0.0
1337618847.74 0.0
1337618847.75 0.0
1337618847.76 0.0
1337618847.77 0.0
1337618847.77 0.0
1337618847.77 0.0
1337618847.77 0.0
1337618847.78 0.0
1337618847.78 0.0
1337618847.78 0.0
1337618847.79 0.0
1337618847.79 0.0
1337618847.8 0.0
1337618847.8 0.0
1337618847.81 0.0
1337618847.81 0.0
1337618847.82 0.0
1337618847.82 0.0
1337618847.84 0.0
1337618847.84 0.0
1337618847.85 0.0
1337618847.85 0.0
1337618847.85 0.0
1337618847.85 0.0
1337618847.86 0.0
1337618847.86 0.0
1337618847.87 0.0
1337618847.87 0.0
1337618847.88 0.0
1337618847.88 0.0
1337618847.89 0.0
1337618847.89 0.0
1337618847.9 0.0
1337618847.9 0.0
1337618847.91 0.0
1337618847.91 0.0
1337618847.93 0.0
1337618847.93 0.0
1337618847.93 0.0
1337618847.93 0.0
1337618847.94 0.0
1337618847.95 0.0
1337618847.95 0.0
1337618847.95 0.0
1337618847.96 0.0
1337618847.96 0.0
1337618847.97 0.0
1337618847.98 0.0
1337618847.98 0.0
1337618847.98 0.0
1337618847.99 0.0
1337618847.99 0.0
1337618848.01 0.0
1337618848.01 0.0
1337618848.01 0.0
1337618848.02 0.0
1337618848.02 0.0
1337618848.02 0.0
1337618848.03 0.0
1337618848.03 0.0
1337618848.04 0.0
1337618848.04 0.0
1337618848.05 0.0
1337618848.05 0.0
1337618848.06 0.0
1337618848.06 0.0
1337618848.07 0.0
1337618848.08 0.0
1337618848.09 0.0
1337618848.09 0.0
1337618848.09 0.0
1337618848.1 0.0
1337618848.1 0.0
1337618848.1 0.0
1337618848.11 0.0
1337618848.11 0.0
1337618848.12 0.0
1337618848.12 0.0
1337618848.13 0.0
1337618848.13 0.0
1337618848.14 0.0
1337618848.14 0.0
1337618848.15 0.0
1337618848.15 0.0
1337618848.16 0.0
1337618848.18 0.0
1337618848.18 0.0
1337618848.18 0.0
1337618848.18 0.0
1337618848.18 0.0
1337618848.19 0.0
1337618848.19 0.0
1337618848.2 0.0
1337618848.2 0.0
1337618848.21 0.0
1337618848.21 0.0
1337618848.22 0.0
1337618848.22 0.0
1337618848.23 0.0
1337618848.23 0.0
1337618848.24 0.0
1337618848.24 0.0
1337618848.26 0.0
1337618848.26 0.0
1337618848.26 0.0
1337618848.26 0.0
1337618848.27 0.0
1337618848.27 0.0
1337618848.28 0.0
1337618848.28 0.0
1337618848.29 0.0
1337618848.29 0.0
1337618848.3 0.0
1337618848.3 0.0
1337618848.31 0.0
1337618848.31 0.0
1337618848.32 0.0
1337618848.32 0.0
1337618848.34 0.0
1337618848.34 0.0
1337618848.34 0.0
1337618848.35 0.0
1337618848.35 0.0
1337618848.35 0.0
1337618848.36 0.0
1337618848.36 0.0
1337618848.37 0.0
1337618848.37 0.0
1337618848.38 0.0
1337618848.38 0.0
1337618848.39 0.0
1337618848.39 0.0
1337618848.4 0.0
1337618848.4 0.0
1337618848.41 0.0
1337618848.41 0.0
1337618848.43 0.0
1337618848.43 0.0
1337618848.43 0.0
1337618848.44 0.0
1337618848.44 0.0
1337618848.44 0.0
1337618848.45 0.0
1337618848.45 0.0
1337618848.46 0.0
1337618848.46 0.0
1337618848.47 0.0
1337618848.47 0.0
1337618848.48 0.0
1337618848.48 0.0
1337618848.49 0.0
1337618848.49 -0.5
1337618848.51 -0.5
1337618848.51 -0.5
1337618848.51 -0.5
1337618848.52 -0.5
1337618848.52 -0.5
1337618848.52 -0.5
1337618848.53 -0.5
1337618848.53 -0.5
1337618848.54 -0.5
1337618848.54 -0.5
1337618848.55 -0.5
1337618848.55 -0.5
1337618848.56 -0.5
1337618848.56 -0.5
1337618848.57 -0.5
1337618848.57 -0.5
1337618848.59 -0.5
1337618848.59 -0.5
1337618848.6 -0.5
1337618848.6 -0.5
1337618848.6 -0.5
1337618848.6 -0.5
1337618848.61 -0.5
1337618848.61 -0.5
1337618848.62 -0.5
1337618848.62 -0.5
1337618848.63 -0.5
1337618848.63 -0.5
1337618848.64 -0.5
1337618848.65 -0.5
1337618848.65 -0.5
1337618848.65 -0.5
1337618848.66 -0.5
1337618848.66 -0.5
1337618848.68 -0.5
1337618848.68 -0.5
1337618848.68 -0.5
1337618848.68 -0.5
1337618848.69 -0.5
1337618848.69 -0.5
1337618848.7 -0.5
1337618848.7 -0.5
1337618848.71 -0.5
1337618848.71 -0.5
1337618848.72 -0.5
1337618848.72 -0.5
1337618848.73 -0.5
1337618848.75 -0.5
1337618848.75 -0.5
1337618848.75 -0.5
1337618848.75 -0.5
1337618848.75 -0.5
1337618848.76 -0.5
1337618848.76 -0.5
1337618848.77 -0.5
1337618848.77 -0.5
1337618848.78 -0.5
1337618848.78 -0.5
1337618848.79 -0.5
1337618848.79 -0.5
1337618848.81 -0.5
1337618848.81 -0.5
1337618848.81 -0.5
1337618848.82 -0.5
1337618848.82 -0.5
1337618848.82 -0.5
1337618848.83 -0.5
1337618848.84 -0.5
1337618848.84 -0.5
1337618848.84 -0.5
1337618848.85 -0.5
1337618848.85 -0.5
1337618848.86 -0.5
1337618848.86 -0.5
1337618848.87 -0.5
1337618848.88 -0.5
1337618848.88 -0.5
1337618848.88 -0.5
1337618848.89 -0.5
1337618848.89 -0.5
1337618848.9 -0.5
1337618848.9 -0.5
1337618848.92 -0.5
1337618848.92 -0.5
1337618848.92 -0.5
1337618848.92 -0.5
1337618848.93 -0.5
1337618848.93 -0.5
1337618848.94 -0.5
1337618848.94 -0.5
1337618848.96 -0.5
1337618848.96 -0.5
1337618848.96 -0.5
1337618848.96 -0.5
1337618848.97 -0.5
1337618848.97 -0.5
1337618848.98 -0.5
1337618848.98 -0.5
1337618848.99 -0.5
1337618848.99 -0.5
1337618849.0 -0.5
1337618849.02 -0.5
1337618849.02 -0.5
1337618849.02 -0.5
1337618849.02 -0.5
1337618849.02 -0.5
1337618849.03 -0.5
1337618849.03 -0.5
1337618849.04 -0.5
1337618849.04 -0.5
1337618849.06 -0.5
1337618849.06 -0.5
1337618849.06 -0.5
1337618849.07 -0.5
1337618849.07 -0.5
1337618849.07 -0.5
1337618849.08 -0.5
1337618849.08 -0.5
1337618849.09 -0.5
1337618849.09 -0.5
1337618849.1 -0.5
1337618849.1 -0.5
1337618849.11 -0.5
1337618849.12 -0.5
1337618849.14 -0.5
1337618849.14 -0.5
1337618849.14 -0.5
1337618849.14 -0.5
1337618849.14 -0.5
1337618849.14 -0.5
1337618849.15 -0.5
1337618849.15 -0.5
1337618849.15 -0.5
1337618849.16 -0.5
1337618849.18 -0.5
1337618849.18 -0.5
1337618849.18 -0.5
1337618849.18 -0.5
1337618849.19 -0.5
1337618849.19 -0.5
1337618849.2 -0.5
1337618849.2 -0.5
1337618849.21 -0.5
1337618849.21 -0.5
1337618849.23 -0.5
1337618849.23 -0.5
1337618849.23 -0.5
1337618849.23 -0.5
1337618849.24 -0.5
1337618849.24 -0.5
1337618849.24 -0.5
1337618849.25 -0.5
1337618849.25 -0.5
1337618849.26 -0.5
1337618849.28 -0.5
1337618849.28 -0.5
1337618849.28 -0.5
1337618849.28 -0.5
1337618849.29 -0.5
1337618849.29 -0.5
1337618849.3 -0.5
1337618849.3 -0.5
1337618849.3 -0.5
1337618849.31 -0.5
1337618849.31 -0.5
1337618849.32 -0.5
1337618849.32 -0.5
1337618849.33 -0.5
1337618849.33 -0.5
1337618849.34 -0.5
1337618849.34 -0.5
1337618849.35 -0.5
1337618849.35 -0.5
1337618849.36 -0.5
1337618849.37 -0.5
1337618849.38 -0.5
1337618849.38 -0.5
1337618849.38 -0.5
1337618849.39 -0.5
1337618849.39 -0.5
1337618849.39 -0.5
1337618849.4 -0.5
1337618849.41 -0.5
1337618849.41 -0.5
1337618849.41 -0.5
1337618849.42 -0.5
1337618849.42 -0.5
1337618849.43 -0.5
1337618849.44 -0.5
1337618849.44 -0.5
1337618849.44 -0.5
1337618849.45 -0.5
1337618849.46 -0.5
1337618849.46 -0.5
1337618849.48 -0.5
1337618849.48 -0.5
1337618849.48 -0.5
1337618849.48 -0.5
1337618849.49 -0.5
1337618849.49 -0.5
1337618849.5 0.0
1337618849.5 0.0
1337618849.51 0.0
1337618849.51 0.0
1337618849.51 0.0
1337618849.52 0.0
1337618849.52 0.0
1337618849.53 0.0
1337618849.53 0.0
1337618849.54 0.0
1337618849.54 0.0
1337618849.55 0.0
1337618849.55 0.0
1337618849.57 0.0
1337618849.58 0.0
1337618849.58 0.0
1337618849.58 0.0
1337618849.58 0.0
1337618849.59 0.0
1337618849.59 0.0
1337618849.59 0.0
1337618849.6 0.0
1337618849.61 0.0
1337618849.62 0.0
1337618849.62 0.0
1337618849.63 0.0
1337618849.63 0.0
1337618849.63 0.0
1337618849.63 0.0
1337618849.64 0.0
1337618849.65 0.0
1337618849.66 0.0
1337618849.66 0.0
1337618849.66 0.0
1337618849.67 0.0
1337618849.67 0.0
1337618849.67 0.0
1337618849.68 0.0
1337618849.68 0.0
1337618849.69 0.0
1337618849.71 0.0
1337618849.71 0.0
1337618849.71 0.0
1337618849.71 0.0
1337618849.72 0.0
1337618849.72 0.0
1337618849.72 0.0
1337618849.73 0.0
1337618849.73 0.0
1337618849.74 0.0
1337618849.74 0.0
1337618849.75 0.0
1337618849.75 0.0
1337618849.77 0.0
1337618849.77 0.0
1337618849.77 0.0
1337618849.77 0.0
1337618849.78 0.0
1337618849.78 0.0
1337618849.79 0.0
1337618849.79 0.0
1337618849.8 0.0
1337618849.8 0.0
1337618849.81 0.0
1337618849.82 0.0
1337618849.82 0.0
1337618849.82 0.0
1337618849.83 0.0
1337618849.83 0.0
1337618849.84 0.0
1337618849.84 0.0
1337618849.85 0.0
1337618849.85 0.0
1337618849.87 0.0
1337618849.87 0.0
1337618849.87 0.0
1337618849.87 0.0
1337618849.88 0.0
1337618849.88 0.0
1337618849.89 0.0
1337618849.89 0.0
1337618849.9 0.0
1337618849.9 0.0
1337618849.92 0.0
1337618849.92 0.0
1337618849.92 0.0
1337618849.92 0.0
1337618849.93 0.0
1337618849.93 0.0
1337618849.94 0.0
1337618849.94 0.0
1337618849.95 0.0
1337618849.95 0.0
1337618849.96 0.0
1337618849.96 0.0
1337618849.97 0.0
1337618849.98 0.0
1337618849.98 0.0
1337618849.98 0.0
1337618849.99 0.0
1337618849.99 0.0
1337618850.0 0.0
1337618850.0 0.0
1337618850.01 0.0
1337618850.01 0.0
1337618850.02 0.0
1337618850.04 0.0
1337618850.04 0.0
1337618850.04 0.0
1337618850.04 0.0
1337618850.04 0.0
1337618850.05 0.0
1337618850.05 0.0
1337618850.06 0.0
1337618850.06 0.0
1337618850.07 0.0
1337618850.07 0.0
1337618850.08 0.0
1337618850.08 0.0
1337618850.09 0.0
1337618850.09 0.0
1337618850.1 0.0
1337618850.1 0.0
1337618850.11 0.0
1337618850.11 0.0
1337618850.12 0.0
1337618850.12 0.0
1337618850.13 0.0
1337618850.13 0.0
1337618850.14 0.0
1337618850.14 0.0
1337618850.15 0.0
1337618850.15 0.0
1337618850.17 0.0
1337618850.17 0.0
1337618850.17 0.0
1337618850.17 0.0
1337618850.18 0.0
1337618850.18 0.0
1337618850.19 0.0
1337618850.19 0.0
1337618850.2 0.0
1337618850.2 0.0
1337618850.21 0.0
1337618850.21 0.0
1337618850.22 0.0
1337618850.22 0.0
1337618850.24 0.0
1337618850.24 0.0
1337618850.24 0.0
1337618850.24 0.0
1337618850.25 0.0
1337618850.25 0.0
1337618850.26 0.0
1337618850.26 0.0
1337618850.27 0.0
1337618850.27 0.0
1337618850.28 0.0
1337618850.28 0.0
1337618850.29 0.0
1337618850.29 0.0
1337618850.3 0.0
1337618850.3 0.0
1337618850.31 0.0
1337618850.32 0.0
1337618850.32 0.0
1337618850.32 0.0
1337618850.33 0.0
1337618850.33 0.0
1337618850.34 0.0
1337618850.34 0.0
1337618850.35 0.0
1337618850.35 0.0
1337618850.36 0.0
1337618850.36 0.0
1337618850.37 0.0
1337618850.37 0.0
1337618850.39 0.0
1337618850.39 0.0
1337618850.39 0.0
1337618850.4 0.0
1337618850.4 0.0
1337618850.4 0.0
1337618850.41 0.0
1337618850.41 0.0
1337618850.42 0.0
1337618850.42 0.0
1337618850.43 0.0
1337618850.43 0.0
1337618850.44 0.0
1337618850.45 0.0
1337618850.46 0.0
1337618850.46 0.0
1337618850.46 0.0
1337618850.46 0.0
1337618850.47 0.0
1337618850.47 0.0
1337618850.48 0.0
1337618850.48 0.0
1337618850.49 0.0
1337618850.49 0.0
1337618850.5 0.0
1337618850.5 0.0
1337618850.51 0.0
1337618850.52 0.0
1337618850.53 0.0
1337618850.53 0.0
1337618850.53 0.0
1337618850.53 0.0
1337618850.54 0.0
1337618850.54 0.0
1337618850.55 0.0
1337618850.55 0.0
1337618850.56 0.0
1337618850.56 0.0
1337618850.57 0.0
1337618850.57 0.0
1337618850.59 0.0
1337618850.59 0.0
1337618850.59 0.0
1337618850.6 0.0
1337618850.6 0.0
1337618850.6 0.0
1337618850.6 0.0
1337618850.61 0.0
1337618850.61 0.0
1337618850.62 0.0
1337618850.63 0.0
1337618850.63 0.0
1337618850.63 0.0
1337618850.65 0.0
1337618850.65 0.0
1337618850.66 0.0
1337618850.66 0.0
1337618850.66 0.0
1337618850.67 0.0
1337618850.67 0.0
1337618850.69 0.0
1337618850.69 0.0
1337618850.69 0.0
1337618850.69 0.0
1337618850.7 0.0
1337618850.7 0.0
1337618850.7 0.0
1337618850.71 0.0
1337618850.71 0.0
1337618850.72 0.0
1337618850.74 0.0
1337618850.74 0.0
1337618850.74 0.0
1337618850.74 0.0
1337618850.75 0.0
1337618850.75 0.0
1337618850.75 0.0
1337618850.76 0.0
1337618850.76 0.0
1337618850.77 0.0
1337618850.79 0.0
1337618850.79 0.0
1337618850.79 0.0
1337618850.79 0.0
1337618850.79 0.0
1337618850.8 0.0
1337618850.8 0.0
1337618850.81 0.0
1337618850.81 0.0
1337618850.82 0.0
1337618850.84 0.0
1337618850.84 0.0
1337618850.84 0.0
1337618850.84 0.0
1337618850.84 0.0
1337618850.85 0.0
1337618850.85 0.0
1337618850.86 0.0
1337618850.86 0.0
1337618850.87 0.0
1337618850.88 0.0
1337618850.89 0.0
1337618850.89 0.0
1337618850.89 0.0
1337618850.89 0.0
1337618850.9 0.0
1337618850.9 0.0
1337618850.91 0.0
1337618850.91 0.0
1337618850.92 0.0
1337618850.93 0.0
1337618850.93 0.0
1337618850.93 0.0
1337618850.96 0.0
1337618850.96 0.0
1337618850.96 0.0
1337618850.96 0.0
1337618850.96 0.0
1337618850.97 0.0
1337618850.97 0.0
1337618850.97 0.0
1337618850.98 0.0
1337618850.98 0.0
1337618851.0 0.0
1337618851.0 0.0
1337618851.0 0.0
1337618851.0 0.0
1337618851.01 0.0
1337618851.01 0.0
1337618851.02 0.0
1337618851.02 0.0
1337618851.03 0.0
1337618851.04 0.0
1337618851.06 0.0
1337618851.06 0.0
1337618851.06 0.0
1337618851.06 0.0
1337618851.06 0.0
1337618851.07 0.0
1337618851.07 0.0
1337618851.07 0.0
1337618851.08 0.0
1337618851.08 0.0
1337618851.1 0.0
1337618851.1 0.0
1337618851.11 0.0
1337618851.11 0.0
1337618851.11 0.0
1337618851.11 0.0
1337618851.12 0.0
1337618851.13 0.0
1337618851.13 0.0
1337618851.13 0.0
1337618851.14 0.0
1337618851.14 0.0
1337618851.15 0.0
1337618851.17 0.0
1337618851.17 0.0
1337618851.17 0.0
1337618851.17 0.0
1337618851.17 0.0
1337618851.18 0.0
1337618851.18 0.0
1337618851.19 0.0
1337618851.19 0.0
1337618851.2 0.0
1337618851.21 0.0
1337618851.21 0.0
1337618851.21 0.0
1337618851.24 0.0
1337618851.24 0.0
1337618851.24 0.0
1337618851.24 0.0
1337618851.24 0.0
1337618851.25 0.0
1337618851.25 0.0
1337618851.25 0.0
1337618851.27 0.0
1337618851.27 0.0
1337618851.27 0.0
1337618851.27 0.0
1337618851.28 0.0
1337618851.28 0.0
1337618851.29 0.0
1337618851.29 0.0
1337618851.3 0.0
1337618851.32 0.0
1337618851.32 0.0
1337618851.32 0.0
1337618851.32 0.0
1337618851.33 0.0
1337618851.33 0.0
1337618851.33 0.0
1337618851.34 0.0
1337618851.34 0.0
1337618851.35 0.0
1337618851.35 0.0
1337618851.36 0.0
1337618851.36 0.0
1337618851.37 0.0
1337618851.39 0.0
1337618851.39 0.0
1337618851.39 0.0
1337618851.39 0.0
1337618851.39 0.0
1337618851.4 0.0
1337618851.4 0.0
1337618851.41 0.0
1337618851.41 0.0
1337618851.42 0.0
1337618851.43 0.0
1337618851.43 0.0
1337618851.43 0.0
1337618851.44 0.0
1337618851.44 0.0
1337618851.45 0.0
1337618851.45 0.0
1337618851.46 0.0
1337618851.46 0.0
1337618851.47 0.0
1337618851.48 0.0
1337618851.48 0.0
1337618851.49 0.0
1337618851.49 0.0
1337618851.5 0.0
1337618851.5 0.0
1337618851.5 0.0
1337618851.51 0.0
1337618851.52 0.0
1337618851.52 0.0
1337618851.54 0.0
1337618851.54 0.0
1337618851.54 0.0
1337618851.54 0.0
1337618851.54 0.0
1337618851.55 0.0
1337618851.56 0.0
1337618851.56 0.0
1337618851.56 0.0
1337618851.57 0.0
1337618851.57 0.0
1337618851.58 0.0
1337618851.58 0.0
1337618851.6 0.0
1337618851.6 0.0
1337618851.6 0.0
1337618851.6 0.0
1337618851.61 0.0
1337618851.61 0.0
1337618851.62 0.0
1337618851.62 0.0
1337618851.63 0.0
1337618851.63 0.0
1337618851.65 0.0
1337618851.65 0.0
1337618851.65 0.0
1337618851.65 0.0
1337618851.66 0.0
1337618851.66 0.0
1337618851.67 0.0
1337618851.67 0.0
1337618851.68 0.0
1337618851.68 0.0
1337618851.7 0.0
1337618851.7 0.0
1337618851.7 0.0
1337618851.7 0.0
1337618851.71 0.0
1337618851.71 0.0
1337618851.72 0.0
1337618851.72 0.0
1337618851.73 0.0
1337618851.74 0.0
1337618851.75 0.0
1337618851.75 0.0
1337618851.75 0.0
1337618851.75 0.0
1337618851.76 0.0
1337618851.76 0.0
1337618851.77 0.0
1337618851.77 0.0
1337618851.78 0.0
1337618851.78 0.0
1337618851.79 0.0
1337618851.79 0.0
1337618851.8 0.0
1337618851.8 0.0
1337618851.81 0.0
1337618851.81 0.0
1337618851.83 0.0
1337618851.83 0.0
1337618851.83 0.0
1337618851.83 0.0
1337618851.84 0.0
1337618851.84 0.0
1337618851.85 0.0
1337618851.87 0.0
1337618851.87 0.0
1337618851.87 0.0
1337618851.87 0.0
1337618851.87 0.0
1337618851.88 0.0
1337618851.88 0.0
1337618851.89 0.0
1337618851.89 0.0
1337618851.9 0.0
1337618851.9 0.0
1337618851.92 0.0
1337618851.92 0.0
1337618851.92 0.0
1337618851.92 0.0
1337618851.93 0.0
1337618851.93 0.0
1337618851.94 0.0
1337618851.94 0.0
1337618851.95 0.0
1337618851.95 0.0
1337618851.97 0.0
1337618851.97 0.0
1337618851.97 0.0
1337618851.97 0.0
1337618851.98 0.0
1337618851.98 0.0
1337618851.99 0.0
1337618851.99 0.0
1337618852.0 0.0
1337618852.01 0.0
1337618852.01 0.0
1337618852.01 0.0
1337618852.02 0.0
1337618852.02 0.0
1337618852.03 0.0
1337618852.03 0.0
1337618852.04 0.0
1337618852.04 0.0
1337618852.05 0.0
1337618852.05 0.0
1337618852.06 0.0
1337618852.06 0.0
1337618852.07 0.0
1337618852.08 0.0
1337618852.09 0.0
1337618852.09 0.0
1337618852.09 0.0
1337618852.1 0.0
1337618852.1 0.0
1337618852.1 0.0
1337618852.11 0.0
1337618852.11 0.0
1337618852.12 0.0
1337618852.14 0.0
1337618852.14 0.0
1337618852.14 0.0
1337618852.14 0.0
1337618852.14 0.0
1337618852.15 0.0
1337618852.15 0.0
1337618852.16 0.0
1337618852.16 0.0
1337618852.17 0.0
1337618852.18 0.0
1337618852.18 0.0
1337618852.19 0.0
1337618852.19 0.0
1337618852.19 0.0
1337618852.2 0.0
1337618852.2 0.0
1337618852.21 0.0
1337618852.21 0.0
1337618852.22 0.0
1337618852.23 0.0
1337618852.23 0.0
1337618852.23 0.0
1337618852.23 0.0
1337618852.24 0.0
1337618852.24 0.0
1337618852.25 0.0
1337618852.25 0.0
1337618852.26 0.0
1337618852.26 0.0
1337618852.27 0.0
1337618852.27 0.0
1337618852.28 0.0
1337618852.3 0.0
1337618852.3 0.0
1337618852.3 0.0
1337618852.3 0.0
1337618852.31 0.0
1337618852.31 0.0
1337618852.32 0.0
1337618852.32 0.0
1337618852.33 0.0
1337618852.33 0.0
1337618852.35 0.0
1337618852.35 0.0
1337618852.35 0.0
1337618852.35 0.0
1337618852.36 0.0
1337618852.36 0.0
1337618852.36 0.0
1337618852.37 0.0
1337618852.37 0.0
1337618852.38 0.0
1337618852.38 0.0
1337618852.4 0.0
1337618852.4 0.0
1337618852.4 0.0
1337618852.4 0.0
1337618852.41 0.0
1337618852.41 0.0
1337618852.42 0.0
1337618852.42 0.0
1337618852.43 0.0
1337618852.45 0.0
1337618852.45 0.0
1337618852.45 0.0
1337618852.45 0.0
1337618852.46 0.0
1337618852.46 0.0
1337618852.46 0.0
1337618852.47 0.0
1337618852.47 0.0
1337618852.48 0.0
1337618852.48 0.0
1337618852.49 0.0
1337618852.49 0.0
1337618852.51 0.0
1337618852.52 0.0
1337618852.52 0.0
1337618852.52 0.0
1337618852.52 0.0
1337618852.52 0.0
1337618852.53 0.0
1337618852.53 0.0
1337618852.54 0.0
1337618852.54 0.0
1337618852.55 0.0
1337618852.57 0.0
1337618852.57 0.0
1337618852.57 0.0
1337618852.57 0.0
1337618852.58 0.0
1337618852.58 0.0
1337618852.58 0.0
1337618852.59 0.0
1337618852.59 0.0
1337618852.6 0.0
1337618852.61 0.0
1337618852.61 0.0
1337618852.62 0.0
1337618852.62 0.0
1337618852.62 0.0
1337618852.63 0.0
1337618852.63 0.0
1337618852.64 0.0
1337618852.64 0.0
1337618852.65 0.0
1337618852.67 0.0
1337618852.67 0.0
1337618852.67 0.0
1337618852.67 0.0
1337618852.68 0.0
1337618852.68 0.0
1337618852.68 0.0
1337618852.69 0.0
1337618852.69 0.0
1337618852.7 0.0
1337618852.7 0.0
1337618852.71 0.0
1337618852.71 0.0
1337618852.73 0.0
1337618852.73 0.0
1337618852.73 0.0
1337618852.74 0.0
1337618852.74 0.0
1337618852.74 0.0
1337618852.75 0.0
1337618852.75 0.0
1337618852.76 0.0
1337618852.76 0.0
1337618852.78 0.0
1337618852.79 0.0
1337618852.79 0.0
1337618852.79 0.0
1337618852.79 0.0
1337618852.79 0.0
1337618852.8 0.0
1337618852.8 0.0
1337618852.81 0.0
1337618852.81 0.0
1337618852.83 0.0
1337618852.83 0.0
1337618852.83 0.0
1337618852.83 0.0
1337618852.84 0.0
1337618852.84 0.0
1337618852.85 0.0
1337618852.85 0.0
1337618852.86 0.0
1337618852.87 0.0
1337618852.88 0.0
1337618852.88 0.0
1337618852.88 0.0
1337618852.88 0.0
1337618852.89 0.0
1337618852.89 0.0
1337618852.9 0.0
1337618852.9 0.0
1337618852.91 0.0
1337618852.91 0.0
1337618852.92 0.0
1337618852.92 0.0
1337618852.93 0.0
1337618852.95 0.0
1337618852.95 0.0
1337618852.95 0.0
1337618852.95 0.0
1337618852.95 0.0
1337618852.96 0.0
1337618852.96 0.0
1337618852.97 0.0
1337618852.97 0.0
1337618852.98 0.0
1337618852.98 0.0
1337618852.99 0.0
1337618853.0 0.0
1337618853.0 0.0
1337618853.0 0.0
1337618853.01 0.0
1337618853.01 0.0
1337618853.02 0.0
1337618853.02 0.0
1337618853.03 0.0
1337618853.03 0.0
1337618853.05 0.0
1337618853.05 0.0
1337618853.05 0.0
1337618853.05 0.0
1337618853.07 0.0
1337618853.08 0.0
1337618853.1 0.0
1337618853.13 0.0
1337618853.14 0.0
1337618853.35 0.0
1337618853.35 0.0
1337618853.35 0.0
1337618853.35 0.0
1337618853.35 0.0
1337618853.35 0.0
1337618853.35 0.0
1337618853.35 0.0
1337618853.36 0.0
1337618853.37 0.0
1337618853.37 0.0
1337618853.37 0.0
1337618853.37 0.0
1337618853.37 0.0
1337618853.37 0.0
1337618853.37 0.0
1337618853.37 0.0
1337618853.37 0.0
1337618853.37 0.0
1337618853.37 0.0
1337618853.38 0.0
1337618853.38 0.0
1337618853.39 0.0
1337618853.39 0.0
1337618853.39 0.0
1337618853.39 0.0
1337618853.39 0.0
1337618853.39 0.0
1337618853.39 0.0
1337618853.39 0.0
1337618853.4 0.0
1337618853.4 0.0
1337618853.41 0.0
1337618853.41 0.0
1337618853.41 0.0
1337618853.41 0.0
1337618853.41 0.0
1337618853.41 0.0
1337618853.41 0.0
1337618853.41 0.0
1337618853.41 0.0
1337618853.41 0.0
1337618853.41 0.0
1337618853.41 0.0
1337618853.41 0.0
1337618853.42 0.0
1337618853.43 0.0
1337618853.43 0.0
1337618853.43 0.0
1337618853.43 0.0
1337618853.43 0.0
1337618853.43 0.0
1337618853.43 0.0
1337618853.43 0.0
1337618853.44 0.0
1337618853.44 0.0
1337618853.44 0.0
1337618853.44 0.0
1337618853.44 0.0
1337618853.44 0.0
1337618853.44 0.0
1337618853.44 0.0
1337618853.44 0.0
1337618853.44 0.0
1337618853.44 0.0
1337618853.44 0.0
1337618853.44 0.0
1337618853.44 0.0
1337618853.44 0.0
1337618853.44 0.0
1337618853.45 0.0
1337618853.45 0.0
1337618853.45 0.0
1337618853.46 0.0
1337618853.47 0.0
1337618853.47 0.0
1337618853.47 0.0
1337618853.48 0.0
1337618853.48 0.0
1337618853.49 0.0
1337618853.49 0.0
1337618853.5 0.0
1337618853.52 0.0
1337618853.52 0.0
1337618853.52 0.0
1337618853.52 0.0
1337618853.52 0.0
1337618853.53 0.0
1337618853.54 0.0
1337618853.54 0.0
1337618853.54 0.0
1337618853.55 0.0
1337618853.55 0.0
1337618853.56 0.0
1337618853.56 0.0
1337618853.58 0.0
1337618853.58 0.0
1337618853.58 0.0
1337618853.58 0.0
1337618853.59 0.0
1337618853.59 0.0
1337618853.6 0.0
1337618853.6 0.0
1337618853.61 0.0
1337618853.61 0.0
1337618853.62 0.0
1337618853.62 0.0
1337618853.63 0.0
1337618853.64 0.0
1337618853.64 0.0
1337618853.65 0.0
1337618853.65 0.0
1337618853.66 0.0
1337618853.66 0.0
1337618853.66 0.0
1337618853.66 0.0
1337618853.67 0.0
1337618853.68 0.0
1337618853.68 0.0
1337618853.7 0.0
1337618853.7 0.0
1337618853.71 0.0
1337618853.71 0.0
1337618853.71 0.0
1337618853.71 0.0
1337618853.72 0.0
1337618853.72 0.0
1337618853.72 0.0
1337618853.75 0.0
1337618853.75 0.0
1337618853.75 0.0
1337618853.75 0.0
1337618853.75 0.0
1337618853.76 0.0
1337618853.76 0.0
1337618853.76 0.0
1337618853.77 0.0
1337618853.78 0.0
1337618853.78 0.0
1337618853.79 0.0
1337618853.79 0.0
1337618853.8 0.0
1337618853.8 0.0
1337618853.8 0.0
1337618853.81 0.0
1337618853.82 0.0
1337618853.82 0.0
1337618853.82 0.0
1337618853.83 0.0
1337618853.83 0.0
1337618853.84 0.0
1337618853.85 0.0
1337618853.86 0.0
1337618853.86 0.0
1337618853.87 0.0
1337618853.87 0.0
1337618853.87 0.0
1337618853.88 0.0
1337618853.88 0.0
1337618853.88 0.0
1337618853.89 0.0
1337618853.9 0.0
1337618853.91 0.0
1337618853.92 0.0
1337618853.92 0.0
1337618853.92 0.0
1337618853.92 0.0
1337618853.92 0.0
1337618853.93 0.0
1337618853.93 0.0
1337618853.94 0.0
1337618853.94 0.0
1337618853.96 0.0
1337618853.96 0.0
1337618853.97 0.0
1337618853.97 0.0
1337618853.97 0.0
1337618853.97 0.0
1337618853.98 0.0
1337618853.98 0.0
1337618853.99 0.0
1337618853.99 0.0
1337618854.01 0.0
1337618854.01 0.0
1337618854.01 0.0
1337618854.02 0.0
1337618854.02 0.0
1337618854.02 0.0
1337618854.03 0.0
1337618854.03 0.0
1337618854.04 0.0
1337618854.04 0.0
1337618854.05 0.0
1337618854.05 0.0
1337618854.06 0.0
1337618854.08 0.0
1337618854.08 0.0
1337618854.08 0.0
1337618854.08 0.0
1337618854.08 0.0
1337618854.09 0.0
1337618854.09 0.0
1337618854.1 0.0
1337618854.1 0.0
1337618854.11 0.0
1337618854.11 0.0
1337618854.13 0.0
1337618854.13 0.0
1337618854.13 0.0
1337618854.13 0.0
1337618854.14 0.0
1337618854.15 0.0
1337618854.15 0.0
1337618854.15 0.0
1337618854.16 0.0
1337618854.16 0.0
1337618854.18 0.0
1337618854.19 0.0
1337618854.19 0.0
1337618854.19 0.0
1337618854.19 0.0
1337618854.2 0.0
1337618854.2 0.0
1337618854.2 0.0
1337618854.21 0.0
1337618854.22 0.0
1337618854.24 0.0
1337618854.24 0.0
1337618854.24 0.0
1337618854.24 0.0
1337618854.24 0.0
1337618854.24 0.0
1337618854.25 0.0
1337618854.25 0.0
1337618854.26 0.0
1337618854.26 0.0
1337618854.27 0.0
1337618854.27 0.0
1337618854.28 0.0
1337618854.28 0.0
1337618854.29 0.0
1337618854.29 0.0
1337618854.31 0.0
1337618854.31 0.0
1337618854.32 0.0
1337618854.32 0.0
1337618854.32 0.0
1337618854.32 0.0
1337618854.33 0.0
1337618854.35 0.0
1337618854.35 0.0
1337618854.35 0.0
1337618854.35 0.0
1337618854.35 0.0
1337618854.36 0.0
1337618854.36 0.0
1337618854.38 0.0
1337618854.38 0.0
1337618854.39 0.0
1337618854.4 0.0
1337618854.4 0.0
1337618854.4 0.0
1337618854.4 0.0
1337618854.4 0.0
1337618854.41 0.0
1337618854.41 0.0
1337618854.42 0.0
1337618854.43 0.0
1337618854.43 0.0
1337618854.45 0.0
1337618854.45 0.0
1337618854.45 0.0
1337618854.45 0.0
1337618854.45 0.0
1337618854.46 0.0
1337618854.46 0.0
1337618854.47 0.0
1337618854.48 0.0
1337618854.48 0.0
1337618854.5 0.0
1337618854.5 0.0
1337618854.5 0.0
1337618854.5 0.0
1337618854.5 0.0
1337618854.51 0.0
1337618854.51 0.0
1337618854.52 0.0
1337618854.52 0.0
1337618854.53 0.0
1337618854.53 0.0
1337618854.54 0.0
1337618854.54 0.0
1337618854.56 0.0
1337618854.56 0.0
1337618854.56 0.0
1337618854.56 0.0
1337618854.57 0.0
1337618854.57 0.0
1337618854.58 0.0
1337618854.58 0.0
1337618854.59 0.0
1337618854.59 0.0
1337618854.61 0.0
1337618854.61 0.0
1337618854.61 0.0
1337618854.61 0.0
1337618854.62 0.0
1337618854.62 0.0
1337618854.63 0.0
1337618854.63 0.0
1337618854.64 0.0
1337618854.64 0.0
1337618854.65 0.0
1337618854.66 0.0
1337618854.66 0.0
1337618854.66 0.0
1337618854.67 0.0
1337618854.67 0.0
1337618854.68 0.0
1337618854.68 0.0
1337618854.69 0.0
1337618854.69 0.0
1337618854.71 0.0
1337618854.71 0.0
1337618854.71 0.0
1337618854.71 0.0
1337618854.72 0.0
1337618854.72 0.0
1337618854.73 0.0
1337618854.73 0.0
1337618854.74 0.0
1337618854.74 0.0
1337618854.75 0.0
1337618854.75 0.0
1337618854.76 0.0
1337618854.78 0.0
1337618854.78 0.0
1337618854.78 0.0
1337618854.78 0.0
1337618854.78 0.0
1337618854.79 0.0
1337618854.79 0.0
1337618854.8 0.0
1337618854.8 0.0
1337618854.81 0.0
1337618854.82 0.0
1337618854.82 0.0
1337618854.83 0.0
1337618854.83 0.0
1337618854.83 0.0
1337618854.84 0.0
1337618854.85 0.0
1337618854.85 0.0
1337618854.85 0.0
1337618854.86 0.0
1337618854.87 0.0
1337618854.91 0.0
1337618854.91 0.0
1337618854.91 0.0
1337618854.91 0.0
1337618854.91 0.0
1337618854.91 0.0
1337618854.91 0.0
1337618854.92 0.0
1337618854.92 0.0
1337618854.92 0.0
1337618854.94 0.0
1337618854.94 0.0
1337618854.94 0.0
1337618854.94 0.0
1337618854.94 0.0
1337618854.94 0.0
1337618854.95 0.0
1337618854.95 0.0
1337618854.96 0.0
1337618854.96 0.0
1337618854.97 0.0
1337618854.98 0.0
1337618854.98 0.0
1337618854.99 0.0
1337618855.0 0.0
1337618855.0 0.0
1337618855.0 0.0
1337618855.0 0.0
1337618855.0 0.0
1337618855.01 0.0
1337618855.01 0.0
1337618855.02 0.0
1337618855.03 0.0
1337618855.04 0.0
1337618855.04 0.0
1337618855.05 0.0
1337618855.05 0.0
1337618855.05 0.0
1337618855.06 0.0
1337618855.06 0.0
1337618855.07 0.0
1337618855.07 0.0
1337618855.08 0.0
1337618855.09 0.0
1337618855.09 0.0
1337618855.1 0.0
1337618855.1 0.0
1337618855.1 0.0
1337618855.1 0.0
1337618855.11 0.0
1337618855.12 0.0
1337618855.12 0.0
1337618855.13 0.0
1337618855.14 0.0
1337618855.14 0.0
1337618855.14 0.0
1337618855.15 0.0
1337618855.15 0.0
1337618855.15 0.0
1337618855.16 0.0
1337618855.17 0.0
1337618855.17 0.0
1337618855.17 0.0
1337618855.18 0.0
1337618855.19 0.0
1337618855.19 0.0
1337618855.21 0.0
1337618855.21 0.0
1337618855.21 0.0
1337618855.21 0.0
1337618855.22 0.0
1337618855.22 0.0
1337618855.22 0.0
1337618855.23 0.0
1337618855.23 0.0
1337618855.24 0.0
1337618855.26 0.0
1337618855.26 0.0
1337618855.26 0.0
1337618855.26 0.0
1337618855.26 0.0
1337618855.27 0.0
1337618855.27 0.0
1337618855.28 0.0
1337618855.29 0.0
1337618855.29 0.0
1337618855.31 0.0
1337618855.31 0.0
1337618855.31 0.0
1337618855.31 0.0
1337618855.32 0.0
1337618855.32 0.0
1337618855.33 0.0
1337618855.33 0.0
1337618855.34 0.0
1337618855.34 0.0
1337618855.36 0.0
1337618855.36 0.0
1337618855.36 0.0
1337618855.36 0.0
1337618855.36 0.0
1337618855.37 0.0
1337618855.37 0.0
1337618855.38 0.0
1337618855.38 0.0
1337618855.39 0.0
1337618855.41 0.0
1337618855.41 0.0
1337618855.41 0.0
1337618855.41 0.0
1337618855.42 0.0
1337618855.42 0.0
1337618855.42 0.0
1337618855.43 0.0
1337618855.44 0.0
1337618855.44 0.0
1337618855.45 0.0
1337618855.45 0.0
1337618855.45 0.0
1337618855.46 0.0
1337618855.46 0.0
1337618855.47 0.0
1337618855.48 0.0
1337618855.49 0.0
1337618855.49 0.0
1337618855.49 0.0
1337618855.5 0.0
1337618855.5 0.0
1337618855.5 0.0
1337618855.51 0.0
1337618855.53 0.0
1337618855.53 0.0
1337618855.53 0.0
1337618855.53 0.0
1337618855.54 0.0
1337618855.54 0.0
1337618855.54 0.0
1337618855.55 0.0
1337618855.56 0.0
1337618855.57 0.0
1337618855.57 0.0
1337618855.58 0.0
1337618855.58 0.0
1337618855.58 0.0
1337618855.58 0.0
1337618855.59 0.0
1337618855.59 0.0
1337618855.6 0.0
1337618855.6 0.0
1337618855.61 0.0
1337618855.63 0.0
1337618855.63 0.0
1337618855.63 0.0
1337618855.63 0.0
1337618855.64 0.0
1337618855.64 0.0
1337618855.64 0.0
1337618855.65 0.0
1337618855.66 0.0
1337618855.66 0.0
1337618855.66 0.0
1337618855.67 0.0
1337618855.67 0.0
1337618855.7 0.0
1337618855.7 0.0
1337618855.7 0.0
1337618855.7 0.0
1337618855.7 0.0
1337618855.71 0.0
1337618855.73 0.0
1337618855.73 0.0
1337618855.73 0.0
1337618855.73 0.0
1337618855.74 0.0
1337618855.75 0.0
1337618855.75 0.0
1337618855.75 0.0
1337618855.75 0.0
1337618855.75 0.0
1337618855.76 0.0
1337618855.76 0.0
1337618855.77 0.0
1337618855.77 0.0
1337618855.81 0.0
1337618855.81 0.0
1337618855.81 0.0
1337618855.81 0.0
1337618855.82 0.0
1337618855.82 0.0
1337618855.82 0.0
1337618855.82 0.0
1337618855.82 0.0
1337618855.82 0.0
1337618855.84 0.0
1337618855.84 0.0
1337618855.84 0.0
1337618855.84 0.0
1337618855.85 0.0
1337618855.85 0.0
1337618855.86 0.0
1337618855.86 0.0
1337618855.87 0.0
1337618855.87 0.0
1337618855.88 0.0
1337618855.88 0.0
1337618855.89 0.0
1337618855.91 0.0
1337618855.91 0.0
1337618855.91 0.0
1337618855.91 0.0
1337618855.91 0.0
1337618855.92 0.0
1337618855.92 0.0
1337618855.93 0.0
1337618855.93 0.0
1337618855.94 0.0
1337618855.94 0.0
1337618855.96 0.0
1337618855.96 0.0
1337618855.96 0.0
1337618855.96 0.0
1337618855.97 0.0
1337618855.97 0.0
1337618855.98 0.0
1337618855.98 0.0
1337618855.99 0.0
1337618856.01 0.0
1337618856.01 0.0
1337618856.01 0.0
1337618856.01 0.0
1337618856.02 0.0
1337618856.02 0.0
1337618856.02 0.0
1337618856.03 0.0
1337618856.03 0.0
1337618856.04 0.0
1337618856.04 0.0
1337618856.06 0.0
1337618856.06 0.0
1337618856.07 0.0
1337618856.07 0.0
1337618856.07 0.0
1337618856.07 0.0
1337618856.08 0.0
1337618856.08 0.0
1337618856.09 0.0
1337618856.09 0.0
1337618856.1 0.0
1337618856.1 0.0
1337618856.12 0.0
1337618856.12 0.0
1337618856.12 0.0
1337618856.13 0.0
1337618856.13 0.0
1337618856.13 0.0
1337618856.14 0.0
1337618856.14 0.0
1337618856.15 0.0
1337618856.16 0.0
1337618856.16 0.0
1337618856.18 0.0
1337618856.18 0.0
1337618856.18 0.0
1337618856.18 0.0
1337618856.18 0.0
1337618856.19 0.0
1337618856.19 0.0
1337618856.2 0.0
1337618856.2 0.0
1337618856.21 0.0
1337618856.22 0.0
1337618856.22 0.0
1337618856.22 0.0
1337618856.23 0.0
1337618856.23 0.0
1337618856.24 0.0
1337618856.24 0.0
1337618856.25 0.0
1337618856.25 0.0
1337618856.26 0.0
1337618856.28 0.0
1337618856.28 0.0
1337618856.28 0.0
1337618856.28 0.0
1337618856.29 0.0
1337618856.29 0.0
1337618856.29 0.0
1337618856.3 0.0
1337618856.3 0.0
1337618856.31 0.0
1337618856.31 0.0
1337618856.32 0.0
1337618856.32 0.0
1337618856.34 0.0
1337618856.34 0.0
1337618856.34 0.0
1337618856.34 0.0
1337618856.35 0.0
1337618856.35 0.0
1337618856.36 0.0
1337618856.36 0.0
1337618856.37 0.0
1337618856.38 0.0
1337618856.4 0.0
1337618856.4 0.0
1337618856.4 0.0
1337618856.4 0.0
1337618856.4 0.0
1337618856.4 0.0
1337618856.41 0.0
1337618856.41 0.0
1337618856.42 0.0
1337618856.42 0.0
1337618856.43 0.0
1337618856.43 0.0
1337618856.44 0.0
1337618856.45 0.0
1337618856.45 0.0
1337618856.46 0.0
1337618856.46 0.0
1337618856.46 0.0
1337618856.47 0.0
1337618856.47 0.0
1337618856.48 0.0
1337618856.48 0.0
1337618856.5 0.0
1337618856.5 0.0
1337618856.5 0.0
1337618856.5 0.0
1337618856.51 0.0
1337618856.51 0.0
1337618856.52 0.0
1337618856.52 0.0
1337618856.54 0.0
1337618856.54 0.0
1337618856.54 0.0
1337618856.54 0.0
1337618856.55 0.0
1337618856.55 0.0
1337618856.56 0.0
1337618856.56 0.0
1337618856.57 0.0
1337618856.57 0.0
1337618856.57 0.0
1337618856.58 0.0
1337618856.59 0.0
1337618856.62 0.0
1337618856.62 0.0
1337618856.62 0.0
1337618856.62 0.0
1337618856.62 0.0
1337618856.62 0.0
1337618856.62 0.0
1337618856.63 0.0
1337618856.63 0.0
1337618856.63 0.0
1337618856.66 0.0
1337618856.66 0.0
1337618856.66 0.0
1337618856.66 0.0
1337618856.67 0.0
1337618856.67 0.0
1337618856.67 0.0
1337618856.68 0.0
1337618856.68 0.0
1337618856.69 0.0
1337618856.7 0.0
1337618856.71 0.0
1337618856.71 0.0
1337618856.71 0.0
1337618856.71 0.0
1337618856.72 0.0
1337618856.73 0.0
1337618856.73 0.0
1337618856.73 0.0
1337618856.73 0.0
1337618856.74 0.0
1337618856.77 0.0
1337618856.77 0.0
1337618856.77 0.0
1337618856.77 0.0
1337618856.77 0.0
1337618856.77 0.0
1337618856.78 0.0
1337618856.78 0.0
1337618856.78 0.0
1337618856.79 0.0
1337618856.79 0.0
1337618856.8 0.0
1337618856.81 0.0
1337618856.82 0.0
1337618856.82 0.0
1337618856.83 0.0
1337618856.83 0.0
1337618856.83 0.0
1337618856.84 0.0
1337618856.84 0.0
1337618856.85 0.0
1337618856.85 0.0
1337618856.86 0.0
1337618856.87 0.0
1337618856.87 0.0
1337618856.87 0.0
1337618856.87 0.0
1337618856.88 0.0
1337618856.88 0.0
1337618856.89 0.0
1337618856.89 0.0
1337618856.9 0.0
1337618856.9 0.0
1337618856.92 0.0
1337618856.93 0.0
1337618856.93 0.0
1337618856.93 0.0
1337618856.93 0.0
1337618856.94 0.0
1337618856.94 0.0
1337618856.94 0.0
1337618856.95 0.0
1337618856.95 0.0
1337618856.97 0.0
1337618856.97 0.0
1337618856.97 0.0
1337618856.98 0.0
1337618856.98 0.0
1337618856.98 0.0
1337618856.99 0.0
1337618856.99 0.0
1337618857.0 0.0
1337618857.0 0.0
1337618857.01 0.0
1337618857.01 0.0
1337618857.02 0.0
1337618857.02 0.0
1337618857.03 0.0
1337618857.03 0.0
1337618857.05 0.0
1337618857.05 0.0
1337618857.05 0.0
1337618857.06 0.0
1337618857.06 0.0
1337618857.06 0.0
1337618857.07 0.0
1337618857.07 0.0
1337618857.09 0.0
1337618857.09 0.0
1337618857.09 0.0
1337618857.09 0.0
1337618857.1 0.0
1337618857.1 0.0
1337618857.11 0.0
1337618857.11 0.0
1337618857.12 0.0
1337618857.14 0.0
1337618857.14 0.0
1337618857.14 0.0
1337618857.14 0.0
1337618857.15 0.0
1337618857.15 0.0
1337618857.15 0.0
1337618857.16 0.0
1337618857.17 0.0
1337618857.17 0.0
1337618857.17 0.0
1337618857.19 0.0
1337618857.19 0.0
1337618857.19 0.0
1337618857.19 0.0
1337618857.2 0.0
1337618857.2 0.0
1337618857.21 0.0
1337618857.21 0.0
1337618857.22 0.0
1337618857.22 0.0
1337618857.23 0.0
1337618857.24 0.0
1337618857.25 0.0
1337618857.26 0.0
1337618857.26 0.0
1337618857.26 0.0
1337618857.26 0.0
1337618857.27 0.0
1337618857.27 0.0
1337618857.27 0.0
1337618857.28 0.0
1337618857.28 0.0
1337618857.29 0.0
1337618857.31 0.0
1337618857.31 0.0
1337618857.31 0.0
1337618857.31 0.0
1337618857.31 0.0
1337618857.32 0.0
1337618857.32 0.0
1337618857.33 0.0
1337618857.34 0.0
1337618857.35 0.0
1337618857.35 0.0
1337618857.35 0.0
1337618857.36 0.0
1337618857.36 0.0
1337618857.36 0.0
1337618857.37 0.0
1337618857.37 0.0
1337618857.38 0.0
1337618857.38 0.0
1337618857.39 0.0
1337618857.41 0.0
1337618857.41 0.0
1337618857.41 0.0
1337618857.41 0.0
1337618857.42 0.0
1337618857.42 0.0
1337618857.42 0.0
1337618857.43 0.0
1337618857.43 0.0
1337618857.44 0.0
1337618857.44 0.0
1337618857.45 0.0
1337618857.45 0.0
1337618857.47 0.0
1337618857.47 0.0
1337618857.47 0.0
1337618857.48 0.0
1337618857.48 0.0
1337618857.48 0.0
1337618857.49 0.0
1337618857.49 0.0
1337618857.5 0.0
1337618857.5 0.0
1337618857.52 0.0
1337618857.52 0.0
1337618857.52 0.0
1337618857.53 0.0
1337618857.53 0.0
1337618857.53 0.0
1337618857.54 0.0
1337618857.54 0.0
1337618857.55 0.0
1337618857.55 0.0
1337618857.57 0.0
1337618857.58 0.0
1337618857.58 0.0
1337618857.58 0.0
1337618857.58 0.0
1337618857.58 0.0
1337618857.59 0.0
1337618857.59 0.0
1337618857.6 0.0
1337618857.6 0.0
1337618857.61 0.0
1337618857.61 0.0
1337618857.62 0.0
1337618857.64 0.0
1337618857.64 0.0
1337618857.64 0.0
1337618857.64 0.0
1337618857.65 0.0
1337618857.65 0.0
1337618857.66 0.0
1337618857.67 0.0
1337618857.67 0.0
1337618857.67 0.0
1337618857.67 0.0
1337618857.68 0.0
1337618857.68 0.0
1337618857.69 0.0
1337618857.69 0.0
1337618857.7 0.0
1337618857.7 0.0
1337618857.71 0.0
1337618857.71 0.0
1337618857.72 0.0
1337618857.73 0.0
1337618857.74 0.0
1337618857.74 0.0
1337618857.74 0.0
1337618857.74 0.0
1337618857.75 0.0
1337618857.75 0.0
1337618857.76 0.0
1337618857.76 0.0
1337618857.77 0.0
1337618857.77 0.0
1337618857.79 0.0
1337618857.79 0.0
1337618857.79 0.0
1337618857.79 0.0
1337618857.8 0.0
1337618857.8 0.0
1337618857.81 0.0
1337618857.81 0.0
1337618857.82 0.0
1337618857.84 0.0
1337618857.84 0.0
1337618857.84 0.0
1337618857.84 0.0
1337618857.84 0.0
1337618857.85 0.0
1337618857.85 0.0
1337618857.86 0.0
1337618857.86 0.0
1337618857.87 0.0
1337618857.87 0.0
1337618857.88 0.0
1337618857.89 0.0
1337618857.89 0.0
1337618857.89 0.0
1337618857.9 0.0
1337618857.9 0.0
1337618857.91 0.0
1337618857.91 0.0
1337618857.92 0.0
1337618857.92 0.0
1337618857.93 0.0
1337618857.93 0.0
1337618857.95 0.0
1337618857.95 0.0
1337618857.95 0.0
1337618857.95 0.0
1337618857.96 0.0
1337618857.96 0.0
1337618857.97 0.0
1337618857.97 0.0
1337618857.98 0.0
1337618857.98 0.0
1337618858.0 0.0
1337618858.0 0.0
1337618858.0 0.0
1337618858.0 0.0
1337618858.01 0.0
1337618858.01 0.0
1337618858.02 0.0
1337618858.02 0.0
1337618858.03 0.0
1337618858.03 0.0
