1337618844.68 112.0
1337618844.69 78.0
1337618845.67 52.0
1337618845.74 44.0
1337618845.76 7.0
1337618845.76 -10.0
1337618845.77 -14.0
1337618845.77 -39.0
1337618845.77 -68.0
1337618845.77 -64.0
1337618845.77 -71.0
1337618845.77 -87.0
1337618845.77 -103.0
1337618845.77 -119.0
1337618845.78 -138.0
1337618845.78 -156.0
1337618845.78 -170.0
1337618845.78 -187.0
1337618845.78 -185.0
1337618845.78 -184.0
1337618845.78 -211.0
1337618845.78 -206.0
1337618845.78 -213.0
1337618845.78 -227.0
1337618845.8 -236.0
1337618845.8 -247.0
1337618845.8 -267.0
1337618845.8 -307.0
1337618845.8 -307.0
1337618845.8 -342.0
1337618845.8 -371.0
1337618845.8 -376.0
1337618845.8 -420.0
1337618845.81 -427.0
1337618845.82 -435.0
1337618845.82 -477.0
1337618845.82 -506.0
1337618845.82 -521.0
1337618845.82 -553.0
1337618845.82 -593.0
1337618845.82 -585.0
1337618845.82 -615.0
1337618845.82 -653.0
1337618845.82 -636.0
1337618845.83 -688.0
1337618845.83 -696.0
1337618845.83 -681.0
1337618845.84 -734.0
1337618845.84 -757.0
1337618845.84 -754.0
1337618845.84 -782.0
1337618845.84 -805.0
1337618845.84 -797.0
1337618845.84 -841.0
1337618845.85 -875.0
1337618845.85 -845.0
1337618845.85 -891.0
1337618845.85 -905.0
1337618845.85 -895.0
1337618845.85 -947.0
1337618845.85 -970.0
1337618845.85 -977.0
1337618845.85 -1003.0
1337618845.85 -1042.0
1337618845.85 -1030.0
1337618845.85 -1082.0
1337618845.85 -1122.0
1337618845.86 -1121.0
1337618845.86 -1154.0
1337618845.86 -1173.0
1337618845.86 -1177.0
1337618845.86 -1224.0
1337618845.86 -1259.0
1337618845.86 -1256.0
1337618845.87 -1286.0
1337618845.87 -1314.0
1337618845.87 -1314.0
1337618845.87 -1329.0
1337618845.87 184.0
1337618845.87 189.0
1337618845.87 195.0
1337618845.88 182.0
1337618845.88 200.0
1337618845.88 203.0
1337618845.88 174.0
1337618845.88 181.0
1337618845.88 142.0
1337618845.88 151.0
1337618845.88 150.0
1337618845.88 124.0
1337618845.88 129.0
1337618845.89 91.0
1337618845.9 109.0
1337618845.9 80.0
1337618845.92 86.0
1337618845.92 111.0
1337618845.92 105.0
1337618845.93 98.0
1337618845.93 121.0
1337618845.93 137.0
1337618845.93 120.0
1337618845.94 148.0
1337618845.94 149.0
1337618845.95 168.0
1337618845.95 204.0
1337618845.96 197.0
1337618845.97 218.0
1337618845.97 237.0
1337618845.98 224.0
1337618845.98 256.0
1337618846.0 281.0
1337618846.0 298.0
1337618846.0 293.0
1337618846.0 316.0
1337618846.01 325.0
1337618846.01 338.0
1337618846.01 354.0
1337618846.02 359.0
1337618846.02 392.0
1337618846.03 400.0
1337618846.03 403.0
1337618846.04 426.0
1337618846.04 435.0
1337618846.05 427.0
1337618846.07 449.0
1337618846.07 448.0
1337618846.07 476.0
1337618846.07 486.0
1337618846.08 478.0
1337618846.08 505.0
1337618846.08 532.0
1337618846.09 522.0
1337618846.09 532.0
1337618846.1 547.0
1337618846.11 535.0
1337618846.11 555.0
1337618846.11 576.0
1337618846.13 568.0
1337618846.14 566.0
1337618846.14 575.0
1337618846.14 554.0
1337618846.14 579.0
1337618846.15 591.0
1337618846.15 544.0
1337618846.15 558.0
1337618846.16 583.0
1337618846.16 551.0
1337618846.17 567.0
1337618846.17 565.0
1337618846.18 524.0
1337618846.18 513.0
1337618846.19 507.0
1337618846.19 475.0
1337618846.2 478.0
1337618846.22 469.0
1337618846.22 447.0
1337618846.22 461.0
1337618846.22 450.0
1337618846.22 441.0
1337618846.23 449.0
1337618846.23 463.0
1337618846.24 443.0
1337618846.24 425.0
1337618846.25 437.0
1337618846.25 431.0
1337618846.26 423.0
1337618846.26 437.0
1337618846.27 429.0
1337618846.27 412.0
1337618846.28 421.0
1337618846.28 421.0
1337618846.3 407.0
1337618846.3 431.0
1337618846.3 419.0
1337618846.31 413.0
1337618846.31 428.0
1337618846.31 410.0
1337618846.32 398.0
1337618846.32 409.0
1337618846.33 399.0
1337618846.33 379.0
1337618846.34 398.0
1337618846.34 397.0
1337618846.35 358.0
1337618846.35 378.0
1337618846.36 381.0
1337618846.36 357.0
1337618846.38 402.0
1337618846.38 385.0
1337618846.38 361.0
1337618846.39 386.0
1337618846.39 365.0
1337618846.39 365.0
1337618846.4 391.0
1337618846.4 375.0
1337618846.41 363.0
1337618846.41 394.0
1337618846.42 397.0
1337618846.42 381.0
1337618846.43 410.0
1337618846.43 405.0
1337618846.44 402.0
1337618846.44 421.0
1337618846.45 397.0
1337618846.46 392.0
1337618846.46 402.0
1337618846.47 386.0
1337618846.47 386.0
1337618846.47 383.0
1337618846.48 362.0
1337618846.48 349.0
1337618846.49 352.0
1337618846.49 343.0
1337618846.5 337.0
1337618846.5 312.0
1337618846.51 275.0
1337618846.51 254.0
1337618846.52 208.0
1337618846.52 182.0
1337618846.53 181.0
1337618846.53 140.0
1337618846.55 108.0
1337618846.55 75.0
1337618846.55 26.0
1337618846.56 4.0
1337618846.56 -22.0
1337618846.56 -84.0
1337618846.57 -113.0
1337618846.57 -136.0
1337618846.58 -198.0
1337618846.58 -228.0
1337618846.59 -258.0
1337618846.59 -331.0
1337618846.6 -359.0
1337618846.6 -380.0
1337618846.61 -440.0
1337618846.61 -472.0
1337618846.62 -520.0
1337618846.62 -578.0
1337618846.63 -605.0
1337618846.63 -632.0
1337618846.66 -685.0
1337618846.66 -710.0
1337618846.66 -730.0
1337618846.66 -772.0
1337618846.66 -807.0
1337618846.67 -825.0
1337618846.67 -858.0
1337618846.67 -892.0
1337618846.68 -897.0
1337618846.68 -929.0
1337618846.69 -967.0
1337618846.69 -972.0
1337618846.7 -999.0
1337618846.7 -1020.0
1337618846.71 -1022.0
1337618846.71 -1045.0
1337618846.72 -1077.0
1337618846.72 -1062.0
1337618846.73 -1063.0
1337618846.73 -1095.0
1337618846.75 -1073.0
1337618846.75 -1076.0
1337618846.75 -1107.0
1337618846.75 -1080.0
1337618846.76 -1081.0
1337618846.76 -1109.0
1337618846.77 -1075.0
1337618846.77 -1077.0
1337618846.78 -1091.0
1337618846.78 -1054.0
1337618846.79 -1056.0
1337618846.79 -1080.0
1337618846.8 -1037.0
1337618846.82 -1030.0
1337618846.82 -1067.0
1337618846.82 -1029.0
1337618846.82 -1018.0
1337618846.83 -1036.0
1337618846.83 -995.0
1337618846.83 -990.0
1337618846.84 -992.0
1337618846.84 -960.0
1337618846.85 -970.0
1337618846.85 -975.0
1337618846.86 -943.0
1337618846.86 -941.0
1337618846.87 -943.0
1337618846.87 -908.0
1337618846.88 -904.0
1337618846.88 -929.0
1337618846.91 -913.0
1337618846.91 -892.0
1337618846.91 -891.0
1337618846.91 -869.0
1337618846.91 -865.0
1337618846.91 -876.0
1337618846.92 -875.0
1337618846.92 -870.0
1337618846.93 -867.0
1337618846.93 -839.0
1337618846.94 -846.0
1337618846.94 -856.0
1337618846.95 -831.0
1337618846.95 -839.0
1337618846.96 -855.0
1337618846.96 -845.0
1337618846.98 -839.0
1337618846.98 -844.0
1337618846.98 -865.0
1337618846.99 -867.0
1337618846.99 -861.0
1337618846.99 -891.0
1337618847.0 -881.0
1337618847.0 -898.0
1337618847.01 -911.0
1337618847.01 -911.0
1337618847.02 -924.0
1337618847.02 -906.0
1337618847.03 -901.0
1337618847.03 -919.0
1337618847.05 -914.0
1337618847.05 -895.0
1337618847.05 -887.0
1337618847.05 -901.0
1337618847.06 -886.0
1337618847.06 -864.0
1337618847.07 -876.0
1337618847.07 -861.0
1337618847.08 -853.0
1337618847.08 -863.0
1337618847.09 -853.0
1337618847.09 -846.0
1337618847.1 -836.0
1337618847.12 -831.0
1337618847.12 -847.0
1337618847.12 -833.0
1337618847.12 -821.0
1337618847.12 -797.0
1337618847.13 -790.0
1337618847.13 -792.0
1337618847.14 -768.0
1337618847.14 -759.0
1337618847.15 -762.0
1337618847.15 -726.0
1337618847.16 -714.0
1337618847.16 -734.0
1337618847.17 -700.0
1337618847.19 -683.0
1337618847.19 -699.0
1337618847.19 -672.0
1337618847.19 -663.0
1337618847.2 -672.0
1337618847.2 -637.0
1337618847.2 -624.0
1337618847.21 -636.0
1337618847.21 -597.0
1337618847.22 -593.0
1337618847.22 -613.0
1337618847.23 -576.0
1337618847.23 -568.0
1337618847.25 -594.0
1337618847.26 -565.0
1337618847.26 -551.0
1337618847.26 -570.0
1337618847.26 -541.0
1337618847.26 -543.0
1337618847.27 -568.0
1337618847.27 -553.0
1337618847.28 -552.0
1337618847.28 -579.0
1337618847.29 -566.0
1337618847.29 -580.0
1337618847.3 -610.0
1337618847.3 -595.0
1337618847.31 -598.0
1337618847.31 -635.0
1337618847.32 -648.0
1337618847.34 -667.0
1337618847.34 -696.0
1337618847.34 -699.0
1337618847.34 -698.0
1337618847.34 -735.0
1337618847.35 -754.0
1337618847.35 -765.0
1337618847.36 -800.0
1337618847.36 -798.0
1337618847.37 -801.0
1337618847.37 -829.0
1337618847.38 -829.0
1337618847.38 -825.0
1337618847.4 -852.0
1337618847.4 -884.0
1337618847.4 -894.0
1337618847.4 -920.0
1337618847.41 -947.0
1337618847.41 -929.0
1337618847.42 -967.0
1337618847.42 -1008.0
1337618847.43 -1019.0
1337618847.43 -1059.0
1337618847.44 -1077.0
1337618847.44 -1090.0
1337618847.45 -1136.0
1337618847.45 -1172.0
1337618847.46 -1175.0
1337618847.46 -1208.0
1337618847.48 -1225.0
1337618847.48 -1208.0
1337618847.48 -1241.0
1337618847.49 -1284.0
1337618847.49 -1289.0
1337618847.49 -1308.0
1337618847.5 -1344.0
1337618847.5 -1348.0
1337618847.5 -1376.0
1337618847.51 -1405.0
1337618847.52 -1402.0
1337618847.52 -1436.0
1337618847.53 -1456.0
1337618847.53 -1454.0
1337618847.55 -1498.0
1337618847.56 -1505.0
1337618847.56 -1501.0
1337618847.56 -1526.0
1337618847.56 -1553.0
1337618847.56 -1549.0
1337618847.57 -1552.0
1337618847.57 -1580.0
1337618847.58 -1592.0
1337618847.58 -1617.0
1337618847.59 -1633.0
1337618847.59 -1632.0
1337618847.59 -1641.0
1337618847.62 -1643.0
1337618847.63 -1655.0
1337618847.63 -1685.0
1337618847.63 -1687.0
1337618847.63 -1683.0
1337618847.63 -1689.0
1337618847.63 -1717.0
1337618847.64 -1730.0
1337618847.64 -1737.0
1337618847.65 -1751.0
1337618847.65 -1763.0
1337618847.65 -1757.0
1337618847.66 -1761.0
1337618847.66 -1780.0
1337618847.68 -1780.0
1337618847.68 -1781.0
1337618847.68 -1791.0
1337618847.68 -1781.0
1337618847.69 -1778.0
1337618847.7 -1783.0
1337618847.7 -1770.0
1337618847.7 -1772.0
1337618847.71 -1774.0
1337618847.71 -1737.0
1337618847.72 -1731.0
1337618847.73 -1750.0
1337618847.73 -1714.0
1337618847.73 -1690.0
1337618847.74 -1683.0
1337618847.74 -1636.0
1337618847.76 -1616.0
1337618847.77 -1614.0
1337618847.77 -1559.0
1337618847.77 -1521.0
1337618847.77 -1501.0
1337618847.78 -1445.0
1337618847.78 -1424.0
1337618847.78 -1411.0
1337618847.79 -1335.0
1337618847.79 -1291.0
1337618847.8 -1273.0
1337618847.8 -1204.0
1337618847.81 -1157.0
1337618847.81 -1128.0
1337618847.82 -1045.0
1337618847.82 -1001.0
1337618847.84 -969.0
1337618847.84 -889.0
1337618847.85 -842.0
1337618847.85 -819.0
1337618847.85 -754.0
1337618847.85 -719.0
1337618847.86 -683.0
1337618847.86 -599.0
1337618847.87 -550.0
1337618847.87 -529.0
1337618847.88 -473.0
1337618847.88 -423.0
1337618847.89 -379.0
1337618847.89 -316.0
1337618847.9 -280.0
1337618847.9 -265.0
1337618847.91 -219.0
1337618847.91 -154.0
1337618847.93 -115.0
1337618847.93 -54.0
1337618847.93 2.0
1337618847.93 22.0
1337618847.94 59.0
1337618847.95 113.0
1337618847.95 137.0
1337618847.95 175.0
1337618847.96 244.0
1337618847.96 269.0
1337618847.97 297.0
1337618847.97 358.0
1337618847.98 375.0
1337618847.98 423.0
1337618847.99 488.0
1337618847.99 499.0
1337618848.01 520.0
1337618848.01 568.0
1337618848.01 583.0
1337618848.02 615.0
1337618848.02 671.0
1337618848.02 673.0
1337618848.03 685.0
1337618848.03 740.0
1337618848.04 761.0
1337618848.04 775.0
1337618848.05 810.0
1337618848.05 822.0
1337618848.06 835.0
1337618848.06 870.0
1337618848.07 876.0
1337618848.07 900.0
1337618848.09 929.0
1337618848.09 925.0
1337618848.09 957.0
1337618848.1 965.0
1337618848.1 973.0
1337618848.1 994.0
1337618848.11 993.0
1337618848.11 1009.0
1337618848.12 1010.0
1337618848.12 996.0
1337618848.13 1029.0
1337618848.13 1041.0
1337618848.14 1006.0
1337618848.14 1011.0
1337618848.15 1011.0
1337618848.15 986.0
1337618848.16 999.0
1337618848.18 994.0
1337618848.18 963.0
1337618848.18 951.0
1337618848.18 923.0
1337618848.18 901.0
1337618848.19 891.0
1337618848.19 867.0
1337618848.2 832.0
1337618848.2 806.0
1337618848.21 810.0
1337618848.21 780.0
1337618848.22 756.0
1337618848.22 770.0
1337618848.23 740.0
1337618848.23 691.0
1337618848.24 693.0
1337618848.24 676.0
1337618848.26 655.0
1337618848.26 663.0
1337618848.26 626.0
1337618848.26 582.0
1337618848.27 581.0
1337618848.27 542.0
1337618848.28 517.0
1337618848.28 526.0
1337618848.29 470.0
1337618848.29 416.0
1337618848.3 407.0
1337618848.3 398.0
1337618848.31 364.0
1337618848.31 337.0
1337618848.32 315.0
1337618848.32 257.0
1337618848.34 250.0
1337618848.34 222.0
1337618848.34 186.0
1337618848.34 190.0
1337618848.35 145.0
1337618848.35 121.0
1337618848.36 99.0
1337618848.36 69.0
1337618848.37 11.0
1337618848.37 -28.0
1337618848.38 -44.0
1337618848.38 -78.0
1337618848.39 -133.0
1337618848.39 -148.0
1337618848.4 -208.0
1337618848.4 -257.0
1337618848.41 -277.0
1337618848.41 -336.0
1337618848.43 -356.0
1337618848.43 -387.0
1337618848.43 -443.0
1337618848.44 -485.0
1337618848.44 -501.0
1337618848.44 -549.0
1337618848.45 -609.0
1337618848.45 -639.0
1337618848.46 -687.0
1337618848.46 -744.0
1337618848.47 -750.0
1337618848.47 -814.0
1337618848.48 -845.0
1337618848.48 -874.0
1337618848.49 -921.0
1337618848.49 -936.0
1337618848.51 -970.0
1337618848.51 -1004.0
1337618848.51 -1033.0
1337618848.52 -1029.0
1337618848.52 -1022.0
1337618848.52 -1069.0
1337618848.53 -1121.0
1337618848.53 -1212.0
1337618848.54 -1324.0
1337618848.54 -1445.0
1337618848.55 -1618.0
1337618848.55 -1792.0
1337618848.56 -2046.0
1337618848.56 -2286.0
1337618848.57 -2511.0
1337618848.57 -2805.0
1337618848.59 -3067.0
1337618848.59 -3374.0
1337618848.6 -3717.0
1337618848.6 -3986.0
1337618848.6 -4307.0
1337618848.6 -4653.0
1337618848.61 -4932.0
1337618848.61 -5286.0
1337618848.62 -5617.0
1337618848.62 -5886.0
1337618848.63 -6200.0
1337618848.63 -6501.0
1337618848.64 -6779.0
1337618848.65 -7084.0
1337618848.65 -7365.0
1337618848.65 -7613.0
1337618848.66 -7875.0
1337618848.66 -8133.0
1337618848.68 -8356.0
1337618848.68 -8573.0
1337618848.68 -8787.0
1337618848.68 -8980.0
1337618848.69 -9208.0
1337618848.69 -9394.0
1337618848.7 -9563.0
1337618848.7 -9729.0
1337618848.71 -9882.0
1337618848.71 -10023.0
1337618848.72 -10173.0
1337618848.72 -10305.0
1337618848.73 -10419.0
1337618848.75 -10525.0
1337618848.75 -10616.0
1337618848.75 -10733.0
1337618848.75 -10809.0
1337618848.75 -10883.0
1337618848.76 -10985.0
1337618848.76 -11057.0
1337618848.77 -11115.0
1337618848.77 -11205.0
1337618848.78 -11265.0
1337618848.78 -11326.0
1337618848.79 -11390.0
1337618848.79 -11432.0
1337618848.81 -11483.0
1337618848.81 -11543.0
1337618848.81 -11561.0
1337618848.81 -11590.0
1337618848.82 -11653.0
1337618848.82 -11646.0
1337618848.83 -11661.0
1337618848.84 -11706.0
1337618848.84 -11707.0
1337618848.84 -11693.0
1337618848.85 -11726.0
1337618848.85 -11722.0
1337618848.86 -11728.0
1337618848.86 -11758.0
1337618848.87 -11739.0
1337618848.88 -11753.0
1337618848.88 -11753.0
1337618848.88 -11733.0
1337618848.88 -11733.0
1337618848.89 -11738.0
1337618848.9 -11717.0
1337618848.9 -11686.0
1337618848.92 -11684.0
1337618848.92 -11695.0
1337618848.92 -11650.0
1337618848.92 -11642.0
1337618848.93 -11636.0
1337618848.93 -11576.0
1337618848.93 -11565.0
1337618848.94 -11553.0
1337618848.96 -11498.0
1337618848.96 -11481.0
1337618848.96 -11446.0
1337618848.96 -11391.0
1337618848.97 -11404.0
1337618848.97 -11372.0
1337618848.98 -11337.0
1337618848.98 -11346.0
1337618848.98 -11326.0
1337618848.99 -11284.0
1337618849.0 -11272.0
1337618849.02 -11255.0
1337618849.02 -11235.0
1337618849.02 -11208.0
1337618849.02 -11196.0
1337618849.02 -11180.0
1337618849.03 -11151.0
1337618849.03 -11148.0
1337618849.04 -11137.0
1337618849.04 -11122.0
1337618849.06 -11102.0
1337618849.06 -11084.0
1337618849.06 -11071.0
1337618849.07 -11085.0
1337618849.07 -11048.0
1337618849.07 -11034.0
1337618849.08 -11030.0
1337618849.08 -10996.0
1337618849.08 -11001.0
1337618849.09 -10979.0
1337618849.09 -10964.0
1337618849.1 -10956.0
1337618849.11 -10904.0
1337618849.12 -10894.0
1337618849.14 -10892.0
1337618849.14 -10819.0
1337618849.14 -10818.0
1337618849.14 -10812.0
1337618849.14 -10768.0
1337618849.14 -10763.0
1337618849.15 -10768.0
1337618849.15 -10743.0
1337618849.15 -10752.0
1337618849.16 -10759.0
1337618849.18 -10725.0
1337618849.18 -10740.0
1337618849.18 -10740.0
1337618849.18 -10721.0
1337618849.19 -10739.0
1337618849.19 -10740.0
1337618849.19 -10728.0
1337618849.2 -10741.0
1337618849.21 -10738.0
1337618849.21 -10737.0
1337618849.23 -10713.0
1337618849.23 -10717.0
1337618849.23 -10724.0
1337618849.23 -10702.0
1337618849.24 -10707.0
1337618849.24 -10713.0
1337618849.24 -10691.0
1337618849.25 -10705.0
1337618849.25 -10695.0
1337618849.26 -10656.0
1337618849.28 -10653.0
1337618849.28 -10652.0
1337618849.28 -10642.0
1337618849.28 -10655.0
1337618849.28 -10650.0
1337618849.29 -10637.0
1337618849.3 -10633.0
1337618849.3 -10651.0
1337618849.3 -10667.0
1337618849.31 -10670.0
1337618849.31 -10686.0
1337618849.32 -10685.0
1337618849.32 -10706.0
1337618849.33 -10703.0
1337618849.33 -10708.0
1337618849.34 -10707.0
1337618849.34 -10687.0
1337618849.35 -10705.0
1337618849.35 -10680.0
1337618849.36 -10674.0
1337618849.37 -10696.0
1337618849.38 -10645.0
1337618849.38 -10657.0
1337618849.38 -10680.0
1337618849.39 -10642.0
1337618849.39 -10636.0
1337618849.39 -10657.0
1337618849.4 -10630.0
1337618849.41 -10637.0
1337618849.41 -10677.0
1337618849.41 -10664.0
1337618849.42 -10653.0
1337618849.42 -10683.0
1337618849.43 -10641.0
1337618849.44 -10646.0
1337618849.44 -10671.0
1337618849.44 -10611.0
1337618849.45 -10628.0
1337618849.45 -10632.0
1337618849.46 -10572.0
1337618849.48 -10579.0
1337618849.48 -10572.0
1337618849.48 -10515.0
1337618849.48 -10516.0
1337618849.49 -10506.0
1337618849.49 -10455.0
1337618849.49 -10457.0
1337618849.5 -10447.0
1337618849.51 -10394.0
1337618849.51 -10405.0
1337618849.51 -10383.0
1337618849.52 -10312.0
1337618849.52 -10308.0
1337618849.53 -10223.0
1337618849.53 -10074.0
1337618849.54 -10002.0
1337618849.54 -9826.0
1337618849.55 -9613.0
1337618849.55 -9471.0
1337618849.57 -9227.0
1337618849.57 -8982.0
1337618849.58 -8789.0
1337618849.58 -8512.0
1337618849.58 -8251.0
1337618849.59 -8032.0
1337618849.59 -7775.0
1337618849.59 -7495.0
1337618849.6 -7289.0
1337618849.61 -7022.0
1337618849.62 -6761.0
1337618849.62 -6569.0
1337618849.63 -6313.0
1337618849.63 -6030.0
1337618849.63 -5832.0
1337618849.63 -5587.0
1337618849.64 -5349.0
1337618849.65 -5176.0
1337618849.65 -4944.0
1337618849.66 -4737.0
1337618849.66 -4549.0
1337618849.67 -4326.0
1337618849.67 -4118.0
1337618849.67 -3952.0
1337618849.68 -3755.0
1337618849.68 -3582.0
1337618849.69 -3428.0
1337618849.71 -3235.0
1337618849.71 -3069.0
1337618849.71 -2907.0
1337618849.71 -2721.0
1337618849.71 -2571.0
1337618849.72 -2401.0
1337618849.72 -2253.0
1337618849.73 -2084.0
1337618849.73 -1901.0
1337618849.74 -1714.0
1337618849.74 -1503.0
1337618849.75 -1298.0
1337618849.75 -1071.0
1337618849.77 -826.0
1337618849.77 -584.0
1337618849.77 -317.0
1337618849.77 -26.0
1337618849.78 224.0
1337618849.78 493.0
1337618849.79 797.0
1337618849.79 1072.0
1337618849.8 1360.0
1337618849.8 1682.0
1337618849.81 1945.0
1337618849.82 2230.0
1337618849.82 2531.0
1337618849.82 2771.0
1337618849.83 3028.0
1337618849.83 3311.0
1337618849.84 3553.0
1337618849.84 3805.0
1337618849.85 4060.0
1337618849.85 4225.0
1337618849.87 4467.0
1337618849.87 4676.0
1337618849.87 4831.0
1337618849.87 5048.0
1337618849.88 5195.0
1337618849.88 5344.0
1337618849.89 5493.0
1337618849.89 5596.0
1337618849.9 5721.0
1337618849.9 5858.0
1337618849.92 5947.0
1337618849.92 6056.0
1337618849.92 6138.0
1337618849.92 6209.0
1337618849.93 6316.0
1337618849.93 6397.0
1337618849.94 6444.0
1337618849.94 6493.0
1337618849.95 6573.0
1337618849.95 6599.0
1337618849.96 6660.0
1337618849.96 6688.0
1337618849.97 6679.0
1337618849.98 6733.0
1337618849.98 6714.0
1337618849.98 6729.0
1337618849.99 6756.0
1337618849.99 6728.0
1337618850.0 6760.0
1337618850.0 6739.0
1337618850.01 6691.0
1337618850.01 6729.0
1337618850.02 6687.0
1337618850.04 6667.0
1337618850.04 6681.0
1337618850.04 6600.0
1337618850.04 6583.0
1337618850.04 6544.0
1337618850.05 6483.0
1337618850.05 6470.0
1337618850.06 6436.0
1337618850.06 6389.0
1337618850.07 6330.0
1337618850.07 6271.0
1337618850.08 6178.0
1337618850.08 6119.0
1337618850.09 6052.0
1337618850.09 5936.0
1337618850.1 5907.0
1337618850.1 5779.0
1337618850.11 5704.0
1337618850.11 5632.0
1337618850.12 5487.0
1337618850.12 5444.0
1337618850.13 5309.0
1337618850.13 5192.0
1337618850.14 5103.0
1337618850.14 4998.0
1337618850.15 4934.0
1337618850.15 4821.0
1337618850.17 4726.0
1337618850.17 4624.0
1337618850.17 4539.0
1337618850.17 4472.0
1337618850.18 4372.0
1337618850.18 4331.0
1337618850.19 4225.0
1337618850.19 4152.0
1337618850.2 4156.0
1337618850.2 4056.0
1337618850.21 4016.0
1337618850.21 3982.0
1337618850.22 3877.0
1337618850.22 3868.0
1337618850.24 3804.0
1337618850.24 3735.0
1337618850.24 3726.0
1337618850.24 3676.0
1337618850.25 3645.0
1337618850.25 3632.0
1337618850.26 3596.0
1337618850.26 3576.0
1337618850.27 3521.0
1337618850.27 3500.0
1337618850.28 3473.0
1337618850.28 3428.0
1337618850.29 3419.0
1337618850.29 3367.0
1337618850.3 3368.0
1337618850.3 3349.0
1337618850.31 3322.0
1337618850.32 3354.0
1337618850.32 3300.0
1337618850.32 3272.0
1337618850.33 3299.0
1337618850.33 3249.0
1337618850.34 3248.0
1337618850.34 3229.0
1337618850.35 3188.0
1337618850.35 3172.0
1337618850.36 3149.0
1337618850.36 3119.0
1337618850.37 3122.0
1337618850.37 3117.0
1337618850.39 3077.0
1337618850.39 3062.0
1337618850.39 3040.0
1337618850.4 3035.0
1337618850.4 3006.0
1337618850.4 2994.0
1337618850.41 2963.0
1337618850.41 2932.0
1337618850.42 2924.0
1337618850.42 2872.0
1337618850.43 2851.0
1337618850.43 2828.0
1337618850.44 2761.0
1337618850.45 2766.0
1337618850.46 2726.0
1337618850.46 2676.0
1337618850.46 2706.0
1337618850.46 2657.0
1337618850.47 2619.0
1337618850.47 2624.0
1337618850.47 2589.0
1337618850.48 2549.0
1337618850.49 2519.0
1337618850.49 2492.0
1337618850.5 2445.0
1337618850.5 2428.0
1337618850.51 2431.0
1337618850.52 2354.0
1337618850.53 2355.0
1337618850.53 2344.0
1337618850.53 2292.0
1337618850.53 2302.0
1337618850.54 2268.0
1337618850.54 2223.0
1337618850.54 2221.0
1337618850.55 2184.0
1337618850.55 2128.0
1337618850.56 2131.0
1337618850.56 2093.0
1337618850.57 2075.0
1337618850.59 2077.0
1337618850.59 2037.0
1337618850.59 2046.0
1337618850.6 2013.0
1337618850.6 1970.0
1337618850.6 1990.0
1337618850.6 1929.0
1337618850.61 1909.0
1337618850.61 1904.0
1337618850.62 1868.0
1337618850.63 1844.0
1337618850.63 1797.0
1337618850.63 1778.0
1337618850.65 1747.0
1337618850.65 1711.0
1337618850.66 1720.0
1337618850.66 1665.0
1337618850.66 1638.0
1337618850.67 1631.0
1337618850.67 1578.0
1337618850.69 1575.0
1337618850.69 1557.0
1337618850.69 1503.0
1337618850.69 1496.0
1337618850.7 1479.0
1337618850.7 1437.0
1337618850.7 1436.0
1337618850.71 1413.0
1337618850.71 1374.0
1337618850.72 1359.0
1337618850.74 1342.0
1337618850.74 1344.0
1337618850.74 1320.0
1337618850.74 1290.0
1337618850.75 1284.0
1337618850.75 1252.0
1337618850.75 1247.0
1337618850.76 1246.0
1337618850.76 1236.0
1337618850.77 1229.0
1337618850.79 1206.0
1337618850.79 1204.0
1337618850.79 1200.0
1337618850.79 1183.0
1337618850.79 1182.0
1337618850.8 1181.0
1337618850.8 1163.0
1337618850.81 1171.0
1337618850.81 1176.0
1337618850.82 1171.0
1337618850.84 1201.0
1337618850.84 1182.0
1337618850.84 1167.0
1337618850.84 1206.0
1337618850.84 1185.0
1337618850.85 1171.0
1337618850.85 1207.0
1337618850.86 1167.0
1337618850.86 1149.0
1337618850.87 1171.0
1337618850.88 1123.0
1337618850.89 1117.0
1337618850.89 1113.0
1337618850.89 1061.0
1337618850.89 1059.0
1337618850.9 1016.0
1337618850.9 983.0
1337618850.91 979.0
1337618850.91 941.0
1337618850.92 921.0
1337618850.92 890.0
1337618850.93 859.0
1337618850.93 817.0
1337618850.96 766.0
1337618850.96 760.0
1337618850.96 725.0
1337618850.96 688.0
1337618850.96 669.0
1337618850.97 594.0
1337618850.97 602.0
1337618850.97 584.0
1337618850.98 525.0
1337618850.98 543.0
1337618851.0 487.0
1337618851.0 442.0
1337618851.0 441.0
1337618851.0 387.0
1337618851.01 349.0
1337618851.01 315.0
1337618851.02 299.0
1337618851.02 251.0
1337618851.03 198.0
1337618851.04 214.0
1337618851.06 134.0
1337618851.06 115.0
1337618851.06 103.0
1337618851.06 30.0
1337618851.06 32.0
1337618851.06 -19.0
1337618851.07 -78.0
1337618851.07 -85.0
1337618851.08 -123.0
1337618851.08 -161.0
1337618851.1 -194.0
1337618851.1 -219.0
1337618851.11 -226.0
1337618851.11 -264.0
1337618851.11 -275.0
1337618851.11 -286.0
1337618851.12 -312.0
1337618851.13 -323.0
1337618851.13 -354.0
1337618851.13 -372.0
1337618851.14 -398.0
1337618851.14 -436.0
1337618851.15 -420.0
1337618851.17 -452.0
1337618851.17 -456.0
1337618851.17 -453.0
1337618851.17 -474.0
1337618851.17 -473.0
1337618851.18 -495.0
1337618851.18 -518.0
1337618851.19 -511.0
1337618851.19 -536.0
1337618851.2 -550.0
1337618851.21 -544.0
1337618851.21 -574.0
1337618851.21 -552.0
1337618851.23 -558.0
1337618851.24 -569.0
1337618851.24 -529.0
1337618851.24 -554.0
1337618851.24 -567.0
1337618851.24 -538.0
1337618851.25 -547.0
1337618851.25 -554.0
1337618851.27 -549.0
1337618851.27 -531.0
1337618851.27 -549.0
1337618851.27 -562.0
1337618851.28 -527.0
1337618851.28 -569.0
1337618851.29 -558.0
1337618851.29 -542.0
1337618851.3 -593.0
1337618851.32 -560.0
1337618851.32 -567.0
1337618851.32 -605.0
1337618851.32 -595.0
1337618851.32 -607.0
1337618851.33 -647.0
1337618851.33 -634.0
1337618851.34 -635.0
1337618851.34 -633.0
1337618851.35 -636.0
1337618851.35 -653.0
1337618851.36 -649.0
1337618851.36 -664.0
1337618851.37 -669.0
1337618851.39 -667.0
1337618851.39 -689.0
1337618851.39 -687.0
1337618851.39 -703.0
1337618851.39 -706.0
1337618851.4 -716.0
1337618851.4 -758.0
1337618851.41 -762.0
1337618851.41 -768.0
1337618851.42 -785.0
1337618851.43 -775.0
1337618851.43 -769.0
1337618851.43 -795.0
1337618851.44 -780.0
1337618851.44 -803.0
1337618851.45 -827.0
1337618851.45 -782.0
1337618851.46 -804.0
1337618851.46 -835.0
1337618851.47 -819.0
1337618851.48 -851.0
1337618851.48 -858.0
1337618851.49 -844.0
1337618851.49 -836.0
1337618851.5 -854.0
1337618851.5 -871.0
1337618851.5 -872.0
1337618851.51 -879.0
1337618851.52 -889.0
1337618851.52 -887.0
1337618851.54 -912.0
1337618851.54 -934.0
1337618851.54 -918.0
1337618851.54 -944.0
1337618851.54 -951.0
1337618851.55 -935.0
1337618851.56 -974.0
1337618851.56 -1002.0
1337618851.56 -989.0
1337618851.57 -1014.0
1337618851.57 -1026.0
1337618851.58 -1025.0
1337618851.58 -1057.0
1337618851.6 -1083.0
1337618851.6 -1093.0
1337618851.6 -1101.0
1337618851.6 -1125.0
1337618851.61 -1154.0
1337618851.61 -1150.0
1337618851.62 -1186.0
1337618851.62 -1203.0
1337618851.63 -1199.0
1337618851.63 -1242.0
1337618851.65 -1274.0
1337618851.65 -1288.0
1337618851.65 -1341.0
1337618851.65 -1345.0
1337618851.66 -1333.0
1337618851.66 -1371.0
1337618851.67 -1378.0
1337618851.67 -1370.0
1337618851.68 -1412.0
1337618851.68 -1404.0
1337618851.7 -1399.0
1337618851.7 -1438.0
1337618851.7 -1439.0
1337618851.7 -1444.0
1337618851.71 -1455.0
1337618851.71 -1469.0
1337618851.72 -1472.0
1337618851.72 -1486.0
1337618851.73 -1490.0
1337618851.74 -1483.0
1337618851.75 -1479.0
1337618851.75 -1476.0
1337618851.75 -1485.0
1337618851.75 -1513.0
1337618851.76 -1503.0
1337618851.76 -1503.0
1337618851.77 -1511.0
1337618851.77 -1508.0
1337618851.78 -1521.0
1337618851.78 -1534.0
1337618851.79 -1555.0
1337618851.79 -1563.0
1337618851.8 -1557.0
1337618851.8 -1559.0
1337618851.81 -1574.0
1337618851.81 -1588.0
1337618851.83 -1582.0
1337618851.83 -1612.0
1337618851.83 -1642.0
1337618851.83 -1640.0
1337618851.84 -1681.0
1337618851.84 -1700.0
1337618851.85 -1701.0
1337618851.87 -1735.0
1337618851.87 -1746.0
1337618851.87 -1773.0
1337618851.87 -1772.0
1337618851.87 -1788.0
1337618851.88 -1782.0
1337618851.88 -1783.0
1337618851.89 -1810.0
1337618851.89 -1773.0
1337618851.9 -1794.0
1337618851.9 -1813.0
1337618851.92 -1780.0
1337618851.92 -1804.0
1337618851.92 -1815.0
1337618851.92 -1793.0
1337618851.93 -1793.0
1337618851.93 -1796.0
1337618851.94 -1775.0
1337618851.94 -1770.0
1337618851.95 -1766.0
1337618851.95 -1753.0
1337618851.97 -1749.0
1337618851.97 -1733.0
1337618851.97 -1718.0
1337618851.97 -1713.0
1337618851.98 -1709.0
1337618851.98 -1710.0
1337618851.99 -1699.0
1337618851.99 -1700.0
1337618852.0 -1706.0
1337618852.01 -1673.0
1337618852.01 -1677.0
1337618852.01 -1701.0
1337618852.02 -1668.0
1337618852.02 -1652.0
1337618852.03 -1662.0
1337618852.03 -1630.0
1337618852.04 -1626.0
1337618852.04 -1647.0
1337618852.05 -1619.0
1337618852.05 -1609.0
1337618852.06 -1623.0
1337618852.06 -1586.0
1337618852.07 -1594.0
1337618852.08 -1610.0
1337618852.09 -1580.0
1337618852.09 -1588.0
1337618852.09 -1605.0
1337618852.1 -1597.0
1337618852.1 -1573.0
1337618852.1 -1589.0
1337618852.11 -1596.0
1337618852.11 -1573.0
1337618852.11 -1608.0
1337618852.14 -1619.0
1337618852.14 -1587.0
1337618852.14 -1622.0
1337618852.14 -1613.0
1337618852.14 -1594.0
1337618852.15 -1624.0
1337618852.15 -1603.0
1337618852.16 -1583.0
1337618852.16 -1605.0
1337618852.17 -1587.0
1337618852.18 -1575.0
1337618852.18 -1601.0
1337618852.19 -1596.0
1337618852.19 -1595.0
1337618852.19 -1622.0
1337618852.2 -1615.0
1337618852.2 -1616.0
1337618852.21 -1618.0
1337618852.21 -1615.0
1337618852.22 -1635.0
1337618852.23 -1623.0
1337618852.23 -1624.0
1337618852.23 -1629.0
1337618852.23 -1614.0
1337618852.24 -1622.0
1337618852.24 -1644.0
1337618852.25 -1634.0
1337618852.25 -1648.0
1337618852.26 -1666.0
1337618852.26 -1652.0
1337618852.27 -1678.0
1337618852.27 -1685.0
1337618852.28 -1695.0
1337618852.3 -1742.0
1337618852.3 -1737.0
1337618852.3 -1750.0
1337618852.3 -1772.0
1337618852.31 -1781.0
1337618852.31 -1807.0
1337618852.31 -1809.0
1337618852.32 -1836.0
1337618852.32 -1863.0
1337618852.33 -1847.0
1337618852.35 -1864.0
1337618852.35 -1877.0
1337618852.35 -1866.0
1337618852.35 -1878.0
1337618852.36 -1883.0
1337618852.36 -1882.0
1337618852.36 -1879.0
1337618852.37 -1889.0
1337618852.37 -1902.0
1337618852.38 -1907.0
1337618852.38 -1901.0
1337618852.4 -1902.0
1337618852.4 -1920.0
1337618852.4 -1919.0
1337618852.4 -1936.0
1337618852.41 -1895.0
1337618852.41 -1906.0
1337618852.42 -1926.0
1337618852.42 -1888.0
1337618852.43 -1913.0
1337618852.45 -1925.0
1337618852.45 -1896.0
1337618852.45 -1924.0
1337618852.45 -1930.0
1337618852.46 -1913.0
1337618852.46 -1913.0
1337618852.46 -1904.0
1337618852.47 -1913.0
1337618852.47 -1921.0
1337618852.48 -1909.0
1337618852.48 -1909.0
1337618852.49 -1888.0
1337618852.49 -1886.0
1337618852.51 -1895.0
1337618852.51 -1866.0
1337618852.52 -1871.0
1337618852.52 -1874.0
1337618852.52 -1830.0
1337618852.52 -1839.0
1337618852.53 -1870.0
1337618852.53 -1831.0
1337618852.54 -1839.0
1337618852.54 -1844.0
1337618852.55 -1828.0
1337618852.57 -1836.0
1337618852.57 -1844.0
1337618852.57 -1833.0
1337618852.57 -1805.0
1337618852.58 -1809.0
1337618852.58 -1797.0
1337618852.58 -1764.0
1337618852.59 -1780.0
1337618852.59 -1748.0
1337618852.6 -1716.0
1337618852.61 -1732.0
1337618852.61 -1710.0
1337618852.62 -1667.0
1337618852.62 -1676.0
1337618852.62 -1658.0
1337618852.63 -1626.0
1337618852.63 -1631.0
1337618852.64 -1611.0
1337618852.64 -1586.0
1337618852.65 -1563.0
1337618852.67 -1544.0
1337618852.67 -1531.0
1337618852.67 -1505.0
1337618852.67 -1495.0
1337618852.68 -1472.0
1337618852.68 -1430.0
1337618852.68 -1427.0
1337618852.69 -1430.0
1337618852.69 -1421.0
1337618852.7 -1426.0
1337618852.7 -1411.0
1337618852.71 -1403.0
1337618852.71 -1420.0
1337618852.73 -1403.0
1337618852.73 -1409.0
1337618852.73 -1406.0
1337618852.74 -1393.0
1337618852.74 -1402.0
1337618852.74 -1386.0
1337618852.75 -1373.0
1337618852.75 -1377.0
1337618852.76 -1336.0
1337618852.76 -1351.0
1337618852.78 -1355.0
1337618852.78 -1325.0
1337618852.79 -1327.0
1337618852.79 -1327.0
1337618852.79 -1331.0
1337618852.79 -1323.0
1337618852.8 -1341.0
1337618852.8 -1356.0
1337618852.81 -1323.0
1337618852.81 -1337.0
1337618852.82 -1337.0
1337618852.83 -1320.0
1337618852.83 -1323.0
1337618852.83 -1319.0
1337618852.84 -1309.0
1337618852.84 -1310.0
1337618852.85 -1302.0
1337618852.85 -1278.0
1337618852.86 -1305.0
1337618852.86 -1298.0
1337618852.88 -1296.0
1337618852.88 -1299.0
1337618852.88 -1294.0
1337618852.88 -1296.0
1337618852.89 -1261.0
1337618852.89 -1252.0
1337618852.9 -1254.0
1337618852.9 -1202.0
1337618852.91 -1214.0
1337618852.91 -1215.0
1337618852.92 -1181.0
1337618852.92 -1177.0
1337618852.93 -1172.0
1337618852.95 -1161.0
1337618852.95 -1145.0
1337618852.95 -1141.0
1337618852.95 -1128.0
1337618852.95 -1097.0
1337618852.96 -1106.0
1337618852.96 -1093.0
1337618852.97 -1060.0
1337618852.97 -1070.0
1337618852.98 -1036.0
1337618852.98 -998.0
1337618852.99 -995.0
1337618852.99 -968.0
1337618853.0 -940.0
1337618853.0 -958.0
1337618853.01 -935.0
1337618853.01 -914.0
1337618853.02 -892.0
1337618853.02 -879.0
1337618853.03 -867.0
1337618853.03 -831.0
1337618853.05 -836.0
1337618853.05 -820.0
1337618853.05 -776.0
1337618853.05 -785.0
1337618853.07 -773.0
1337618853.08 -743.0
1337618853.1 -758.0
1337618853.13 -746.0
1337618853.14 -740.0
1337618853.35 -741.0
1337618853.35 -715.0
1337618853.35 -705.0
1337618853.35 -696.0
1337618853.35 -668.0
1337618853.35 -655.0
1337618853.35 -643.0
1337618853.35 -650.0
1337618853.36 -629.0
1337618853.37 -611.0
1337618853.37 -614.0
1337618853.37 -605.0
1337618853.37 -605.0
1337618853.37 -601.0
1337618853.37 -596.0
1337618853.37 -604.0
1337618853.37 -569.0
1337618853.37 -588.0
1337618853.37 -594.0
1337618853.37 -566.0
1337618853.38 -585.0
1337618853.38 -575.0
1337618853.39 -571.0
1337618853.39 -567.0
1337618853.39 -551.0
1337618853.39 -565.0
1337618853.39 -560.0
1337618853.39 -549.0
1337618853.39 -578.0
1337618853.39 -557.0
1337618853.4 -561.0
1337618853.4 -577.0
1337618853.41 -555.0
1337618853.41 -574.0
1337618853.41 -574.0
1337618853.41 -545.0
1337618853.41 -564.0
1337618853.41 -556.0
1337618853.41 -548.0
1337618853.41 -544.0
1337618853.41 -541.0
1337618853.41 -546.0
1337618853.41 -530.0
1337618853.41 -529.0
1337618853.41 -531.0
1337618853.42 -496.0
1337618853.42 -507.0
1337618853.43 -521.0
1337618853.43 -492.0
1337618853.43 -517.0
1337618853.43 -521.0
1337618853.43 -510.0
1337618853.43 -522.0
1337618853.43 -529.0
1337618853.44 -530.0
1337618853.44 -513.0
1337618853.44 -522.0
1337618853.44 -547.0
1337618853.44 -516.0
1337618853.44 -565.0
1337618853.44 -545.0
1337618853.44 -578.0
1337618853.44 -575.0
1337618853.44 -628.0
1337618853.44 -639.0
1337618853.44 -648.0
1337618853.44 -689.0
1337618853.44 -689.0
1337618853.44 -688.0
1337618853.44 -709.0
1337618853.44 -749.0
1337618853.45 -738.0
1337618853.45 -729.0
1337618853.46 -758.0
1337618853.47 -753.0
1337618853.47 -731.0
1337618853.47 -750.0
1337618853.48 -760.0
1337618853.48 -749.0
1337618853.49 -762.0
1337618853.49 -769.0
1337618853.5 -778.0
1337618853.51 -774.0
1337618853.52 -797.0
1337618853.52 -787.0
1337618853.52 -774.0
1337618853.52 -790.0
1337618853.53 -750.0
1337618853.54 -769.0
1337618853.54 -770.0
1337618853.54 -742.0
1337618853.55 -730.0
1337618853.55 -764.0
1337618853.55 -756.0
1337618853.56 -759.0
1337618853.58 -777.0
1337618853.58 -756.0
1337618853.58 -750.0
1337618853.58 -713.0
1337618853.59 -712.0
1337618853.59 -725.0
1337618853.6 -704.0
1337618853.6 -716.0
1337618853.61 -703.0
1337618853.61 -680.0
1337618853.62 -701.0
1337618853.62 -695.0
1337618853.63 -710.0
1337618853.64 -712.0
1337618853.64 -699.0
1337618853.65 -706.0
1337618853.65 -718.0
1337618853.65 -695.0
1337618853.66 -683.0
1337618853.66 -672.0
1337618853.66 -662.0
1337618853.67 -664.0
1337618853.67 -630.0
1337618853.68 -641.0
1337618853.7 -626.0
1337618853.7 -594.0
1337618853.71 -585.0
1337618853.71 -569.0
1337618853.71 -565.0
1337618853.71 -559.0
1337618853.72 -547.0
1337618853.72 -557.0
1337618853.72 -509.0
1337618853.75 -512.0
1337618853.75 -513.0
1337618853.75 -479.0
1337618853.75 -495.0
1337618853.75 -473.0
1337618853.76 -459.0
1337618853.76 -445.0
1337618853.76 -439.0
1337618853.77 -393.0
1337618853.78 -394.0
1337618853.78 -399.0
1337618853.79 -383.0
1337618853.79 -388.0
1337618853.8 -380.0
1337618853.8 -372.0
1337618853.8 -351.0
1337618853.81 -354.0
1337618853.82 -373.0
1337618853.82 -361.0
1337618853.82 -350.0
1337618853.83 -359.0
1337618853.83 -330.0
1337618853.84 -342.0
1337618853.85 -369.0
1337618853.86 -343.0
1337618853.86 -362.0
1337618853.87 -364.0
1337618853.87 -332.0
1337618853.87 -367.0
1337618853.88 -383.0
1337618853.88 -370.0
1337618853.88 -369.0
1337618853.89 -385.0
1337618853.9 -398.0
1337618853.91 -368.0
1337618853.91 -394.0
1337618853.92 -404.0
1337618853.92 -371.0
1337618853.92 -403.0
1337618853.92 -403.0
1337618853.93 -394.0
1337618853.93 -420.0
1337618853.94 -418.0
1337618853.94 -433.0
1337618853.96 -451.0
1337618853.96 -470.0
1337618853.97 -475.0
1337618853.97 -512.0
1337618853.97 -541.0
1337618853.97 -540.0
1337618853.98 -572.0
1337618853.98 -594.0
1337618853.99 -600.0
1337618853.99 -590.0
1337618854.01 -632.0
1337618854.01 -641.0
1337618854.01 -620.0
1337618854.02 -638.0
1337618854.02 -640.0
1337618854.02 -621.0
1337618854.03 -646.0
1337618854.03 -649.0
1337618854.04 -646.0
1337618854.04 -644.0
1337618854.05 -636.0
1337618854.05 -635.0
1337618854.06 -618.0
1337618854.08 -631.0
1337618854.08 -617.0
1337618854.08 -613.0
1337618854.08 -635.0
1337618854.08 -624.0
1337618854.09 -615.0
1337618854.09 -644.0
1337618854.1 -614.0
1337618854.1 -595.0
1337618854.11 -619.0
1337618854.11 -628.0
1337618854.13 -630.0
1337618854.13 -654.0
1337618854.13 -641.0
1337618854.13 -630.0
1337618854.14 -631.0
1337618854.14 -621.0
1337618854.15 -650.0
1337618854.15 -632.0
1337618854.16 -635.0
1337618854.16 -625.0
1337618854.18 -615.0
1337618854.19 -622.0
1337618854.19 -621.0
1337618854.19 -618.0
1337618854.19 -627.0
1337618854.19 -621.0
1337618854.2 -622.0
1337618854.2 -630.0
1337618854.21 -627.0
1337618854.22 -645.0
1337618854.24 -636.0
1337618854.24 -647.0
1337618854.24 -655.0
1337618854.24 -631.0
1337618854.24 -640.0
1337618854.24 -651.0
1337618854.25 -627.0
1337618854.25 -645.0
1337618854.26 -633.0
1337618854.26 -629.0
1337618854.27 -642.0
1337618854.27 -647.0
1337618854.28 -656.0
1337618854.28 -646.0
1337618854.29 -648.0
1337618854.29 -643.0
1337618854.31 -635.0
1337618854.31 -658.0
1337618854.31 -674.0
1337618854.32 -645.0
1337618854.32 -657.0
1337618854.32 -654.0
1337618854.33 -638.0
1337618854.35 -649.0
1337618854.35 -659.0
1337618854.35 -659.0
1337618854.35 -650.0
1337618854.35 -661.0
1337618854.36 -648.0
1337618854.36 -663.0
1337618854.38 -668.0
1337618854.38 -672.0
1337618854.39 -699.0
1337618854.4 -705.0
1337618854.4 -723.0
1337618854.4 -713.0
1337618854.4 -725.0
1337618854.4 -745.0
1337618854.41 -721.0
1337618854.41 -771.0
1337618854.42 -802.0
1337618854.42 -772.0
1337618854.43 -801.0
1337618854.45 -815.0
1337618854.45 -811.0
1337618854.45 -824.0
1337618854.45 -843.0
1337618854.45 -845.0
1337618854.46 -855.0
1337618854.46 -877.0
1337618854.47 -880.0
1337618854.48 -891.0
1337618854.48 -892.0
1337618854.5 -892.0
1337618854.5 -927.0
1337618854.5 -928.0
1337618854.5 -937.0
1337618854.5 -937.0
1337618854.51 -947.0
1337618854.51 -984.0
1337618854.52 -967.0
1337618854.52 -1001.0
1337618854.53 -1034.0
1337618854.53 -1018.0
1337618854.54 -1041.0
1337618854.54 -1079.0
1337618854.56 -1075.0
1337618854.56 -1102.0
1337618854.56 -1143.0
1337618854.56 -1149.0
1337618854.57 -1163.0
1337618854.57 -1184.0
1337618854.58 -1199.0
1337618854.58 -1228.0
1337618854.59 -1258.0
1337618854.59 -1265.0
1337618854.61 -1294.0
1337618854.61 -1312.0
1337618854.61 -1337.0
1337618854.61 -1367.0
1337618854.62 -1410.0
1337618854.62 -1440.0
1337618854.63 -1454.0
1337618854.63 -1485.0
1337618854.64 -1538.0
1337618854.64 -1564.0
1337618854.65 -1594.0
1337618854.66 -1651.0
1337618854.66 -1670.0
1337618854.66 -1701.0
1337618854.67 -1770.0
1337618854.67 -1809.0
1337618854.68 -1841.0
1337618854.68 -1907.0
1337618854.69 -1924.0
1337618854.69 -1983.0
1337618854.71 -2056.0
1337618854.71 -2084.0
1337618854.71 -2139.0
1337618854.71 -2215.0
1337618854.72 -2243.0
1337618854.72 -2291.0
1337618854.73 -2365.0
1337618854.73 -2388.0
1337618854.74 -2427.0
1337618854.74 -2494.0
1337618854.75 -2533.0
1337618854.75 -2575.0
1337618854.76 -2627.0
1337618854.78 -2643.0
1337618854.78 -2682.0
1337618854.78 -2732.0
1337618854.78 -2760.0
1337618854.78 -2788.0
1337618854.79 -2833.0
1337618854.79 -2838.0
1337618854.8 -2859.0
1337618854.8 -2899.0
1337618854.81 -2911.0
1337618854.82 -2913.0
1337618854.82 -2936.0
1337618854.83 -2943.0
1337618854.83 -2952.0
1337618854.83 -2984.0
1337618854.84 -2978.0
1337618854.85 -2968.0
1337618854.85 -2971.0
1337618854.85 -2969.0
1337618854.86 -2981.0
1337618854.87 -2991.0
1337618854.91 -2963.0
1337618854.91 -2953.0
1337618854.91 -2950.0
1337618854.91 -2930.0
1337618854.91 -2924.0
1337618854.91 -2924.0
1337618854.91 -2901.0
1337618854.92 -2899.0
1337618854.92 -2910.0
1337618854.92 -2897.0
1337618854.94 -2904.0
1337618854.94 -2886.0
1337618854.94 -2862.0
1337618854.94 -2872.0
1337618854.94 -2839.0
1337618854.94 -2826.0
1337618854.95 -2826.0
1337618854.95 -2801.0
1337618854.95 -2772.0
1337618854.96 -2757.0
1337618854.97 -2755.0
1337618854.98 -2731.0
1337618854.98 -2721.0
1337618854.99 -2684.0
1337618855.0 -2640.0
1337618855.0 -2626.0
1337618855.0 -2578.0
1337618855.0 -2552.0
1337618855.0 -2532.0
1337618855.01 -2468.0
1337618855.01 -2414.0
1337618855.02 -2382.0
1337618855.03 -2343.0
1337618855.04 -2294.0
1337618855.04 -2265.0
1337618855.05 -2206.0
1337618855.05 -2151.0
1337618855.05 -2113.0
1337618855.06 -2049.0
1337618855.06 -2007.0
1337618855.07 -1962.0
1337618855.07 -1883.0
1337618855.08 -1832.0
1337618855.09 -1788.0
1337618855.09 -1743.0
1337618855.09 -1689.0
1337618855.1 -1644.0
1337618855.1 -1612.0
1337618855.1 -1559.0
1337618855.11 -1527.0
1337618855.12 -1465.0
1337618855.12 -1412.0
1337618855.13 -1375.0
1337618855.14 -1326.0
1337618855.14 -1302.0
1337618855.14 -1260.0
1337618855.15 -1211.0
1337618855.15 -1160.0
1337618855.15 -1112.0
1337618855.16 -1103.0
1337618855.16 -1056.0
1337618855.17 -1029.0
1337618855.17 -1002.0
1337618855.18 -949.0
1337618855.19 -930.0
1337618855.19 -905.0
1337618855.21 -888.0
1337618855.21 -856.0
1337618855.21 -837.0
1337618855.21 -813.0
1337618855.22 -796.0
1337618855.22 -803.0
1337618855.22 -774.0
1337618855.23 -751.0
1337618855.23 -772.0
1337618855.24 -749.0
1337618855.26 -739.0
1337618855.26 -773.0
1337618855.26 -765.0
1337618855.26 -753.0
1337618855.26 -785.0
1337618855.27 -773.0
1337618855.27 -782.0
1337618855.28 -835.0
1337618855.28 -803.0
1337618855.29 -789.0
1337618855.31 -833.0
1337618855.31 -804.0
1337618855.31 -807.0
1337618855.31 -844.0
1337618855.32 -799.0
1337618855.32 -796.0
1337618855.33 -845.0
1337618855.33 -796.0
1337618855.33 -801.0
1337618855.34 -826.0
1337618855.36 -778.0
1337618855.36 -801.0
1337618855.36 -824.0
1337618855.36 -775.0
1337618855.36 -789.0
1337618855.37 -829.0
1337618855.37 -781.0
1337618855.38 -809.0
1337618855.38 -831.0
1337618855.39 -797.0
1337618855.41 -855.0
1337618855.41 -885.0
1337618855.41 -853.0
1337618855.41 -912.0
1337618855.42 -942.0
1337618855.42 -948.0
1337618855.42 -1001.0
1337618855.43 -1038.0
1337618855.44 -1051.0
1337618855.44 -1104.0
1337618855.45 -1134.0
1337618855.45 -1136.0
1337618855.45 -1187.0
1337618855.46 -1220.0
1337618855.46 -1237.0
1337618855.47 -1266.0
1337618855.48 -1295.0
1337618855.49 -1306.0
1337618855.49 -1315.0
1337618855.49 -1349.0
1337618855.5 -1338.0
1337618855.5 -1359.0
1337618855.5 -1382.0
1337618855.51 -1365.0
1337618855.53 -1397.0
1337618855.53 -1403.0
1337618855.53 -1402.0
1337618855.53 -1401.0
1337618855.54 -1405.0
1337618855.54 -1389.0
1337618855.54 -1379.0
1337618855.55 -1387.0
1337618855.55 -1352.0
1337618855.57 -1363.0
1337618855.57 -1362.0
1337618855.58 -1341.0
1337618855.58 -1351.0
1337618855.58 -1333.0
1337618855.58 -1312.0
1337618855.59 -1299.0
1337618855.59 -1294.0
1337618855.6 -1268.0
1337618855.6 -1253.0
1337618855.61 -1241.0
1337618855.62 -1203.0
1337618855.63 -1189.0
1337618855.63 -1171.0
1337618855.63 -1148.0
1337618855.64 -1133.0
1337618855.64 -1119.0
1337618855.64 -1093.0
1337618855.65 -1072.0
1337618855.66 -1043.0
1337618855.66 -1018.0
1337618855.66 -1008.0
1337618855.67 -961.0
1337618855.67 -935.0
1337618855.7 -892.0
1337618855.7 -852.0
1337618855.7 -838.0
1337618855.7 -774.0
1337618855.7 -710.0
1337618855.71 -672.0
1337618855.73 -615.0
1337618855.73 -547.0
1337618855.73 -523.0
1337618855.73 -484.0
1337618855.74 -426.0
1337618855.75 -407.0
1337618855.75 -324.0
1337618855.75 -265.0
1337618855.75 -278.0
1337618855.75 -202.0
1337618855.76 -145.0
1337618855.76 -124.0
1337618855.77 -53.0
1337618855.77 -34.0
1337618855.81 -9.0
1337618855.81 51.0
1337618855.81 87.0
1337618855.81 118.0
1337618855.81 153.0
1337618855.82 194.0
1337618855.82 232.0
1337618855.82 273.0
1337618855.82 331.0
1337618855.82 368.0
1337618855.84 403.0
1337618855.84 476.0
1337618855.84 520.0
1337618855.84 557.0
1337618855.85 636.0
1337618855.85 680.0
1337618855.86 719.0
1337618855.86 795.0
1337618855.87 837.0
1337618855.87 893.0
1337618855.88 964.0
1337618855.88 1002.0
1337618855.89 1057.0
1337618855.9 1106.0
1337618855.91 1157.0
1337618855.91 1207.0
1337618855.91 1203.0
1337618855.91 1254.0
1337618855.92 1307.0
1337618855.92 1323.0
1337618855.93 1400.0
1337618855.93 1414.0
1337618855.94 1424.0
1337618855.94 1510.0
1337618855.96 1541.0
1337618855.96 1564.0
1337618855.96 1605.0
1337618855.96 1620.0
1337618855.97 1666.0
1337618855.97 1692.0
1337618855.98 1730.0
1337618855.98 1749.0
1337618855.99 1759.0
1337618856.01 1810.0
1337618856.01 1811.0
1337618856.01 1827.0
1337618856.01 1875.0
1337618856.02 1862.0
1337618856.02 1873.0
1337618856.02 1877.0
1337618856.03 1870.0
1337618856.03 1897.0
1337618856.04 1867.0
1337618856.04 1883.0
1337618856.06 1894.0
1337618856.06 1867.0
1337618856.06 1891.0
1337618856.07 1857.0
1337618856.07 1832.0
1337618856.07 1857.0
1337618856.08 1819.0
1337618856.08 1786.0
1337618856.09 1757.0
1337618856.09 1721.0
1337618856.1 1705.0
1337618856.1 1668.0
1337618856.12 1658.0
1337618856.12 1617.0
1337618856.12 1555.0
1337618856.13 1558.0
1337618856.13 1512.0
1337618856.13 1470.0
1337618856.14 1481.0
1337618856.14 1407.0
1337618856.15 1370.0
1337618856.16 1371.0
1337618856.16 1312.0
1337618856.18 1300.0
1337618856.18 1279.0
1337618856.18 1246.0
1337618856.18 1240.0
1337618856.18 1211.0
1337618856.19 1197.0
1337618856.19 1181.0
1337618856.2 1150.0
1337618856.2 1153.0
1337618856.21 1135.0
1337618856.22 1104.0
1337618856.22 1107.0
1337618856.22 1071.0
1337618856.23 1059.0
1337618856.23 1060.0
1337618856.24 1029.0
1337618856.24 1008.0
1337618856.25 979.0
1337618856.25 959.0
1337618856.26 947.0
1337618856.28 902.0
1337618856.28 874.0
1337618856.28 851.0
1337618856.28 801.0
1337618856.29 799.0
1337618856.29 763.0
1337618856.29 694.0
1337618856.3 665.0
1337618856.3 623.0
1337618856.31 572.0
1337618856.31 550.0
1337618856.32 501.0
1337618856.32 441.0
1337618856.34 411.0
1337618856.34 371.0
1337618856.34 308.0
1337618856.34 263.0
1337618856.35 209.0
1337618856.35 136.0
1337618856.36 89.0
1337618856.36 48.0
1337618856.37 -17.0
1337618856.38 -79.0
1337618856.4 -130.0
1337618856.4 -197.0
1337618856.4 -263.0
1337618856.4 -295.0
1337618856.4 -339.0
1337618856.4 -402.0
1337618856.41 -454.0
1337618856.41 -494.0
1337618856.42 -541.0
1337618856.42 -555.0
1337618856.43 -574.0
1337618856.43 -631.0
1337618856.44 -641.0
1337618856.45 -664.0
1337618856.45 -704.0
1337618856.46 -686.0
1337618856.46 -706.0
1337618856.46 -741.0
1337618856.47 -726.0
1337618856.47 -718.0
1337618856.48 -752.0
1337618856.48 -735.0
1337618856.5 -728.0
1337618856.5 -743.0
1337618856.5 -706.0
1337618856.5 -710.0
1337618856.51 -708.0
1337618856.51 -662.0
1337618856.52 -670.0
1337618856.52 -635.0
1337618856.54 -581.0
1337618856.54 -581.0
1337618856.54 -565.0
1337618856.54 -537.0
1337618856.55 -510.0
1337618856.55 -498.0
1337618856.56 -457.0
1337618856.56 -446.0
1337618856.56 -417.0
1337618856.57 -371.0
1337618856.57 -363.0
1337618856.58 -300.0
1337618856.59 -288.0
1337618856.61 -294.0
1337618856.62 -241.0
1337618856.62 -222.0
1337618856.62 -176.0
1337618856.62 -148.0
1337618856.62 -145.0
1337618856.62 -118.0
1337618856.63 -95.0
1337618856.63 -98.0
1337618856.63 -72.0
1337618856.66 -58.0
1337618856.66 -75.0
1337618856.66 -74.0
1337618856.66 -76.0
1337618856.67 -107.0
1337618856.67 -114.0
1337618856.67 -121.0
1337618856.68 -128.0
1337618856.68 -136.0
1337618856.69 -148.0
1337618856.7 -138.0
1337618856.71 -146.0
1337618856.71 -131.0
1337618856.71 -135.0
1337618856.71 -143.0
1337618856.72 -130.0
1337618856.73 -120.0
1337618856.73 -149.0
1337618856.73 -136.0
1337618856.73 -131.0
1337618856.74 -147.0
1337618856.77 -135.0
1337618856.77 -144.0
1337618856.77 -162.0
1337618856.77 -171.0
1337618856.77 -176.0
1337618856.77 -188.0
1337618856.77 -225.0
1337618856.78 -226.0
1337618856.78 -225.0
1337618856.79 -244.0
1337618856.79 -224.0
1337618856.8 -245.0
1337618856.81 -289.0
1337618856.82 -270.0
1337618856.82 -279.0
1337618856.82 -310.0
1337618856.83 -281.0
1337618856.83 -298.0
1337618856.84 -328.0
1337618856.84 -292.0
1337618856.84 -291.0
1337618856.85 -311.0
1337618856.86 -288.0
1337618856.87 -294.0
1337618856.87 -318.0
1337618856.87 -308.0
1337618856.87 -303.0
1337618856.88 -298.0
1337618856.88 -290.0
1337618856.89 -306.0
1337618856.89 -308.0
1337618856.9 -315.0
1337618856.9 -308.0
1337618856.92 -294.0
1337618856.93 -303.0
1337618856.93 -268.0
1337618856.93 -264.0
1337618856.93 -289.0
1337618856.93 -233.0
1337618856.94 -236.0
1337618856.94 -243.0
1337618856.95 -186.0
1337618856.95 -178.0
1337618856.97 -182.0
1337618856.97 -149.0
1337618856.97 -135.0
1337618856.98 -119.0
1337618856.98 -80.0
1337618856.98 -61.0
1337618856.99 -53.0
1337618856.99 -2.0
1337618857.0 15.0
1337618857.0 25.0
1337618857.01 90.0
1337618857.01 109.0
1337618857.02 108.0
1337618857.02 155.0
1337618857.03 206.0
1337618857.03 234.0
1337618857.05 275.0
1337618857.05 324.0
1337618857.05 317.0
1337618857.05 374.0
1337618857.06 428.0
1337618857.06 453.0
1337618857.07 529.0
1337618857.07 544.0
1337618857.09 556.0
1337618857.09 600.0
1337618857.09 653.0
1337618857.09 670.0
1337618857.1 688.0
1337618857.1 742.0
1337618857.11 753.0
1337618857.11 772.0
1337618857.12 829.0
1337618857.14 815.0
1337618857.14 837.0
1337618857.14 873.0
1337618857.14 842.0
1337618857.15 867.0
1337618857.15 863.0
1337618857.15 828.0
1337618857.16 841.0
1337618857.17 836.0
1337618857.17 807.0
1337618857.17 779.0
1337618857.19 761.0
1337618857.19 712.0
1337618857.19 685.0
1337618857.19 644.0
1337618857.2 587.0
1337618857.2 564.0
1337618857.21 502.0
1337618857.21 447.0
1337618857.22 412.0
1337618857.22 356.0
1337618857.23 295.0
1337618857.24 236.0
1337618857.25 162.0
1337618857.25 90.0
1337618857.26 44.0
1337618857.26 -32.0
1337618857.26 -99.0
1337618857.27 -151.0
1337618857.27 -253.0
1337618857.27 -312.0
1337618857.28 -360.0
1337618857.28 -442.0
1337618857.29 -486.0
1337618857.3 -542.0
1337618857.31 -630.0
1337618857.31 -685.0
1337618857.31 -736.0
1337618857.31 -810.0
1337618857.32 -843.0
1337618857.32 -890.0
1337618857.33 -960.0
1337618857.34 -988.0
1337618857.35 -1026.0
1337618857.35 -1080.0
1337618857.35 -1101.0
1337618857.36 -1130.0
1337618857.36 -1181.0
1337618857.36 -1209.0
1337618857.37 -1248.0
1337618857.37 -1293.0
1337618857.38 -1316.0
1337618857.38 -1355.0
1337618857.39 -1372.0
1337618857.41 -1387.0
1337618857.41 -1406.0
1337618857.41 -1422.0
1337618857.41 -1455.0
1337618857.42 -1442.0
1337618857.42 -1438.0
1337618857.42 -1442.0
1337618857.43 -1429.0
1337618857.43 -1423.0
1337618857.44 -1427.0
1337618857.44 -1414.0
1337618857.45 -1388.0
1337618857.45 -1395.0
1337618857.47 -1349.0
1337618857.47 -1323.0
1337618857.47 -1336.0
1337618857.47 -1278.0
1337618857.48 -1244.0
1337618857.48 -1240.0
1337618857.49 -1191.0
1337618857.49 -1173.0
1337618857.5 -1185.0
1337618857.5 -1125.0
1337618857.52 -1094.0
1337618857.52 -1094.0
1337618857.52 -1001.0
1337618857.53 -958.0
1337618857.53 -944.0
1337618857.53 -846.0
1337618857.54 -832.0
1337618857.54 -789.0
1337618857.55 -702.0
1337618857.55 -695.0
1337618857.57 -670.0
1337618857.57 -637.0
1337618857.58 -591.0
1337618857.58 -540.0
1337618857.58 -504.0
1337618857.58 -452.0
1337618857.59 -411.0
1337618857.59 -396.0
1337618857.6 -323.0
1337618857.6 -269.0
1337618857.61 -225.0
1337618857.61 -164.0
1337618857.62 -138.0
1337618857.64 -101.0
1337618857.64 -38.0
1337618857.64 -1.0
1337618857.64 37.0
1337618857.65 96.0
1337618857.65 148.0
1337618857.66 168.0
1337618857.67 211.0
1337618857.67 290.0
1337618857.67 291.0
1337618857.67 327.0
1337618857.68 392.0
1337618857.68 394.0
1337618857.69 434.0
1337618857.69 481.0
1337618857.7 478.0
1337618857.7 528.0
1337618857.71 555.0
1337618857.71 560.0
1337618857.72 631.0
1337618857.73 659.0
1337618857.74 683.0
1337618857.74 744.0
1337618857.74 758.0
1337618857.74 791.0
1337618857.75 825.0
1337618857.75 850.0
1337618857.76 905.0
1337618857.76 944.0
1337618857.77 966.0
1337618857.77 979.0
1337618857.79 1008.0
1337618857.79 1036.0
1337618857.79 1046.0
1337618857.79 1111.0
1337618857.8 1138.0
1337618857.8 1136.0
1337618857.81 1193.0
1337618857.81 1222.0
1337618857.82 1250.0
1337618857.84 1310.0
1337618857.84 1316.0
1337618857.84 1325.0
1337618857.84 1363.0
1337618857.84 1374.0
1337618857.85 1409.0
1337618857.85 1439.0
1337618857.86 1477.0
1337618857.86 1479.0
1337618857.87 1479.0
1337618857.87 1534.0
1337618857.88 1530.0
1337618857.89 1551.0
1337618857.89 1591.0
1337618857.89 1566.0
1337618857.9 1599.0
1337618857.9 1616.0
1337618857.91 1606.0
1337618857.91 1621.0
1337618857.92 1592.0
1337618857.92 1597.0
1337618857.93 1611.0
1337618857.93 1583.0
1337618857.95 1591.0
1337618857.95 1561.0
1337618857.95 1538.0
1337618857.95 1565.0
1337618857.96 1515.0
1337618857.96 1498.0
1337618857.97 1489.0
1337618857.97 1454.0
1337618857.98 1460.0
1337618857.98 1424.0
1337618858.0 1407.0
1337618858.0 1396.0
1337618858.0 1347.0
1337618858.0 1357.0
1337618858.01 1334.0
1337618858.01 1306.0
1337618858.02 1321.0
1337618858.02 1288.0
1337618858.03 1268.0
1337618858.03 1273.0
