1337618844.68 -44.6542854309
1337618844.69 -45.8965835571
1337618845.67 -41.8340377808
1337618845.74 -39.6524734497
1337618845.76 -37.1379203796
1337618845.76 -32.6492385864
1337618845.77 -33.4123458862
1337618845.77 -33.0103378296
1337618845.77 -28.8064727783
1337618845.77 -28.6363925934
1337618845.77 -29.5800952911
1337618845.77 -28.0461368561
1337618845.77 -27.4503307343
1337618845.78 -27.3656024933
1337618845.78 -27.4232082367
1337618845.78 -29.133649826
1337618845.78 -32.5207595825
1337618845.78 -31.1494350433
1337618845.78 -32.4601898193
1337618845.78 -34.1008644104
1337618845.78 -33.3403663635
1337618845.78 -38.2274436951
1337618845.78 -41.4037628174
1337618845.78 -40.7420845032
1337618845.8 -41.1921768188
1337618845.8 -40.7489585876
1337618845.8 -38.7243499756
1337618845.8 -36.4298477173
1337618845.8 -34.3485679626
1337618845.8 -30.859703064
1337618845.8 -27.6673297882
1337618845.8 -24.9568996429
1337618845.8 -20.6075649261
1337618845.81 -20.5431022644
1337618845.82 -21.5282688141
1337618845.82 -19.7716007233
1337618845.82 -20.7089309692
1337618845.82 -26.3109169006
1337618845.82 -31.7482681274
1337618845.82 -37.674079895
1337618845.82 -39.4374237061
1337618845.82 -42.3320999146
1337618845.82 -43.2021141052
1337618845.82 -43.8047523499
1337618845.83 -41.9705657959
1337618845.83 -40.616607666
1337618845.83 -40.9915924072
1337618845.84 -40.9626083374
1337618845.84 -40.0425872803
1337618845.84 -36.7559890747
1337618845.84 -33.0121383667
1337618845.84 -29.6522197723
1337618845.84 -26.6087055206
1337618845.84 -28.1361618042
1337618845.85 -26.3112792969
1337618845.85 -24.5380210876
1337618845.85 -25.9744110107
1337618845.85 -23.210231781
1337618845.85 -23.829454422
1337618845.85 -26.5240364075
1337618845.85 -25.1077575684
1337618845.85 -25.2494258881
1337618845.85 -24.4409751892
1337618845.85 -21.6943969727
1337618845.85 -19.1041431427
1337618845.85 -20.9984512329
1337618845.85 -18.7338314056
1337618845.86 -16.8303375244
1337618845.86 -18.5220470428
1337618845.86 -15.5992240906
1337618845.86 -16.2323951721
1337618845.86 -16.0225849152
1337618845.86 -11.9296426773
1337618845.86 -10.8704061508
1337618845.87 -13.2355957031
1337618845.87 -11.5458135605
1337618845.87 -11.4305677414
1337618845.87 -13.09715271
1337618845.87 -17.730266571
1337618845.87 -25.9014110565
1337618845.87 -29.4350605011
1337618845.88 -37.2311058044
1337618845.88 -32.7637786865
1337618845.88 -27.6977825165
1337618845.88 -25.6978130341
1337618845.88 -19.9574680328
1337618845.88 -17.0348358154
1337618845.88 -11.0130472183
1337618845.88 -9.44184684753
1337618845.88 -13.1338586807
1337618845.88 -13.78038311
1337618845.89 -21.3747329712
1337618845.9 -23.6379413605
1337618845.9 -25.4876155853
1337618845.92 -27.5343914032
1337618845.92 -27.4082889557
1337618845.92 -29.1870803833
1337618845.93 -30.5082645416
1337618845.93 -30.0075473785
1337618845.93 -32.7939949036
1337618845.93 -34.8442115784
1337618845.94 -33.0023880005
1337618845.94 -36.5268058777
1337618845.95 -35.1872711182
1337618845.95 -34.3582687378
1337618845.96 -36.94348526
1337618845.97 -37.922744751
1337618845.97 -36.672000885
1337618845.98 -35.7221641541
1337618845.98 -36.60987854
1337618846.0 -38.5280609131
1337618846.0 -42.8394966125
1337618846.0 -42.7666702271
1337618846.0 -41.3367347717
1337618846.01 -42.9258575439
1337618846.01 -41.7119750977
1337618846.01 -40.8643455505
1337618846.02 -41.5499343872
1337618846.02 -38.6785926819
1337618846.03 -35.7502670288
1337618846.03 -34.5821609497
1337618846.04 -34.9090652466
1337618846.04 -34.2882041931
1337618846.05 -32.2593841553
1337618846.07 -28.1987705231
1337618846.07 -26.6752262115
1337618846.07 -27.3309364319
1337618846.07 -27.3392677307
1337618846.08 -27.95403862
1337618846.08 -28.5858764648
1337618846.08 -30.1647891998
1337618846.09 -30.9298725128
1337618846.09 -31.6340351105
1337618846.1 -32.7016906738
1337618846.11 -35.0770721436
1337618846.11 -35.3740730286
1337618846.11 -39.671245575
1337618846.13 -43.2156639099
1337618846.14 -42.0728759766
1337618846.14 -42.9475822449
1337618846.14 -44.0424461365
1337618846.14 -45.4607772827
1337618846.15 -48.7276115417
1337618846.15 -48.7662315369
1337618846.15 -46.5304679871
1337618846.16 -47.906879425
1337618846.16 -49.1338996887
1337618846.17 -48.7043609619
1337618846.17 -50.3887634277
1337618846.18 -50.3400382996
1337618846.18 -46.8531608582
1337618846.19 -50.0968208313
1337618846.19 -52.664024353
1337618846.2 -52.3027534485
1337618846.22 -55.4237251282
1337618846.22 -55.6094322205
1337618846.22 -55.361492157
1337618846.22 -58.9125862122
1337618846.22 -59.6762771606
1337618846.23 -63.2492675781
1337618846.24 -69.842956543
1337618846.24 -72.3360061646
1337618846.24 -71.9509887695
1337618846.25 -74.1454238892
1337618846.25 -75.1459197998
1337618846.26 -75.3844070435
1337618846.26 -78.2013702393
1337618846.27 -77.0763778687
1337618846.27 -73.4035797119
1337618846.28 -73.8966140747
1337618846.28 -75.145904541
1337618846.3 -75.9841766357
1337618846.3 -77.7149200439
1337618846.31 -75.0737457275
1337618846.31 -72.0508956909
1337618846.31 -73.3203277588
1337618846.31 -70.8099746704
1337618846.32 -71.7216644287
1337618846.32 -74.0919799805
1337618846.33 -72.9864654541
1337618846.33 -74.2267227173
1337618846.34 -76.0633010864
1337618846.34 -76.4744186401
1337618846.35 -73.9106903076
1337618846.35 -71.8646087646
1337618846.36 -70.2573471069
1337618846.36 -68.9734268188
1337618846.38 -69.3521270752
1337618846.38 -68.8885803223
1337618846.38 -68.8846664429
1337618846.39 -69.1644210815
1337618846.39 -68.7509841919
1337618846.39 -70.6544189453
1337618846.4 -72.1159057617
1337618846.4 -73.4664077759
1337618846.41 -74.5745010376
1337618846.41 -74.8825836182
1337618846.42 -79.7485122681
1337618846.42 -81.1976089478
1337618846.43 -81.5941009521
1337618846.43 -84.5258865356
1337618846.44 -85.0946121216
1337618846.44 -87.9141921997
1337618846.45 -91.5928039551
1337618846.46 -91.4971237183
1337618846.46 -89.8731613159
1337618846.47 -90.1109237671
1337618846.47 -91.4665222168
1337618846.47 -94.6868743896
1337618846.48 -98.1244506836
1337618846.48 -96.4582901001
1337618846.49 -94.7835693359
1337618846.49 -95.6828308105
1337618846.5 -94.3896636963
1337618846.5 -93.6367340088
1337618846.51 -93.4075469971
1337618846.51 -89.4454956055
1337618846.52 -87.9155807495
1337618846.52 -87.7818374634
1337618846.53 -87.8296966553
1337618846.53 -91.0015640259
1337618846.55 -93.0739898682
1337618846.55 -92.9948120117
1337618846.55 -96.5576400757
1337618846.56 -99.2814941406
1337618846.56 -101.139556885
1337618846.56 -101.166641235
1337618846.57 -98.0968399048
1337618846.57 -97.2589569092
1337618846.58 -97.8489837646
1337618846.58 -96.9440612793
1337618846.59 -97.9028625488
1337618846.59 -96.748298645
1337618846.6 -94.5334625244
1337618846.6 -97.0065002441
1337618846.61 -100.492149353
1337618846.61 -100.110473633
1337618846.62 -100.153045654
1337618846.62 -102.058326721
1337618846.63 -102.030006409
1337618846.63 -107.11933136
1337618846.66 -110.854125977
1337618846.66 -110.083969116
1337618846.66 -113.254928589
1337618846.66 -116.067985535
1337618846.66 -117.228981018
1337618846.67 -121.845069885
1337618846.67 -123.241142273
1337618846.67 -122.854705811
1337618846.68 -125.034477234
1337618846.68 -127.094551086
1337618846.69 -125.004730225
1337618846.69 -124.639099121
1337618846.7 -123.723365784
1337618846.7 -120.702713013
1337618846.71 -120.141654968
1337618846.71 -118.064498901
1337618846.72 -112.614891052
1337618846.72 -110.765853882
1337618846.73 -107.662696838
1337618846.73 -103.934776306
1337618846.75 -102.39138031
1337618846.75 -100.365119934
1337618846.75 -98.5190353394
1337618846.75 -98.2341003418
1337618846.76 -98.5294036865
1337618846.76 -97.923286438
1337618846.77 -96.6852264404
1337618846.77 -96.056350708
1337618846.78 -95.8394699097
1337618846.78 -94.6363677979
1337618846.79 -94.9785995483
1337618846.79 -95.0943450928
1337618846.8 -93.3632354736
1337618846.82 -95.5131530762
1337618846.82 -94.9345474243
1337618846.82 -92.6278915405
1337618846.82 -95.3681106567
1337618846.83 -92.802116394
1337618846.83 -90.1966629028
1337618846.83 -91.3403320312
1337618846.84 -89.1192398071
1337618846.84 -87.0338897705
1337618846.85 -87.3980865479
1337618846.85 -85.3809509277
1337618846.86 -83.8277893066
1337618846.86 -84.8107528687
1337618846.87 -82.3590774536
1337618846.87 -81.6798171997
1337618846.88 -83.8804397583
1337618846.88 -81.4269180298
1337618846.91 -79.9793624878
1337618846.91 -81.2848968506
1337618846.91 -78.5773468018
1337618846.91 -77.4780960083
1337618846.91 -79.4156036377
1337618846.91 -77.5029830933
1337618846.92 -75.0769577026
1337618846.92 -73.6959838867
1337618846.93 -70.3222732544
1337618846.93 -70.9561233521
1337618846.94 -72.5088729858
1337618846.94 -71.35987854
1337618846.95 -74.9270095825
1337618846.95 -75.8439331055
1337618846.96 -73.104095459
1337618846.96 -74.8290328979
1337618846.98 -73.847869873
1337618846.98 -72.6618499756
1337618846.98 -70.1398925781
1337618846.99 -67.4316482544
1337618846.99 -66.29322052
1337618846.99 -64.524055481
1337618847.0 -61.1167373657
1337618847.0 -58.7537651062
1337618847.01 -54.5969429016
1337618847.01 -50.6305351257
1337618847.02 -49.4721794128
1337618847.02 -52.9897994995
1337618847.03 -53.595199585
1337618847.03 -52.7955322266
1337618847.05 -53.4281044006
1337618847.05 -52.0980529785
1337618847.05 -56.2087669373
1337618847.05 -56.8357963562
1337618847.06 -55.4003257751
1337618847.06 -56.2933921814
1337618847.07 -54.4631462097
1337618847.07 -53.8057746887
1337618847.08 -57.2413749695
1337618847.08 -57.1181869507
1337618847.09 -55.1438293457
1337618847.09 -56.1117210388
1337618847.1 -56.9482688904
1337618847.12 -55.2007408142
1337618847.12 -54.4645309448
1337618847.12 -53.3812637329
1337618847.12 -52.7641029358
1337618847.12 -55.4585227966
1337618847.13 -54.8319282532
1337618847.13 -54.4105758667
1337618847.14 -55.6334991455
1337618847.14 -54.9099273682
1337618847.15 -52.8987464905
1337618847.15 -53.3107185364
1337618847.16 -51.0358886719
1337618847.16 -47.5985107422
1337618847.17 -45.0106506348
1337618847.19 -43.8382949829
1337618847.19 -41.535358429
1337618847.19 -37.4397010803
1337618847.19 -34.71068573
1337618847.2 -32.2040290833
1337618847.2 -30.0175666809
1337618847.2 -30.7094478607
1337618847.21 -31.6999053955
1337618847.21 -30.7435264587
1337618847.22 -33.0524978638
1337618847.22 -33.7139511108
1337618847.23 -33.888507843
1337618847.23 -38.3729667664
1337618847.26 -38.0970954895
1337618847.26 -37.0954475403
1337618847.26 -40.3567428589
1337618847.26 -41.8143196106
1337618847.26 -42.2261428833
1337618847.26 -46.8395957947
1337618847.27 -45.7909126282
1337618847.27 -43.4267120361
1337618847.28 -45.6271858215
1337618847.28 -43.8053436279
1337618847.29 -42.7513542175
1337618847.29 -43.1553459167
1337618847.3 -38.9819450378
1337618847.3 -35.9434242249
1337618847.31 -37.762172699
1337618847.31 -35.6883125305
1337618847.32 -31.3364963531
1337618847.34 -29.8854942322
1337618847.34 -25.230222702
1337618847.34 -24.7742271423
1337618847.34 -28.5461292267
1337618847.34 -27.4693012238
1337618847.35 -27.2961025238
1337618847.35 -28.3093891144
1337618847.36 -27.1780204773
1337618847.36 -29.566400528
1337618847.37 -31.5248279572
1337618847.37 -29.3125610352
1337618847.38 -29.0459690094
1337618847.38 -31.5097980499
1337618847.4 -33.7568244934
1337618847.4 -36.0332260132
1337618847.4 -37.3971138
1337618847.4 -35.8897590637
1337618847.41 -35.4112014771
1337618847.41 -37.063533783
1337618847.42 -36.2566986084
1337618847.42 -36.34897995
1337618847.43 -33.534072876
1337618847.43 -32.3032989502
1337618847.44 -33.7420959473
1337618847.44 -32.0847244263
1337618847.45 -30.4417591095
1337618847.45 -28.285861969
1337618847.46 -25.6179599762
1337618847.46 -26.3193626404
1337618847.48 -27.1448497772
1337618847.48 -27.9094848633
1337618847.48 -27.867931366
1337618847.49 -26.2773284912
1337618847.49 -24.760175705
1337618847.49 -26.8901729584
1337618847.5 -27.8944625854
1337618847.5 -25.169631958
1337618847.5 -24.7652492523
1337618847.51 -21.7822055817
1337618847.52 -17.9353313446
1337618847.52 -19.0677032471
1337618847.53 -19.5221214294
1337618847.53 -19.8221321106
1337618847.55 -19.7951908112
1337618847.56 -20.4837818146
1337618847.56 -21.4900989532
1337618847.56 -24.188205719
1337618847.56 -23.5380096436
1337618847.56 -22.0632400513
1337618847.57 -25.7537155151
1337618847.57 -27.5334262848
1337618847.58 -27.1974487305
1337618847.58 -29.6643886566
1337618847.59 -27.3567562103
1337618847.59 -25.5958786011
1337618847.59 -25.8272228241
1337618847.62 -25.9680767059
1337618847.63 -23.2673034668
1337618847.63 -19.6741676331
1337618847.63 -15.0447492599
1337618847.63 -13.9268026352
1337618847.63 -15.2198324203
1337618847.63 -10.7682161331
1337618847.64 -6.08435487747
1337618847.64 -2.29765462875
1337618847.65 0.782752990723
1337618847.65 2.79553461075
1337618847.65 1.67032957077
1337618847.66 3.81831264496
1337618847.67 6.91643667221
1337618847.68 7.41315937042
1337618847.68 7.03452777863
1337618847.68 7.50170087814
1337618847.68 7.95262050629
1337618847.69 9.60305118561
1337618847.7 10.4194488525
1337618847.7 10.8258571625
1337618847.71 12.0462608337
1337618847.71 14.648516655
1337618847.71 16.0028018951
1337618847.72 17.9857330322
1337618847.73 20.9615268707
1337618847.73 22.7263412476
1337618847.73 23.8883419037
1337618847.74 24.8025054932
1337618847.75 27.258430481
1337618847.76 27.7361679077
1337618847.77 30.4635753632
1337618847.77 34.4114723206
1337618847.77 36.0276756287
1337618847.77 37.8080787659
1337618847.78 40.0754814148
1337618847.78 40.869102478
1337618847.78 42.9964332581
1337618847.79 43.7656784058
1337618847.79 42.4098625183
1337618847.8 44.6645278931
1337618847.8 47.5600738525
1337618847.81 47.9648590088
1337618847.81 49.6419181824
1337618847.82 50.9924278259
1337618847.82 47.6572723389
1337618847.84 49.7123603821
1337618847.84 53.0092582703
1337618847.85 51.4486160278
1337618847.85 53.4971427917
1337618847.85 55.6173400879
1337618847.85 55.1120185852
1337618847.86 58.0567398071
1337618847.86 60.9260368347
1337618847.87 58.1452026367
1337618847.87 60.564655304
1337618847.88 64.5091247559
1337618847.88 64.6531524658
1337618847.89 68.2174987793
1337618847.89 70.577293396
1337618847.9 68.8467712402
1337618847.9 73.7177429199
1337618847.91 76.9957962036
1337618847.91 74.8530502319
1337618847.93 74.7113418579
1337618847.93 74.1317520142
1337618847.93 73.6181564331
1337618847.93 76.8583068848
1337618847.94 78.5265197754
1337618847.95 76.2414398193
1337618847.95 77.1462936401
1337618847.95 78.8748397827
1337618847.96 78.8011856079
1337618847.96 78.5440292358
1337618847.97 77.1301345825
1337618847.97 74.421295166
1337618847.98 76.1426467896
1337618847.98 77.1716537476
1337618847.99 77.3260574341
1337618847.99 78.1144485474
1337618848.01 79.0849456787
1337618848.01 81.0575790405
1337618848.01 81.5370635986
1337618848.02 81.7181015015
1337618848.02 82.1813812256
1337618848.02 81.4646224976
1337618848.03 83.3455657959
1337618848.03 83.5754547119
1337618848.04 81.0174026489
1337618848.04 79.8472671509
1337618848.05 77.7906417847
1337618848.05 74.2023010254
1337618848.06 73.5693435669
1337618848.06 75.3907623291
1337618848.07 74.7301635742
1337618848.08 75.3655471802
1337618848.09 75.1293640137
1337618848.09 73.2892837524
1337618848.09 73.353302002
1337618848.1 73.3281784058
1337618848.1 73.2935409546
1337618848.1 73.6272735596
1337618848.11 72.7821426392
1337618848.11 70.7374801636
1337618848.12 71.0265350342
1337618848.12 71.9970779419
1337618848.13 68.7233810425
1337618848.13 64.6704864502
1337618848.14 62.6587638855
1337618848.14 62.6725692749
1337618848.15 61.6484947205
1337618848.15 61.923664093
1337618848.16 61.038318634
1337618848.18 57.2908477783
1337618848.18 55.6199645996
1337618848.18 56.8387527466
1337618848.18 57.0126838684
1337618848.18 54.7012672424
1337618848.19 54.1811828613
1337618848.19 52.0967178345
1337618848.2 52.8334732056
1337618848.2 55.6392745972
1337618848.21 52.3404312134
1337618848.21 50.2709007263
1337618848.22 48.3878746033
1337618848.22 43.5898170471
1337618848.23 43.0951042175
1337618848.23 44.5735206604
1337618848.24 43.6501464844
1337618848.24 41.2095603943
1337618848.26 38.8964004517
1337618848.26 35.6446647644
1337618848.26 32.4495315552
1337618848.26 31.6158409119
1337618848.27 28.83527565
1337618848.27 26.3813056946
1337618848.28 23.8699932098
1337618848.28 20.011920929
1337618848.29 18.5796718597
1337618848.29 20.1304893494
1337618848.3 20.7339611053
1337618848.3 17.0825958252
1337618848.31 15.5768156052
1337618848.31 16.8259124756
1337618848.32 15.4610795975
1337618848.32 19.0769824982
1337618848.34 19.8463478088
1337618848.34 16.7362918854
1337618848.34 16.0208568573
1337618848.35 13.2832708359
1337618848.35 13.4262933731
1337618848.35 13.5339345932
1337618848.36 10.5846319199
1337618848.36 5.21284723282
1337618848.37 2.88962197304
1337618848.37 2.82462596893
1337618848.38 0.78349339962
1337618848.38 0.444263607264
1337618848.39 -0.212380453944
1337618848.39 0.0286379121244
1337618848.4 2.5178091526
1337618848.4 3.29954719543
1337618848.41 4.96546077728
1337618848.41 5.64045953751
1337618848.43 5.72091627121
1337618848.43 7.92787599564
1337618848.43 10.1732387543
1337618848.44 7.9720416069
1337618848.44 8.41864490509
1337618848.44 7.51290655136
1337618848.45 9.98677921295
1337618848.45 14.8262166977
1337618848.46 14.1914291382
1337618848.46 10.3325481415
1337618848.47 7.69661331177
1337618848.47 2.41011619568
1337618848.48 1.59332549572
1337618848.48 3.14346885681
1337618848.49 -1.15358388424
1337618848.49 -3.99816274643
1337618848.51 -3.40878081322
1337618848.51 -3.74229168892
1337618848.51 -2.56001877785
1337618848.52 -0.62357878685
1337618848.52 -4.57264661789
1337618848.52 -3.32525348663
1337618848.53 1.57223200798
1337618848.53 4.17607831955
1337618848.54 8.71247768402
1337618848.54 13.545340538
1337618848.55 16.3326511383
1337618848.55 23.6152324677
1337618848.56 35.4011039734
1337618848.56 43.9324684143
1337618848.57 50.9147644043
1337618848.57 57.498664856
1337618848.59 59.6550445557
1337618848.59 67.295539856
1337618848.6 73.7407302856
1337618848.6 75.9787597656
1337618848.6 76.1607055664
1337618848.6 71.0110931396
1337618848.61 68.8863754272
1337618848.61 65.6489028931
1337618848.62 62.3726921082
1337618848.62 60.8646392822
1337618848.63 59.7499694824
1337618848.63 60.5502357483
1337618848.64 63.858745575
1337618848.65 62.4481773376
1337618848.65 62.1873130798
1337618848.65 61.6387748718
1337618848.66 57.4925041199
1337618848.66 61.0006446838
1337618848.68 63.3163795471
1337618848.68 62.2208862305
1337618848.68 59.5512275696
1337618848.68 58.0013198853
1337618848.69 56.6066360474
1337618848.69 59.5394363403
1337618848.7 63.614490509
1337618848.7 63.9600830078
1337618848.71 70.2604217529
1337618848.71 75.834197998
1337618848.72 82.7835235596
1337618848.72 91.5423126221
1337618848.73 97.4608840942
1337618848.75 101.257408142
1337618848.75 107.958946228
1337618848.75 114.88482666
1337618848.75 124.893577576
1337618848.75 132.173156738
1337618848.76 142.157684326
1337618848.76 150.515029907
1337618848.77 160.990539551
1337618848.77 169.958114624
1337618848.78 180.242782593
1337618848.78 188.61000061
1337618848.79 191.285507202
1337618848.79 201.627075195
1337618848.81 209.225006104
1337618848.81 214.562362671
1337618848.81 225.885910034
1337618848.82 233.286987305
1337618848.82 240.709197998
1337618848.82 253.290435791
1337618848.83 260.948059082
1337618848.84 271.163116455
1337618848.84 282.199890137
1337618848.84 292.374572754
1337618848.85 303.730712891
1337618848.85 326.446136475
1337618848.86 341.845855713
1337618848.86 356.789581299
1337618848.87 373.724578857
1337618848.88 383.905670166
1337618848.88 399.470581055
1337618848.88 414.186401367
1337618848.89 425.16519165
1337618848.89 443.173706055
1337618848.9 459.132965088
1337618848.9 467.288665771
1337618848.92 477.367645264
1337618848.92 488.145080566
1337618848.92 493.066650391
1337618848.92 503.104919434
1337618848.93 513.804870605
1337618848.93 520.120117188
1337618848.93 527.568664551
1337618848.94 538.696228027
1337618848.96 547.477539062
1337618848.96 553.196716309
1337618848.96 566.714477539
1337618848.96 579.012390137
1337618848.97 589.427185059
1337618848.97 600.047363281
1337618848.98 607.514404297
1337618848.98 615.329589844
1337618848.98 631.564819336
1337618848.99 643.932373047
1337618849.0 654.687744141
1337618849.02 669.047851562
1337618849.02 681.207519531
1337618849.02 690.408569336
1337618849.02 701.87902832
1337618849.02 720.543640137
1337618849.03 733.648864746
1337618849.03 747.674804688
1337618849.04 762.858215332
1337618849.04 772.091918945
1337618849.06 780.521606445
1337618849.06 787.217468262
1337618849.06 795.231384277
1337618849.07 802.847045898
1337618849.07 808.191223145
1337618849.07 820.197143555
1337618849.08 829.864318848
1337618849.08 839.202087402
1337618849.08 847.783508301
1337618849.09 855.287780762
1337618849.09 861.557189941
1337618849.1 871.164611816
1337618849.11 878.418273926
1337618849.12 889.522521973
1337618849.14 899.361877441
1337618849.14 901.387451172
1337618849.14 902.651977539
1337618849.14 906.661743164
1337618849.14 914.611328125
1337618849.14 921.322692871
1337618849.15 931.182189941
1337618849.15 937.330383301
1337618849.15 947.804748535
1337618849.16 960.315063477
1337618849.18 970.693725586
1337618849.18 974.713684082
1337618849.18 982.109924316
1337618849.18 986.145507812
1337618849.19 999.057312012
1337618849.19 1012.16088867
1337618849.19 1021.39086914
1337618849.2 1029.29504395
1337618849.21 1035.70385742
1337618849.21 1039.30444336
1337618849.23 1040.40527344
1337618849.23 1044.33691406
1337618849.23 1046.43640137
1337618849.23 1047.53796387
1337618849.24 1059.48168945
1337618849.24 1069.32788086
1337618849.24 1079.41931152
1337618849.25 1088.86132812
1337618849.25 1098.19604492
1337618849.26 1106.44042969
1337618849.28 1111.18664551
1337618849.28 1120.68237305
1337618849.28 1130.8828125
1337618849.28 1139.01477051
1337618849.28 1153.84472656
1337618849.29 1167.50805664
1337618849.3 1177.98181152
1337618849.3 1191.40966797
1337618849.3 1199.65405273
1337618849.31 1204.16235352
1337618849.31 1208.71325684
1337618849.32 1213.65283203
1337618849.32 1219.19628906
1337618849.33 1241.23059082
1337618849.33 1258.96398926
1337618849.34 1273.53259277
1337618849.34 1275.82421875
1337618849.35 1277.75756836
1337618849.35 1282.62268066
1337618849.36 1285.66699219
1337618849.37 1287.85620117
1337618849.38 1288.29772949
1337618849.38 1300.20959473
1337618849.38 1314.25317383
1337618849.39 1326.84436035
1337618849.39 1336.13745117
1337618849.39 1342.85839844
1337618849.4 1350.15979004
1337618849.41 1354.78076172
1337618849.41 1372.41162109
1337618849.41 1390.89990234
1337618849.42 1400.66394043
1337618849.42 1399.42358398
1337618849.43 1401.18017578
1337618849.44 1398.21655273
1337618849.44 1406.2442627
1337618849.44 1413.32458496
1337618849.45 1415.31689453
1337618849.45 1421.01013184
1337618849.46 1438.27038574
1337618849.48 1450.57519531
1337618849.48 1464.77563477
1337618849.48 1477.45166016
1337618849.48 1479.18359375
1337618849.49 1486.11193848
1337618849.49 1487.85388184
1337618849.49 1482.36010742
1337618849.5 1486.03295898
1337618849.51 1488.27807617
1337618849.51 1506.67858887
1337618849.51 1530.81799316
1337618849.52 1545.6015625
1337618849.52 1538.31164551
1337618849.53 1538.8314209
1337618849.53 1532.17199707
1337618849.54 1528.14599609
1337618849.54 1531.78027344
1337618849.55 1526.36340332
1337618849.55 1521.4864502
1337618849.57 1513.7833252
1337618849.57 1505.7935791
1337618849.58 1497.67407227
1337618849.58 1512.88659668
1337618849.58 1524.23693848
1337618849.59 1532.32702637
1337618849.59 1548.12683105
1337618849.59 1565.58435059
1337618849.6 1559.3458252
1337618849.61 1561.61474609
1337618849.62 1558.52746582
1337618849.62 1559.13891602
1337618849.63 1567.49621582
1337618849.63 1569.20507812
1337618849.63 1569.09020996
1337618849.63 1571.74719238
1337618849.64 1573.13598633
1337618849.65 1574.27880859
1337618849.65 1581.86608887
1337618849.66 1585.85742188
1337618849.66 1587.07263184
1337618849.67 1594.02929688
1337618849.67 1599.11010742
1337618849.67 1599.76647949
1337618849.68 1605.54638672
1337618849.68 1607.88830566
1337618849.69 1607.93530273
1337618849.71 1614.21386719
1337618849.71 1616.29833984
1337618849.71 1616.84631348
1337618849.71 1622.09033203
1337618849.72 1622.66418457
1337618849.72 1620.6763916
1337618849.72 1625.14221191
1337618849.73 1625.31652832
1337618849.73 1624.61376953
1337618849.74 1628.60168457
1337618849.74 1625.37817383
1337618849.75 1621.75830078
1337618849.75 1621.57678223
1337618849.77 1618.0435791
1337618849.77 1614.3638916
1337618849.77 1611.6809082
1337618849.77 1605.20263672
1337618849.78 1598.58679199
1337618849.78 1596.47241211
1337618849.79 1590.60119629
1337618849.79 1583.33557129
1337618849.8 1580.80932617
1337618849.8 1573.54992676
1337618849.81 1566.42883301
1337618849.82 1565.56225586
1337618849.82 1559.62512207
1337618849.82 1554.60131836
1337618849.83 1556.32641602
1337618849.83 1553.15393066
1337618849.84 1550.53442383
1337618849.84 1551.46740723
1337618849.85 1547.3651123
1337618849.85 1546.90808105
1337618849.87 1548.46044922
1337618849.87 1546.02258301
1337618849.87 1547.7902832
1337618849.87 1547.99804688
1337618849.88 1546.61828613
1337618849.88 1548.89038086
1337618849.89 1548.75061035
1337618849.89 1550.56835938
1337618849.9 1551.72790527
1337618849.9 1551.03063965
1337618849.92 1552.85888672
1337618849.92 1552.10656738
1337618849.92 1550.08117676
1337618849.92 1549.10644531
1337618849.93 1542.9074707
1337618849.93 1536.1003418
1337618849.94 1535.94433594
1337618849.94 1533.58508301
1337618849.95 1531.93652344
1337618849.95 1554.48291016
1337618849.96 1572.43994141
1337618849.96 1593.5447998
1337618849.97 1609.69934082
1337618849.98 1625.32226562
1337618849.98 1637.27697754
1337618849.98 1641.50720215
1337618849.99 1650.4050293
1337618849.99 1660.24975586
1337618850.0 1664.93188477
1337618850.0 1658.55334473
1337618850.01 1647.7532959
1337618850.01 1640.0168457
1337618850.02 1639.54345703
1337618850.04 1638.54162598
1337618850.04 1638.30822754
1337618850.04 1641.39770508
1337618850.04 1647.17370605
1337618850.04 1651.08642578
1337618850.05 1655.6229248
1337618850.05 1648.55761719
1337618850.06 1639.70947266
1337618850.06 1633.19140625
1337618850.07 1628.53137207
1337618850.07 1625.93395996
1337618850.08 1623.30639648
1337618850.08 1604.83239746
1337618850.09 1593.17700195
1337618850.09 1579.33752441
1337618850.1 1568.88208008
1337618850.1 1557.70239258
1337618850.11 1547.47924805
1337618850.11 1538.83032227
1337618850.12 1530.82971191
1337618850.12 1522.48388672
1337618850.13 1521.96801758
1337618850.13 1522.13220215
1337618850.14 1522.51879883
1337618850.14 1505.44616699
1337618850.15 1489.00842285
1337618850.15 1473.79260254
1337618850.17 1458.79223633
1337618850.17 1447.27270508
1337618850.17 1436.20581055
1337618850.17 1431.65283203
1337618850.18 1426.19274902
1337618850.18 1419.07543945
1337618850.19 1418.58337402
1337618850.19 1403.02587891
1337618850.2 1388.76062012
1337618850.2 1375.77441406
1337618850.21 1371.06555176
1337618850.21 1368.80334473
1337618850.22 1362.68847656
1337618850.22 1351.94812012
1337618850.24 1341.8046875
1337618850.24 1331.72021484
1337618850.24 1327.31799316
1337618850.24 1318.40197754
1337618850.25 1310.21618652
1337618850.25 1304.07788086
1337618850.26 1299.99182129
1337618850.26 1299.18676758
1337618850.27 1297.77062988
1337618850.27 1295.15148926
1337618850.28 1285.70947266
1337618850.28 1274.86791992
1337618850.29 1268.3671875
1337618850.29 1261.65087891
1337618850.3 1253.27453613
1337618850.3 1249.04040527
1337618850.31 1255.95288086
1337618850.32 1261.89746094
1337618850.32 1269.30712891
1337618850.32 1271.53137207
1337618850.33 1273.21960449
1337618850.33 1271.27282715
1337618850.34 1273.60595703
1337618850.34 1278.07666016
1337618850.35 1280.10595703
1337618850.35 1287.81628418
1337618850.36 1267.28198242
1337618850.36 1249.27880859
1337618850.37 1234.90405273
1337618850.37 1219.63647461
1337618850.39 1213.90600586
1337618850.39 1207.42858887
1337618850.39 1200.19506836
1337618850.4 1199.92370605
1337618850.4 1197.19934082
1337618850.4 1199.04602051
1337618850.41 1191.05957031
1337618850.41 1184.77575684
1337618850.42 1180.54504395
1337618850.42 1165.29638672
1337618850.43 1154.3157959
1337618850.43 1145.88781738
1337618850.44 1138.48986816
1337618850.45 1146.37573242
1337618850.46 1153.8815918
1337618850.46 1159.41918945
1337618850.46 1155.4017334
1337618850.46 1150.13989258
1337618850.47 1145.1505127
1337618850.47 1141.87768555
1337618850.47 1131.14880371
1337618850.48 1126.07873535
1337618850.49 1123.62133789
1337618850.49 1100.31616211
1337618850.5 1083.31555176
1337618850.5 1065.85009766
1337618850.51 1046.5300293
1337618850.52 1033.29504395
1337618850.53 1022.04522705
1337618850.53 1010.64807129
1337618850.53 1017.19335938
1337618850.53 1022.11871338
1337618850.54 1011.26800537
1337618850.54 1001.02050781
1337618850.55 995.242431641
1337618850.55 989.596862793
1337618850.56 978.111633301
1337618850.56 971.219238281
1337618850.57 961.370422363
1337618850.57 968.320495605
1337618850.59 977.411132812
1337618850.59 982.419616699
1337618850.59 988.411071777
1337618850.6 979.577392578
1337618850.6 970.319580078
1337618850.6 963.579467773
1337618850.6 957.890136719
1337618850.61 955.159790039
1337618850.61 953.220397949
1337618850.62 947.509033203
1337618850.63 947.001586914
1337618850.63 948.319641113
1337618850.63 945.174743652
1337618850.65 950.55255127
1337618850.65 953.204528809
1337618850.66 951.468200684
1337618850.66 947.200134277
1337618850.66 944.739562988
1337618850.67 941.969299316
1337618850.67 930.720092773
1337618850.69 922.496826172
1337618850.69 914.355712891
1337618850.69 907.049377441
1337618850.69 905.868835449
1337618850.7 900.443847656
1337618850.7 895.790710449
1337618850.7 893.321533203
1337618850.71 886.959472656
1337618850.71 879.024414062
1337618850.72 875.406860352
1337618850.74 869.320861816
1337618850.74 865.451416016
1337618850.74 861.785095215
1337618850.74 858.014038086
1337618850.75 855.465881348
1337618850.75 849.445373535
1337618850.75 843.889709473
1337618850.76 837.809997559
1337618850.76 832.395568848
1337618850.77 830.4765625
1337618850.79 829.646972656
1337618850.79 824.58203125
1337618850.79 821.933959961
1337618850.79 818.995422363
1337618850.79 814.399047852
1337618850.8 809.086303711
1337618850.8 804.190612793
1337618850.81 800.562011719
1337618850.81 802.192016602
1337618850.82 804.52142334
1337618850.84 804.866577148
1337618850.84 804.409912109
1337618850.84 797.851196289
1337618850.84 789.948120117
1337618850.84 784.76373291
1337618850.85 779.943786621
1337618850.85 775.035766602
1337618850.86 769.847167969
1337618850.86 777.386901855
1337618850.87 783.98248291
1337618850.88 785.493652344
1337618850.89 765.049560547
1337618850.89 745.075683594
1337618850.89 725.100036621
1337618850.89 711.624938965
1337618850.9 719.402770996
1337618850.9 725.445068359
1337618850.91 731.937316895
1337618850.91 741.376464844
1337618850.92 748.778015137
1337618850.92 755.518920898
1337618850.93 731.644226074
1337618850.93 712.206298828
1337618850.96 695.544433594
1337618850.96 679.597167969
1337618850.96 680.211914062
1337618850.96 681.725036621
1337618850.96 685.897949219
1337618850.97 687.184875488
1337618850.97 688.675842285
1337618850.97 687.470092773
1337618850.98 674.234558105
1337618850.98 665.857421875
1337618851.0 656.829406738
1337618851.0 651.137634277
1337618851.0 650.691711426
1337618851.0 645.607177734
1337618851.01 646.533996582
1337618851.01 648.003173828
1337618851.02 642.159301758
1337618851.02 639.978088379
1337618851.03 630.095581055
1337618851.04 619.452331543
1337618851.06 613.214172363
1337618851.06 608.048706055
1337618851.06 612.42010498
1337618851.06 614.268859863
1337618851.06 619.296630859
1337618851.07 624.671569824
1337618851.07 627.158752441
1337618851.07 632.502685547
1337618851.08 634.255493164
1337618851.08 629.985900879
1337618851.1 632.212524414
1337618851.1 628.940734863
1337618851.11 630.086303711
1337618851.11 633.71484375
1337618851.11 632.524475098
1337618851.11 631.859680176
1337618851.12 632.118225098
1337618851.13 632.635925293
1337618851.13 631.909362793
1337618851.13 632.721435547
1337618851.14 634.997924805
1337618851.14 636.929199219
1337618851.15 636.442016602
1337618851.17 632.548034668
1337618851.17 630.026794434
1337618851.17 627.837890625
1337618851.17 623.736572266
1337618851.17 623.23223877
1337618851.18 623.996459961
1337618851.18 619.777038574
1337618851.19 613.196228027
1337618851.19 607.551574707
1337618851.2 603.955627441
1337618851.21 605.812866211
1337618851.21 604.40411377
1337618851.21 601.278747559
1337618851.23 601.837890625
1337618851.24 600.166259766
1337618851.24 599.522644043
1337618851.24 598.213989258
1337618851.24 597.551086426
1337618851.24 595.234130859
1337618851.25 585.753417969
1337618851.25 580.070983887
1337618851.27 574.944091797
1337618851.27 568.952392578
1337618851.27 568.221130371
1337618851.27 566.131652832
1337618851.28 561.610595703
1337618851.28 555.969787598
1337618851.29 552.570556641
1337618851.29 549.033203125
1337618851.3 550.506713867
1337618851.32 553.637207031
1337618851.32 555.081237793
1337618851.32 554.627380371
1337618851.32 556.874389648
1337618851.33 557.389892578
1337618851.33 556.955749512
1337618851.33 549.558532715
1337618851.34 537.963256836
1337618851.34 528.454711914
1337618851.35 539.233825684
1337618851.35 544.590942383
1337618851.36 549.212341309
1337618851.36 530.380310059
1337618851.37 512.886962891
1337618851.39 497.608703613
1337618851.39 488.080352783
1337618851.39 479.924346924
1337618851.39 471.935852051
1337618851.39 465.263702393
1337618851.4 440.222625732
1337618851.4 420.054992676
1337618851.41 400.646820068
1337618851.41 376.977355957
1337618851.42 355.842926025
1337618851.43 338.127410889
1337618851.43 321.257385254
1337618851.43 306.372283936
1337618851.44 294.24710083
1337618851.44 279.98538208
1337618851.45 263.649505615
1337618851.45 250.21937561
1337618851.46 235.272903442
1337618851.46 233.850357056
1337618851.47 233.207870483
1337618851.48 228.405639648
1337618851.48 225.854232788
1337618851.49 223.135284424
1337618851.49 214.550827026
1337618851.5 213.473724365
1337618851.5 211.892456055
1337618851.5 203.712188721
1337618851.51 199.394485474
1337618851.52 190.276290894
1337618851.52 179.612197876
1337618851.54 174.957565308
1337618851.54 170.834457397
1337618851.54 164.69392395
1337618851.54 159.939605713
1337618851.54 157.762374878
1337618851.55 156.942260742
1337618851.56 157.689743042
1337618851.56 159.38911438
1337618851.56 156.367965698
1337618851.57 157.667541504
1337618851.57 161.103103638
1337618851.58 162.309906006
1337618851.58 164.414672852
1337618851.6 168.921768188
1337618851.6 170.986602783
1337618851.6 170.88873291
1337618851.6 172.956375122
1337618851.61 173.932128906
1337618851.61 185.498336792
1337618851.62 198.134521484
1337618851.62 209.232330322
1337618851.63 217.894317627
1337618851.63 223.566665649
1337618851.65 227.134353638
1337618851.65 231.776870728
1337618851.65 228.781967163
1337618851.65 224.811691284
1337618851.66 221.992965698
1337618851.66 216.830352783
1337618851.67 218.695419312
1337618851.67 221.981018066
1337618851.68 222.995788574
1337618851.68 227.475463867
1337618851.7 229.782928467
1337618851.7 231.059524536
1337618851.7 231.806640625
1337618851.7 231.544799805
1337618851.71 228.281295776
1337618851.71 226.294967651
1337618851.72 221.687973022
1337618851.72 215.669891357
1337618851.73 215.554397583
1337618851.74 214.855102539
1337618851.75 209.357833862
1337618851.75 207.329940796
1337618851.75 206.869842529
1337618851.75 208.504837036
1337618851.76 211.229202271
1337618851.76 212.714904785
1337618851.77 213.457504272
1337618851.77 215.537948608
1337618851.78 215.00177002
1337618851.78 216.640625
1337618851.79 218.975891113
1337618851.79 220.102874756
1337618851.8 221.974517822
1337618851.8 223.212005615
1337618851.81 224.598754883
1337618851.81 225.459365845
1337618851.83 225.192840576
1337618851.83 226.282241821
1337618851.83 228.588790894
1337618851.83 231.716064453
1337618851.84 235.535018921
1337618851.84 240.298583984
1337618851.85 250.014816284
1337618851.87 257.011352539
1337618851.87 265.497955322
1337618851.87 272.747833252
1337618851.87 275.178222656
1337618851.87 279.895294189
1337618851.88 284.45993042
1337618851.88 283.581817627
1337618851.89 285.877563477
1337618851.89 285.398345947
1337618851.9 282.142608643
1337618851.9 281.943450928
1337618851.92 280.765106201
1337618851.92 282.526519775
1337618851.92 285.436523438
1337618851.92 288.238250732
1337618851.93 285.968811035
1337618851.93 288.84274292
1337618851.94 294.175384521
1337618851.94 291.209991455
1337618851.95 290.725280762
1337618851.95 290.830535889
1337618851.97 285.251281738
1337618851.97 287.20513916
1337618851.97 288.708709717
1337618851.97 287.583068848
1337618851.98 288.91204834
1337618851.98 290.053039551
1337618851.99 288.951263428
1337618851.99 292.748901367
1337618852.0 296.824462891
1337618852.01 295.681793213
1337618852.01 298.064575195
1337618852.01 302.04675293
1337618852.02 304.250976562
1337618852.02 308.590423584
1337618852.03 311.44732666
1337618852.03 306.9034729
1337618852.04 301.559082031
1337618852.04 299.067047119
1337618852.05 298.520904541
1337618852.05 294.865936279
1337618852.06 291.753753662
1337618852.06 291.357696533
1337618852.07 290.474853516
1337618852.08 291.636138916
1337618852.09 292.980895996
1337618852.09 289.9168396
1337618852.09 289.691070557
1337618852.1 290.217926025
1337618852.1 286.161590576
1337618852.1 285.027679443
1337618852.11 284.696807861
1337618852.11 284.83026123
1337618852.11 287.806243896
1337618852.14 293.394836426
1337618852.14 294.540893555
1337618852.14 296.822021484
1337618852.14 300.625061035
1337618852.14 301.437866211
1337618852.15 301.539611816
1337618852.15 302.111785889
1337618852.16 301.273956299
1337618852.16 298.014556885
1337618852.17 296.822814941
1337618852.18 294.407592773
1337618852.18 292.784118652
1337618852.19 293.874572754
1337618852.19 294.138031006
1337618852.19 293.693267822
1337618852.2 298.232269287
1337618852.2 298.508239746
1337618852.21 296.936431885
1337618852.21 300.303863525
1337618852.22 300.891265869
1337618852.23 301.642272949
1337618852.23 302.708068848
1337618852.23 299.143463135
1337618852.23 296.050415039
1337618852.24 295.88458252
1337618852.24 292.781402588
1337618852.25 290.960693359
1337618852.25 289.019714355
1337618852.26 281.613708496
1337618852.26 279.233673096
1337618852.27 274.765625
1337618852.27 269.286773682
1337618852.28 268.794555664
1337618852.3 268.409790039
1337618852.3 267.915130615
1337618852.3 267.719329834
1337618852.3 266.749755859
1337618852.31 263.697753906
1337618852.31 262.62512207
1337618852.31 259.22265625
1337618852.32 256.471710205
1337618852.33 255.668029785
1337618852.33 255.632003784
1337618852.35 255.547088623
1337618852.35 258.337768555
1337618852.35 252.655151367
1337618852.35 246.0050354
1337618852.36 242.826919556
1337618852.36 239.286636353
1337618852.36 234.478973389
1337618852.37 234.539840698
1337618852.37 235.423370361
1337618852.38 234.119781494
1337618852.38 233.049636841
1337618852.4 231.123901367
1337618852.4 234.657150269
1337618852.4 239.448913574
1337618852.4 243.25604248
1337618852.41 243.328277588
1337618852.41 241.349151611
1337618852.42 241.03767395
1337618852.42 241.377502441
1337618852.43 238.812042236
1337618852.45 238.991287231
1337618852.45 236.730010986
1337618852.45 239.187744141
1337618852.45 245.548553467
1337618852.46 251.801437378
1337618852.46 250.739044189
1337618852.46 252.088272095
1337618852.47 254.40574646
1337618852.47 251.900634766
1337618852.48 249.795516968
1337618852.48 246.854110718
1337618852.49 240.163848877
1337618852.49 240.517410278
1337618852.51 239.231521606
1337618852.51 236.797714233
1337618852.52 239.82749939
1337618852.52 241.885803223
1337618852.52 242.63861084
1337618852.52 244.957794189
1337618852.53 242.600585938
1337618852.53 240.883666992
1337618852.54 236.752304077
1337618852.54 242.617202759
1337618852.55 246.743743896
1337618852.57 247.273040771
1337618852.57 246.163925171
1337618852.57 244.183547974
1337618852.57 239.266479492
1337618852.58 237.413696289
1337618852.58 243.127868652
1337618852.58 246.337554932
1337618852.59 250.646636963
1337618852.59 250.209136963
1337618852.6 248.094680786
1337618852.61 248.50617981
1337618852.61 249.729553223
1337618852.62 249.323165894
1337618852.62 246.834075928
1337618852.62 246.933364868
1337618852.63 247.440673828
1337618852.63 247.345031738
1337618852.64 252.794464111
1337618852.64 252.619903564
1337618852.65 251.590179443
1337618852.67 253.30770874
1337618852.67 252.653579712
1337618852.67 252.568588257
1337618852.67 254.04498291
1337618852.68 253.899551392
1337618852.68 256.497039795
1337618852.68 258.968658447
1337618852.69 261.224609375
1337618852.69 258.054931641
1337618852.7 253.479034424
1337618852.7 249.589279175
1337618852.71 253.789276123
1337618852.71 256.389221191
1337618852.73 258.761169434
1337618852.73 260.012023926
1337618852.73 258.439025879
1337618852.74 258.237670898
1337618852.74 259.999450684
1337618852.74 261.805389404
1337618852.75 261.230163574
1337618852.75 258.18371582
1337618852.76 254.977767944
1337618852.76 253.387145996
1337618852.78 255.336074829
1337618852.78 257.328643799
1337618852.79 252.9947052
1337618852.79 252.740234375
1337618852.79 252.234527588
1337618852.79 245.944610596
1337618852.8 243.85269165
1337618852.8 240.992874146
1337618852.81 241.273330688
1337618852.81 242.091796875
1337618852.82 243.744049072
1337618852.83 244.525939941
1337618852.83 237.811645508
1337618852.83 234.429550171
1337618852.84 233.742538452
1337618852.84 228.899383545
1337618852.85 228.29234314
1337618852.85 227.697875977
1337618852.86 227.821762085
1337618852.86 233.072341919
1337618852.88 235.66998291
1337618852.88 236.078811646
1337618852.88 238.104110718
1337618852.88 238.554138184
1337618852.89 235.500991821
1337618852.89 236.976348877
1337618852.9 239.210159302
1337618852.9 238.403594971
1337618852.91 236.388061523
1337618852.91 234.929534912
1337618852.92 233.279296875
1337618852.92 229.404251099
1337618852.93 225.274902344
1337618852.95 222.050445557
1337618852.95 215.609146118
1337618852.95 215.124237061
1337618852.95 213.416900635
1337618852.95 209.007537842
1337618852.96 207.253250122
1337618852.96 204.672729492
1337618852.97 202.380371094
1337618852.97 200.564682007
1337618852.98 198.615982056
1337618852.98 196.02557373
1337618852.99 193.830505371
1337618853.0 212.458328247
1337618853.0 227.125869751
1337618853.0 239.68196106
1337618853.01 255.007705688
1337618853.01 247.110275269
1337618853.02 240.304733276
1337618853.02 238.101470947
1337618853.03 233.370101929
1337618853.03 231.002990723
1337618853.05 229.974700928
1337618853.05 224.725158691
1337618853.05 220.117416382
1337618853.05 216.615539551
1337618853.07 214.190292358
1337618853.08 212.166503906
1337618853.1 209.029922485
1337618853.13 208.349990845
1337618853.14 209.579879761
1337618853.35 208.430252075
1337618853.35 208.531570435
1337618853.35 209.951187134
1337618853.35 210.261489868
1337618853.35 210.711654663
1337618853.35 206.643844604
1337618853.35 205.780670166
1337618853.35 205.463165283
1337618853.36 205.602737427
1337618853.37 204.336700439
1337618853.37 200.970626831
1337618853.37 197.526321411
1337618853.37 195.18788147
1337618853.37 194.168441772
1337618853.37 194.547088623
1337618853.37 194.736557007
1337618853.37 194.034606934
1337618853.37 193.869888306
1337618853.37 194.211990356
1337618853.37 189.199020386
1337618853.38 183.328262329
1337618853.38 182.2865448
1337618853.39 185.972717285
1337618853.39 185.255966187
1337618853.39 185.508132935
1337618853.39 186.460083008
1337618853.39 184.388671875
1337618853.39 186.232818604
1337618853.39 188.519439697
1337618853.39 183.387252808
1337618853.4 179.280715942
1337618853.4 176.075637817
1337618853.41 171.019943237
1337618853.41 165.210968018
1337618853.41 159.565765381
1337618853.41 158.644775391
1337618853.41 155.82975769
1337618853.41 157.011291504
1337618853.41 157.053131104
1337618853.41 152.456085205
1337618853.41 151.967834473
1337618853.41 151.310073853
1337618853.41 149.366027832
1337618853.41 150.999450684
1337618853.41 152.354705811
1337618853.42 149.237625122
1337618853.42 148.607711792
1337618853.43 149.948364258
1337618853.43 150.222213745
1337618853.43 150.303604126
1337618853.43 152.39491272
1337618853.43 152.672531128
1337618853.43 152.121887207
1337618853.43 153.69367981
1337618853.44 153.118911743
1337618853.44 148.642791748
1337618853.44 146.980545044
1337618853.44 146.950302124
1337618853.44 145.141983032
1337618853.44 131.641876221
1337618853.44 124.505523682
1337618853.44 117.733734131
1337618853.44 119.115959167
1337618853.44 117.811714172
1337618853.44 118.623046875
1337618853.44 116.738899231
1337618853.44 118.376869202
1337618853.44 118.376869202
1337618853.44 123.470619202
1337618853.44 128.647628784
1337618853.45 135.36555481
1337618853.45 133.921661377
1337618853.45 134.426391602
1337618853.46 135.602081299
1337618853.47 133.642044067
1337618853.47 131.60369873
1337618853.47 126.466125488
1337618853.48 129.929611206
1337618853.48 129.143920898
1337618853.49 127.678100586
1337618853.49 132.602142334
1337618853.5 134.184921265
1337618853.51 132.538269043
1337618853.52 133.827453613
1337618853.52 135.384628296
1337618853.52 136.479019165
1337618853.52 140.072052002
1337618853.53 140.139480591
1337618853.54 141.515090942
1337618853.54 143.599624634
1337618853.54 138.105621338
1337618853.55 136.929901123
1337618853.55 134.117202759
1337618853.55 133.523742676
1337618853.56 131.72795105
1337618853.58 128.442901611
1337618853.58 131.462036133
1337618853.58 132.505249023
1337618853.58 134.007110596
1337618853.59 136.727493286
1337618853.59 136.650985718
1337618853.6 134.512664795
1337618853.6 134.808654785
1337618853.61 132.082275391
1337618853.61 128.897827148
1337618853.62 125.629829407
1337618853.62 123.654563904
1337618853.63 124.789871216
1337618853.64 123.725639343
1337618853.64 122.968025208
1337618853.65 127.730049133
1337618853.65 132.577728271
1337618853.66 137.884628296
1337618853.66 139.124465942
1337618853.66 140.945739746
1337618853.66 140.312149048
1337618853.67 138.389770508
1337618853.67 130.97996521
1337618853.68 122.971611023
1337618853.7 119.805541992
1337618853.7 116.674781799
1337618853.71 110.839744568
1337618853.71 108.005752563
1337618853.71 105.004631042
1337618853.71 103.158233643
1337618853.72 104.586662292
1337618853.72 104.243736267
1337618853.72 101.674354553
1337618853.75 99.8389358521
1337618853.75 100.611297607
1337618853.75 96.3688735962
1337618853.75 90.4131851196
1337618853.75 85.6907043457
1337618853.76 85.9166793823
1337618853.76 85.1262359619
1337618853.76 87.1229934692
1337618853.77 89.4847793579
1337618853.78 83.5229415894
1337618853.78 84.1415786743
1337618853.79 85.5584259033
1337618853.79 82.0552368164
1337618853.8 83.643119812
1337618853.8 79.5841598511
1337618853.8 72.65650177
1337618853.81 69.1937942505
1337618853.82 69.8692321777
1337618853.82 67.1367797852
1337618853.82 65.1920318604
1337618853.83 62.8342208862
1337618853.83 58.600730896
1337618853.84 57.927482605
1337618853.85 58.8839302063
1337618853.86 58.8363647461
1337618853.86 56.5774002075
1337618853.87 56.5881195068
1337618853.87 57.316860199
1337618853.87 58.5515556335
1337618853.88 59.4041786194
1337618853.88 59.0168228149
1337618853.88 53.9474220276
1337618853.89 51.6546936035
1337618853.9 51.279586792
1337618853.91 46.0000724792
1337618853.92 45.1646614075
1337618853.92 51.5897941589
1337618853.92 52.0506362915
1337618853.92 56.3958854675
1337618853.92 63.7507476807
1337618853.93 67.6094512939
1337618853.93 69.6493682861
1337618853.94 70.991859436
1337618853.94 70.7772750854
1337618853.96 71.2538909912
1337618853.96 73.963684082
1337618853.97 77.3962554932
1337618853.97 79.5889205933
1337618853.97 83.4959335327
1337618853.97 85.3882369995
1337618853.98 89.6221389771
1337618853.98 95.6226272583
1337618853.99 97.5403137207
1337618853.99 97.7481384277
1337618854.01 99.8329086304
1337618854.01 103.676307678
1337618854.01 101.606796265
1337618854.02 101.550674438
1337618854.02 102.222106934
1337618854.02 99.0041275024
1337618854.03 96.5073394775
1337618854.03 96.7524261475
1337618854.04 96.8623199463
1337618854.04 94.4719772339
1337618854.05 96.6174087524
1337618854.05 97.9125518799
1337618854.06 98.3479766846
1337618854.08 100.665061951
1337618854.08 99.8233718872
1337618854.08 99.2279434204
1337618854.08 100.523635864
1337618854.08 98.7769012451
1337618854.09 101.89995575
1337618854.09 102.595069885
1337618854.1 102.827545166
1337618854.1 103.864059448
1337618854.11 99.7493972778
1337618854.11 99.2430038452
1337618854.13 97.2927246094
1337618854.13 89.0921936035
1337618854.13 84.7797927856
1337618854.13 78.4102249146
1337618854.14 74.7092208862
1337618854.14 75.046585083
1337618854.15 73.9805450439
1337618854.15 72.8440628052
1337618854.16 67.7244033813
1337618854.16 63.4556503296
1337618854.18 59.5742225647
1337618854.19 62.3236579895
1337618854.19 62.2407722473
1337618854.19 63.1438064575
1337618854.19 62.5706977844
1337618854.19 61.2975006104
1337618854.2 64.0277862549
1337618854.2 63.9490814209
1337618854.21 65.4553756714
1337618854.22 65.2322463989
1337618854.24 64.4723968506
1337618854.24 63.2941665649
1337618854.24 64.2576446533
1337618854.24 64.2012329102
1337618854.24 62.9086112976
1337618854.24 62.8611602783
1337618854.25 62.8686180115
1337618854.25 62.8073272705
1337618854.26 64.212677002
1337618854.26 66.1649703979
1337618854.27 64.4870910645
1337618854.27 64.9604568481
1337618854.28 66.015663147
1337618854.28 64.4905776978
1337618854.29 65.5913314819
1337618854.29 65.6423873901
1337618854.31 63.4013137817
1337618854.31 63.0379981995
1337618854.32 62.3559646606
1337618854.32 62.7134819031
1337618854.32 62.0506095886
1337618854.32 69.033493042
1337618854.33 73.523147583
1337618854.35 74.9496917725
1337618854.35 70.6552810669
1337618854.35 66.4928207397
1337618854.35 60.7511138916
1337618854.35 57.6439208984
1337618854.36 62.0786132812
1337618854.36 61.804359436
1337618854.38 63.4901199341
1337618854.38 60.5781593323
1337618854.39 56.5320739746
1337618854.4 55.7554664612
1337618854.4 55.6649093628
1337618854.4 52.4709205627
1337618854.4 51.2046775818
1337618854.4 49.9383163452
1337618854.41 42.1142501831
1337618854.41 38.5537528992
1337618854.42 36.0537490845
1337618854.42 34.3552093506
1337618854.43 31.9335079193
1337618854.45 32.8182182312
1337618854.45 41.0769119263
1337618854.45 44.1685409546
1337618854.45 50.491191864
1337618854.45 56.3300514221
1337618854.46 49.0095977783
1337618854.46 48.3560714722
1337618854.47 47.5263328552
1337618854.48 43.2256698608
1337618854.48 41.3315925598
1337618854.5 39.0811080933
1337618854.5 38.8579673767
1337618854.5 40.0073471069
1337618854.5 41.2471923828
1337618854.5 39.6327323914
1337618854.51 41.9401817322
1337618854.51 44.960193634
1337618854.52 45.1058082581
1337618854.52 48.0968437195
1337618854.53 52.2057037354
1337618854.53 52.4876022339
1337618854.54 55.2155914307
1337618854.54 58.1149101257
1337618854.56 58.8533821106
1337618854.56 57.7812690735
1337618854.56 57.1453666687
1337618854.56 59.6426277161
1337618854.57 55.9245643616
1337618854.57 56.7116394043
1337618854.58 58.1233825684
1337618854.58 55.5946846008
1337618854.59 56.0866317749
1337618854.59 58.6122131348
1337618854.61 55.9702110291
1337618854.61 55.920841217
1337618854.61 58.1912307739
1337618854.61 57.7453575134
1337618854.62 62.7473831177
1337618854.62 67.4327392578
1337618854.63 68.1271057129
1337618854.63 72.4441223145
1337618854.64 77.294670105
1337618854.64 78.7387466431
1337618854.65 82.2118606567
1337618854.66 84.8296127319
1337618854.66 85.6865768433
1337618854.66 87.2552566528
1337618854.67 90.0361557007
1337618854.67 93.0581970215
1337618854.68 96.5778503418
1337618854.68 97.4971466064
1337618854.69 103.583068848
1337618854.69 109.20085907
1337618854.71 113.592765808
1337618854.71 119.01865387
1337618854.71 122.07736969
1337618854.71 125.820968628
1337618854.72 130.018722534
1337618854.72 131.814193726
1337618854.73 136.123474121
1337618854.73 141.194046021
1337618854.74 141.844894409
1337618854.74 145.441970825
1337618854.75 150.224136353
1337618854.75 149.976516724
1337618854.76 146.006820679
1337618854.78 144.105026245
1337618854.78 141.094039917
1337618854.78 142.993606567
1337618854.78 144.063903809
1337618854.78 142.2681427
1337618854.79 141.992340088
1337618854.79 139.590759277
1337618854.8 136.974502563
1337618854.8 136.316894531
1337618854.81 134.148040771
1337618854.82 131.147598267
1337618854.82 129.714828491
1337618854.83 130.276306152
1337618854.83 131.516357422
1337618854.83 131.733779907
1337618854.84 133.132797241
1337618854.85 130.389877319
1337618854.85 126.442306519
1337618854.85 124.68510437
1337618854.86 127.219841003
1337618854.87 127.957748413
1337618854.91 129.422805786
1337618854.91 130.090316772
1337618854.91 118.778663635
1337618854.91 112.190544128
1337618854.91 105.872543335
1337618854.91 103.212944031
1337618854.91 100.388046265
1337618854.92 97.0547943115
1337618854.92 100.83707428
1337618854.92 106.152099609
1337618854.94 111.137535095
1337618854.94 112.171173096
1337618854.94 112.187294006
1337618854.94 114.340911865
1337618854.94 114.537528992
1337618854.94 116.987754822
1337618854.95 120.159790039
1337618854.95 119.943229675
1337618854.95 123.189155579
1337618854.96 125.734794617
1337618854.97 128.377792358
1337618854.98 129.674835205
1337618854.98 130.751281738
1337618854.99 132.033828735
1337618855.0 126.252616882
1337618855.0 122.706687927
1337618855.0 117.239608765
1337618855.0 114.948104858
1337618855.0 113.298789978
1337618855.01 107.140655518
1337618855.01 101.234718323
1337618855.02 102.141593933
1337618855.03 102.483650208
1337618855.04 104.764305115
1337618855.04 118.894020081
1337618855.05 130.044235229
1337618855.05 138.380065918
1337618855.05 146.711883545
1337618855.06 155.977798462
1337618855.06 165.398498535
1337618855.07 175.033676147
1337618855.07 169.554351807
1337618855.08 164.749481201
1337618855.09 162.443206787
1337618855.09 159.650985718
1337618855.09 155.515197754
1337618855.1 155.29397583
1337618855.1 152.536621094
1337618855.1 148.842834473
1337618855.11 149.409255981
1337618855.12 146.178207397
1337618855.12 141.542434692
1337618855.13 138.618560791
1337618855.14 132.305679321
1337618855.14 130.655151367
1337618855.14 130.886764526
1337618855.15 127.112876892
1337618855.15 124.073432922
1337618855.15 132.039672852
1337618855.16 137.641265869
1337618855.16 144.290435791
1337618855.17 155.812835693
1337618855.17 162.119873047
1337618855.18 169.457778931
1337618855.19 170.937072754
1337618855.19 169.84664917
1337618855.21 172.978530884
1337618855.21 174.482055664
1337618855.21 169.7240448
1337618855.21 170.408233643
1337618855.22 169.574081421
1337618855.22 167.997650146
1337618855.22 162.045074463
1337618855.23 153.811508179
1337618855.23 150.996276855
1337618855.24 150.077194214
1337618855.26 148.577697754
1337618855.26 145.778411865
1337618855.26 145.043457031
1337618855.26 142.432067871
1337618855.26 140.529190063
1337618855.27 146.868286133
1337618855.27 149.347763062
1337618855.28 151.828262329
1337618855.28 148.299514771
1337618855.29 140.668838501
1337618855.31 136.136367798
1337618855.31 133.499435425
1337618855.31 132.367431641
1337618855.31 131.700332642
1337618855.32 131.120986938
1337618855.32 128.469772339
1337618855.33 128.13243103
1337618855.33 132.412780762
1337618855.33 132.814590454
1337618855.34 134.930282593
1337618855.36 137.949584961
1337618855.36 136.197784424
1337618855.36 131.803726196
1337618855.36 128.517974854
1337618855.36 123.293571472
1337618855.37 126.951553345
1337618855.37 131.088104248
1337618855.38 127.749328613
1337618855.38 120.494262695
1337618855.39 117.405799866
1337618855.41 112.288970947
1337618855.41 112.385742188
1337618855.41 115.726234436
1337618855.41 112.494125366
1337618855.42 113.703674316
1337618855.42 118.874572754
1337618855.42 121.631774902
1337618855.43 126.98802948
1337618855.44 132.124908447
1337618855.44 128.716705322
1337618855.45 131.789047241
1337618855.45 137.116897583
1337618855.45 135.047470093
1337618855.46 138.064041138
1337618855.46 141.817932129
1337618855.47 139.804550171
1337618855.48 143.513748169
1337618855.49 146.046768188
1337618855.49 141.523696899
1337618855.49 144.021408081
1337618855.5 146.176376343
1337618855.5 142.799041748
1337618855.5 144.663894653
1337618855.51 144.076370239
1337618855.53 140.600997925
1337618855.53 128.721176147
1337618855.53 132.437271118
1337618855.53 130.548736572
1337618855.54 130.177017212
1337618855.54 129.59487915
1337618855.54 122.768379211
1337618855.55 125.077781677
1337618855.56 124.1065979
1337618855.57 117.407966614
1337618855.57 120.040519714
1337618855.58 116.912658691
1337618855.58 112.93473053
1337618855.58 115.17250824
1337618855.58 112.763320923
1337618855.59 110.783180237
1337618855.59 112.830940247
1337618855.6 112.724151611
1337618855.6 110.55015564
1337618855.61 114.385810852
1337618855.62 114.04120636
1337618855.63 115.847259521
1337618855.63 124.878425598
1337618855.63 127.484153748
1337618855.64 128.654602051
1337618855.64 134.979812622
1337618855.64 134.455093384
1337618855.65 135.421936035
1337618855.66 133.209121704
1337618855.66 127.784812927
1337618855.66 125.041366577
1337618855.67 126.361221313
1337618855.67 121.492652893
1337618855.7 120.317733765
1337618855.7 125.541625977
1337618855.7 128.358856201
1337618855.7 133.343811035
1337618855.7 136.281616211
1337618855.71 146.262329102
1337618855.73 158.035644531
1337618855.73 167.91065979
1337618855.73 162.673034668
1337618855.73 162.527099609
1337618855.74 159.257476807
1337618855.75 153.626815796
1337618855.75 151.554946899
1337618855.75 147.098571777
1337618855.75 145.027801514
1337618855.75 155.851348877
1337618855.76 159.767166138
1337618855.76 163.168884277
1337618855.77 180.150161743
1337618855.77 193.029083252
1337618855.81 207.46194458
1337618855.81 210.577163696
1337618855.81 204.408676147
1337618855.81 203.398925781
1337618855.81 206.665847778
1337618855.82 201.613235474
1337618855.82 201.779037476
1337618855.82 197.433883667
1337618855.82 188.076049805
1337618855.82 187.664718628
1337618855.84 185.578689575
1337618855.84 182.699310303
1337618855.84 183.58291626
1337618855.84 180.014480591
1337618855.85 178.704345703
1337618855.85 178.802474976
1337618855.86 177.241210938
1337618855.86 178.147003174
1337618855.87 178.96534729
1337618855.87 177.659973145
1337618855.88 179.205673218
1337618855.88 178.878616333
1337618855.89 177.585769653
1337618855.91 178.555145264
1337618855.91 174.775939941
1337618855.91 171.531829834
1337618855.91 173.593429565
1337618855.91 173.452026367
1337618855.92 173.200057983
1337618855.92 165.945480347
1337618855.93 157.578659058
1337618855.93 152.869476318
1337618855.94 161.890396118
1337618855.94 168.484954834
1337618855.96 168.685852051
1337618855.96 151.847396851
1337618855.96 140.2784729
1337618855.96 129.062698364
1337618855.97 117.139968872
1337618855.97 103.518692017
1337618855.98 88.3248443604
1337618855.98 79.7690734863
1337618855.99 64.3190994263
1337618856.01 50.2392120361
1337618856.01 38.1791305542
1337618856.01 28.7830734253
1337618856.01 23.3052024841
1337618856.02 17.6009483337
1337618856.02 10.8509044647
1337618856.02 6.98683166504
1337618856.03 -0.280591011047
1337618856.03 3.64266371727
1337618856.04 8.45294761658
1337618856.04 10.0206136703
1337618856.06 13.3212165833
1337618856.06 19.2697887421
1337618856.07 25.1626415253
1337618856.07 30.7252063751
1337618856.07 33.4154052734
1337618856.07 36.8718299866
1337618856.08 36.2615013123
1337618856.08 38.3635864258
1337618856.09 47.9366455078
1337618856.09 51.8942947388
1337618856.1 58.3442764282
1337618856.1 64.2187194824
1337618856.12 65.5843429565
1337618856.12 71.8747940063
1337618856.12 74.477722168
1337618856.13 73.2842025757
1337618856.13 73.0108261108
1337618856.13 72.6664657593
1337618856.14 73.44921875
1337618856.14 74.7360916138
1337618856.15 76.6370391846
1337618856.16 70.839225769
1337618856.16 63.2063484192
1337618856.18 60.2693023682
1337618856.18 59.1107521057
1337618856.18 55.8343963623
1337618856.18 56.1520462036
1337618856.18 53.3021011353
1337618856.19 48.6753082275
1337618856.19 48.2511482239
1337618856.2 45.9024620056
1337618856.2 43.7040252686
1337618856.21 43.2722320557
1337618856.22 40.6058387756
1337618856.22 40.272064209
1337618856.22 38.4527587891
1337618856.23 36.0023422241
1337618856.23 35.2932434082
1337618856.24 33.3699378967
1337618856.24 33.3904342651
1337618856.25 33.8808097839
1337618856.25 28.4689426422
1337618856.26 23.7116985321
1337618856.28 21.7489051819
1337618856.28 23.6713104248
1337618856.28 26.0080776215
1337618856.28 27.9344749451
1337618856.29 30.3179759979
1337618856.29 32.1365966797
1337618856.29 37.1744003296
1337618856.3 41.8193893433
1337618856.3 42.5337524414
1337618856.31 41.7203826904
1337618856.31 42.145275116
1337618856.32 45.1964569092
1337618856.32 50.9901275635
1337618856.34 56.1478996277
1337618856.34 49.4818496704
1337618856.34 45.7844810486
1337618856.34 43.3972320557
1337618856.35 40.1277885437
1337618856.35 39.6809234619
1337618856.36 39.4974365234
1337618856.36 37.0462684631
1337618856.37 21.3505077362
1337618856.38 8.12927722931
1337618856.4 -6.26166152954
1337618856.4 -18.0675735474
1337618856.4 -10.2980384827
1337618856.4 -4.90635633469
1337618856.4 -0.882861196995
1337618856.4 0.527489244938
1337618856.41 1.61258602142
1337618856.41 2.64044857025
1337618856.42 4.13327455521
1337618856.42 4.82866096497
1337618856.43 4.62141513824
1337618856.43 5.92342853546
1337618856.44 8.77755451202
1337618856.45 9.23344326019
1337618856.45 7.5869641304
1337618856.46 5.94312000275
1337618856.46 4.53892040253
1337618856.46 6.43352031708
1337618856.47 9.59059524536
1337618856.47 8.06630992889
1337618856.48 6.20416069031
1337618856.48 8.35063552856
1337618856.5 7.82072401047
1337618856.5 8.34044075012
1337618856.5 10.1030158997
1337618856.5 7.55862474442
1337618856.51 5.33280134201
1337618856.51 8.25676822662
1337618856.52 4.12468194962
1337618856.52 -1.41600811481
1337618856.54 -4.39814376831
1337618856.54 -20.2461853027
1337618856.54 -29.7867107391
1337618856.54 -36.0787086487
1337618856.55 -46.6875114441
1337618856.55 -51.4264183044
1337618856.56 -54.5381774902
1337618856.56 -61.6342124939
1337618856.57 -61.6377105713
1337618856.57 -65.9485702515
1337618856.57 -72.316116333
1337618856.58 -75.2449798584
1337618856.59 -77.4750366211
1337618856.61 -76.2260360718
1337618856.62 -75.222038269
1337618856.62 -78.1568450928
1337618856.62 -78.1397171021
1337618856.62 -78.0609817505
1337618856.62 -78.8620910645
1337618856.62 -78.0830993652
1337618856.63 -78.2952270508
1337618856.63 -79.9150924683
1337618856.63 -79.8356933594
1337618856.66 -80.1711807251
1337618856.66 -81.583190918
1337618856.66 -80.5637435913
1337618856.66 -83.189743042
1337618856.67 -84.3471984863
1337618856.67 -76.058807373
1337618856.67 -71.214302063
1337618856.68 -68.5082397461
1337618856.68 -63.3714523315
1337618856.69 -57.3957824707
1337618856.7 -52.4808425903
1337618856.71 -47.3858528137
1337618856.71 -46.5104141235
1337618856.71 -48.0985641479
1337618856.71 -46.0072784424
1337618856.72 -46.6693725586
1337618856.73 -49.7417907715
1337618856.73 -51.1859703064
1337618856.73 -53.2444915771
1337618856.73 -56.7689666748
1337618856.74 -56.2813987732
1337618856.77 -55.2016372681
1337618856.77 -55.8442382812
1337618856.77 -53.6980552673
1337618856.77 -53.3594894409
1337618856.77 -53.3512573242
1337618856.77 -51.6446151733
1337618856.77 -47.268913269
1337618856.78 -44.8701972961
1337618856.78 -41.9442977905
1337618856.79 -40.5679855347
1337618856.79 -40.072719574
1337618856.8 -41.0127639771
1337618856.81 -40.1983299255
1337618856.82 -39.4787025452
1337618856.82 -41.3742408752
1337618856.82 -40.3946685791
1337618856.83 -37.8530845642
1337618856.83 -37.6410064697
1337618856.84 -38.034778595
1337618856.84 -38.3159713745
1337618856.84 -42.2363090515
1337618856.85 -41.6196403503
1337618856.86 -37.6347694397
1337618856.87 -39.7926940918
1337618856.87 -44.9508018494
1337618856.87 -45.5250473022
1337618856.87 -53.5996437073
1337618856.88 -56.7490119934
1337618856.88 -49.4338607788
1337618856.89 -48.9537353516
1337618856.89 -43.6437530518
1337618856.9 -42.4525184631
1337618856.9 -46.0658760071
1337618856.92 -45.7268753052
1337618856.93 -45.9078559875
1337618856.93 -48.9836883545
1337618856.93 -47.0477371216
1337618856.93 -46.0994567871
1337618856.93 -53.8701591492
1337618856.94 -56.6796455383
1337618856.94 -58.4339332581
1337618856.95 -59.5085983276
1337618856.95 -59.677066803
1337618856.97 -60.9572715759
1337618856.97 -58.733001709
1337618856.97 -57.7859268188
1337618856.98 -56.2231483459
1337618856.98 -54.5981750488
1337618856.98 -55.9353179932
1337618856.99 -56.1494216919
1337618856.99 -55.718914032
1337618857.0 -54.8799858093
1337618857.0 -53.542339325
1337618857.01 -53.0293006897
1337618857.01 -54.0877113342
1337618857.02 -53.2280540466
1337618857.02 -50.6057815552
1337618857.03 -51.9582710266
1337618857.03 -52.61195755
1337618857.05 -49.9733848572
1337618857.05 -53.0292892456
1337618857.05 -52.076084137
1337618857.06 -48.984161377
1337618857.06 -52.5149002075
1337618857.06 -54.4203300476
1337618857.07 -53.7670593262
1337618857.07 -54.5773010254
1337618857.09 -51.3901786804
1337618857.09 -54.6462059021
1337618857.09 -62.6704101562
1337618857.09 -67.7872467041
1337618857.1 -63.237651825
1337618857.1 -62.3304100037
1337618857.11 -59.6822814941
1337618857.11 -61.0077552795
1337618857.12 -66.0557937622
1337618857.14 -68.5680541992
1337618857.14 -67.4468078613
1337618857.14 -69.4904098511
1337618857.14 -73.4643783569
1337618857.15 -75.5869827271
1337618857.15 -77.8248519897
1337618857.15 -78.1368103027
1337618857.16 -76.2045593262
1337618857.17 -73.9641647339
1337618857.17 -73.1097335815
1337618857.17 -69.5836791992
1337618857.19 -66.8031387329
1337618857.19 -68.6303939819
1337618857.19 -67.0369186401
1337618857.19 -67.5326309204
1337618857.2 -64.1962051392
1337618857.2 -56.5748901367
1337618857.21 -51.4226074219
1337618857.21 -47.2155990601
1337618857.22 -41.4177894592
1337618857.22 -39.8349990845
1337618857.23 -39.5869522095
1337618857.24 -35.1133003235
1337618857.25 -35.0717964172
1337618857.25 -32.7019500732
1337618857.26 -31.6114578247
1337618857.26 -35.1741600037
1337618857.26 -37.7826004028
1337618857.27 -38.5760269165
1337618857.27 -39.4255409241
1337618857.27 -38.9217376709
1337618857.28 -37.5719184875
1337618857.28 -38.756439209
1337618857.29 -39.0326423645
1337618857.31 -38.3370933533
1337618857.31 -41.9018630981
1337618857.31 -40.1493644714
1337618857.31 -39.3601989746
1337618857.31 -37.7564201355
1337618857.32 -33.8246459961
1337618857.32 -32.6531219482
1337618857.33 -31.631729126
1337618857.34 -20.4603424072
1337618857.35 -13.7935695648
1337618857.35 -8.96089363098
1337618857.35 -6.25161170959
1337618857.36 -6.80611610413
1337618857.36 -5.45048952103
1337618857.36 -0.23341229558
1337618857.37 -0.719382047653
1337618857.37 -1.08097338676
1337618857.38 1.39248466492
1337618857.38 -1.01711797714
1337618857.39 0.0192373394966
1337618857.41 2.02041506767
1337618857.41 9.18683624268
1337618857.41 18.031457901
1337618857.41 25.375202179
1337618857.42 26.0614242554
1337618857.42 29.9937992096
1337618857.42 32.3979568481
1337618857.43 32.016166687
1337618857.43 29.9140434265
1337618857.44 26.4441699982
1337618857.44 24.4565620422
1337618857.45 23.0702610016
1337618857.45 20.2787322998
1337618857.47 18.4270915985
1337618857.47 18.7497901917
1337618857.47 19.0129032135
1337618857.48 20.0426273346
1337618857.48 20.1059684753
1337618857.48 20.5797901154
1337618857.49 23.7263679504
1337618857.49 26.7284908295
1337618857.5 24.3568229675
1337618857.5 24.6629219055
1337618857.52 19.7282657623
1337618857.52 14.9558506012
1337618857.52 13.8734674454
1337618857.53 9.07864952087
1337618857.53 6.50559139252
1337618857.53 2.34219002724
1337618857.54 -6.37856388092
1337618857.54 -11.3886823654
1337618857.55 -12.4738521576
1337618857.55 -18.1862888336
1337618857.57 -17.9507694244
1337618857.58 -14.8365955353
1337618857.58 -17.9769649506
1337618857.58 -18.3942928314
1337618857.58 -16.6153869629
1337618857.58 -20.8371944427
1337618857.59 -18.1661071777
1337618857.59 -13.9815616608
1337618857.6 -17.1000576019
1337618857.6 -19.5711421967
1337618857.61 -22.0762710571
1337618857.61 -24.8686084747
1337618857.62 -23.2265892029
1337618857.64 -23.4071044922
1337618857.64 -25.8905239105
1337618857.64 -27.3787899017
1337618857.64 -28.5877857208
1337618857.65 -28.8787593842
1337618857.65 -27.6344795227
1337618857.66 -25.0775127411
1337618857.67 -25.4854888916
1337618857.67 -28.9098644257
1337618857.67 -30.8097000122
1337618857.67 -31.5137500763
1337618857.68 -33.5473899841
1337618857.68 -40.1598358154
1337618857.69 -42.2305450439
1337618857.69 -43.3912696838
1337618857.7 -46.5022621155
1337618857.7 -43.746635437
1337618857.71 -44.2972450256
1337618857.71 -45.5896110535
1337618857.72 -43.5898361206
1337618857.73 -44.6313209534
1337618857.74 -43.221698761
1337618857.74 -41.1538276672
1337618857.74 -42.4292869568
1337618857.74 -41.3366470337
1337618857.75 -40.4208068848
1337618857.75 -43.9349746704
1337618857.76 -45.4684944153
1337618857.76 -44.721988678
1337618857.77 -43.6628875732
1337618857.77 -43.1178436279
1337618857.79 -43.8044204712
1337618857.79 -45.9744033813
1337618857.79 -47.3590888977
1337618857.79 -49.9357414246
1337618857.8 -49.8151054382
1337618857.8 -48.8901634216
1337618857.81 -48.5366706848
1337618857.81 -52.8695144653
1337618857.82 -55.8983917236
1337618857.84 -56.3001213074
1337618857.84 -59.7648735046
1337618857.84 -63.9533843994
1337618857.84 -66.8566970825
1337618857.84 -74.2129135132
1337618857.85 -72.2122116089
1337618857.85 -72.5582122803
1337618857.86 -74.7025527954
1337618857.86 -74.6198577881
1337618857.87 -77.5477523804
1337618857.87 -81.9849853516
1337618857.88 -83.9808578491
1337618857.89 -84.0920715332
1337618857.89 -81.8139419556
1337618857.89 -79.9456329346
1337618857.9 -78.2943649292
1337618857.9 -78.6454620361
1337618857.91 -82.4974594116
1337618857.91 -83.602142334
1337618857.92 -82.2957077026
1337618857.92 -82.5781860352
1337618857.93 -82.434425354
1337618857.93 -76.9881896973
1337618857.95 -73.1344528198
1337618857.95 -69.3403701782
1337618857.95 -66.3521728516
1337618857.95 -64.5874481201
1337618857.96 -64.2266540527
1337618857.96 -60.6903152466
1337618857.97 -57.460357666
1337618857.97 -58.9809379578
1337618857.98 -57.6582298279
1337618857.98 -49.7493438721
1337618858.0 -45.2769241333
1337618858.0 -36.292011261
1337618858.0 -33.5181007385
1337618858.0 -36.1823005676
1337618858.01 -34.0638504028
1337618858.01 -32.0620193481
1337618858.02 -30.9244117737
1337618858.02 -29.5020503998
1337618858.03 -29.6006526947
1337618858.03 -29.7330532074
