1337614330.82 0.0
1337614330.82 0.0
1337614330.82 0.0
1337614330.82 0.0
1337614330.83 0.0
1337614330.83 0.0
1337614330.83 0.0
1337614330.83 0.0
1337614330.83 0.0
1337614330.83 0.0
1337614330.83 0.0
1337614330.83 0.0
1337614330.84 0.0
1337614330.84 0.0
1337614330.84 0.0
1337614330.84 0.0
1337614330.84 0.0
1337614330.84 0.0
1337614330.84 0.0
1337614330.84 0.0
1337614330.85 0.0
1337614330.85 0.0
1337614330.85 0.0
1337614330.85 0.0
1337614330.85 0.0
1337614330.85 0.0
1337614330.85 0.0
1337614330.85 0.0
1337614330.86 0.0
1337614330.86 0.0
1337614330.86 0.0
1337614330.86 0.0
1337614330.86 0.0
1337614330.86 0.0
1337614330.86 0.0
1337614330.86 0.0
1337614330.87 0.0
1337614330.87 0.0
1337614330.87 0.0
1337614330.87 0.0
1337614330.87 0.0
1337614330.87 0.0
1337614330.87 0.0
1337614330.87 0.0
1337614330.87 0.0
1337614330.88 0.0
1337614330.88 0.0
1337614330.88 0.0
1337614330.88 0.0
1337614330.88 0.0
1337614330.88 0.0
1337614330.88 0.0
1337614330.89 0.0
1337614330.89 0.0
1337614330.89 0.0
1337614330.89 0.0
1337614330.89 0.0
1337614330.89 0.0
1337614330.89 0.0
1337614330.89 0.0
1337614330.9 0.0
1337614330.9 0.0
1337614330.9 0.0
1337614330.9 0.0
1337614330.9 0.0
1337614330.9 0.0
1337614330.9 0.0
1337614330.9 0.0
1337614330.91 0.0
1337614330.91 0.0
1337614330.91 0.0
1337614330.91 0.0
1337614330.91 0.0
1337614330.91 0.0
1337614330.91 0.0
1337614330.91 0.0
1337614330.92 0.0
1337614330.92 0.0
1337614330.92 0.0
1337614330.92 0.0
1337614330.92 0.0
1337614330.92 0.0
1337614330.92 0.0
1337614330.92 0.0
1337614330.93 0.0
1337614330.93 0.0
1337614330.93 0.0
1337614330.93 0.0
1337614330.93 0.0
1337614330.93 0.0
1337614330.93 0.0
1337614330.93 0.0
1337614330.94 0.0
1337614330.94 0.0
1337614330.94 0.0
1337614330.94 0.0
1337614330.94 0.0
1337614330.94 0.0
1337614330.94 0.0
1337614330.94 0.0
1337614330.94 0.0
1337614330.95 0.0
1337614330.95 0.0
1337614330.95 0.0
1337614330.95 0.0
1337614330.95 0.0
1337614330.95 0.0
1337614330.95 0.0
1337614330.96 0.0
1337614330.96 0.0
1337614330.96 0.0
1337614330.96 0.0
1337614330.96 0.0
1337614330.96 0.0
1337614330.96 0.0
1337614330.96 0.0
1337614330.97 0.0
1337614330.97 0.0
1337614330.97 0.0
1337614330.97 0.0
1337614330.97 0.0
1337614330.97 0.0
1337614330.97 0.0
1337614330.97 0.0
1337614330.97 0.0
1337614330.98 0.0
1337614330.98 0.0
1337614330.98 0.0
1337614330.98 0.0
1337614330.98 0.0
1337614330.98 0.0
1337614330.98 0.0
1337614330.99 0.0
1337614330.99 0.0
1337614330.99 0.0
1337614330.99 0.0
1337614330.99 0.0
1337614330.99 0.0
1337614330.99 0.0
1337614330.99 0.0
1337614330.99 0.0
1337614330.99 0.0
1337614331.0 0.0
1337614331.0 0.0
1337614331.0 0.0
1337614331.0 0.0
1337614331.0 0.0
1337614331.0 0.0
1337614331.01 0.0
1337614331.01 0.0
1337614331.01 0.0
1337614331.01 0.0
1337614331.01 0.0
1337614331.01 0.0
1337614331.01 0.0
1337614331.01 0.0
1337614331.01 0.0
1337614331.02 0.0
1337614331.02 0.0
1337614331.02 0.0
1337614331.02 0.0
1337614331.02 0.0
1337614331.02 0.0
1337614331.02 0.0
1337614331.03 0.0
1337614331.03 0.0
1337614331.03 0.0
1337614331.03 0.0
1337614331.03 0.0
1337614331.03 0.0
1337614331.03 0.0
1337614331.03 0.0
1337614331.03 0.0
1337614331.04 0.0
1337614331.04 0.0
1337614331.04 0.0
1337614331.04 0.0
1337614331.04 0.0
1337614331.04 0.0
1337614331.04 0.0
1337614331.05 0.0
1337614331.05 0.0
1337614331.05 0.0
1337614331.05 0.0
1337614331.05 0.0
1337614331.05 0.0
1337614331.05 0.0
1337614331.05 0.0
1337614331.05 0.0
1337614331.06 0.0
1337614331.06 0.0
1337614331.06 0.0
1337614331.06 0.0
1337614331.06 0.0
1337614331.06 0.0
1337614331.06 0.0
1337614331.07 0.0
1337614331.07 0.0
1337614331.07 0.0
1337614331.07 0.0
1337614331.07 0.0
1337614331.07 0.0
1337614331.07 0.0
1337614331.07 0.0
1337614331.08 0.0
1337614331.08 0.0
1337614331.08 0.0
1337614331.08 0.0
1337614331.08 0.0
1337614331.08 0.0
1337614331.08 0.0
1337614331.08 0.0
1337614331.08 0.0
1337614331.08 0.0
1337614331.08 0.0
1337614331.09 0.0
1337614331.09 0.0
1337614331.09 0.0
1337614331.09 0.0
1337614331.09 0.0
1337614331.1 0.0
1337614331.1 0.0
1337614331.1 0.0
1337614331.1 0.0
1337614331.1 0.0
1337614331.1 0.0
1337614331.1 0.0
1337614331.1 0.0
1337614331.11 0.0
1337614331.11 0.0
1337614331.11 0.0
1337614331.11 0.0
1337614331.11 0.0
1337614331.11 0.0
1337614331.11 0.0
1337614331.11 0.0
1337614331.11 0.0
1337614331.12 0.0
1337614331.12 0.0
1337614331.12 0.0
1337614331.12 0.0
1337614331.12 0.0
1337614331.12 0.0
1337614331.12 0.0
1337614331.13 0.0
1337614331.13 0.0
1337614331.13 0.0
1337614331.13 0.0
1337614331.13 0.0
1337614331.13 0.0
1337614331.13 0.0
1337614331.13 0.0
1337614331.13 0.0
1337614331.13 0.0
1337614331.13 0.0
1337614331.14 0.0
1337614331.14 0.0
1337614331.14 0.0
1337614331.14 0.0
1337614331.14 0.0
1337614331.15 0.0
1337614331.15 0.0
1337614331.15 0.0
1337614331.15 0.0
1337614331.15 0.0
1337614331.15 0.0
1337614331.15 0.0
1337614331.15 0.0
1337614331.16 0.0
1337614331.16 0.0
1337614331.16 0.0
1337614331.16 0.0
1337614331.16 0.0
1337614331.16 0.0
1337614331.16 0.0
1337614331.16 0.0
1337614331.16 0.0
1337614331.17 0.0
1337614331.17 0.0
1337614331.17 0.0
1337614331.17 0.0
1337614331.17 0.0
1337614331.17 0.0
1337614331.17 0.0
1337614331.17 0.0
1337614331.17 0.0
1337614331.18 0.0
1337614331.18 0.0
1337614331.18 0.0
1337614331.18 0.0
1337614331.18 0.0
1337614331.18 0.0
1337614331.19 0.0
1337614331.19 0.0
1337614331.19 0.0
1337614331.19 0.0
1337614331.2 0.0
1337614331.2 0.0
1337614331.2 0.0
1337614331.2 0.0
1337614331.2 0.0
1337614331.2 0.0
1337614331.2 0.0
1337614331.2 0.0
1337614331.2 0.0
1337614331.2 0.0
1337614331.2 0.0
1337614331.2 0.0
1337614331.21 0.0
1337614331.21 0.0
1337614331.21 0.0
1337614331.21 0.0
1337614331.21 0.0
1337614331.21 0.0
1337614331.21 0.0
1337614331.21 0.0
1337614331.22 0.0
1337614331.22 0.0
1337614331.22 0.0
1337614331.22 0.0
1337614331.22 0.0
1337614331.22 0.0
1337614331.22 0.0
1337614331.22 0.0
1337614331.22 0.0
1337614331.22 0.0
1337614331.22 0.0
1337614331.22 0.0
1337614331.23 0.0
1337614331.23 0.0
1337614331.23 0.0
1337614331.23 0.0
1337614331.23 0.0
1337614331.24 0.0
1337614331.24 0.0
1337614331.24 0.0
1337614331.24 0.0
1337614331.24 0.0
1337614331.24 0.0
1337614331.24 0.0
1337614331.24 0.0
1337614331.25 0.0
1337614331.25 0.0
1337614331.25 0.0
1337614331.25 0.0
1337614331.25 0.0
1337614331.25 0.0
1337614331.25 0.0
1337614331.26 0.0
1337614331.26 0.0
1337614331.26 0.0
1337614331.26 0.0
1337614331.26 0.0
1337614331.26 0.0
1337614331.26 0.0
1337614331.26 0.0
1337614331.27 0.0
1337614331.27 0.0
1337614331.27 0.0
1337614331.27 0.0
1337614331.27 0.0
1337614331.27 0.0
1337614331.27 0.0
1337614331.27 0.0
1337614331.27 0.0
1337614331.28 0.0
1337614331.28 0.0
1337614331.28 0.0
1337614331.28 0.0
1337614331.28 0.0
1337614331.28 0.0
1337614331.28 0.0
1337614331.29 0.0
1337614331.29 0.0
1337614331.29 0.0
1337614331.29 0.0
1337614331.29 0.0
1337614331.29 0.0
1337614331.29 0.0
1337614331.29 0.0
1337614331.29 0.0
1337614331.29 0.0
1337614331.29 0.0
1337614331.3 0.0
1337614331.3 0.0
1337614331.3 0.0
1337614331.3 0.0
1337614331.3 0.0
1337614331.31 0.0
1337614331.31 0.0
1337614331.31 0.0
1337614331.31 0.0
1337614331.31 0.0
1337614331.31 0.0
1337614331.31 0.0
1337614331.31 0.0
1337614331.32 0.0
1337614331.32 0.0
1337614331.32 0.0
1337614331.32 0.0
1337614331.32 0.0
1337614331.32 0.0
1337614331.32 0.0
1337614331.32 0.0
1337614331.33 0.0
1337614331.33 0.0
1337614331.33 0.0
1337614331.33 0.0
1337614331.33 0.0
1337614331.33 0.0
1337614331.33 0.0
1337614331.33 0.0
1337614331.34 0.0
1337614331.34 0.0
1337614331.34 0.0
1337614331.34 0.0
1337614331.34 0.0
1337614331.34 0.0
1337614331.34 0.0
1337614331.34 0.0
1337614331.34 0.0
1337614331.34 0.0
1337614331.35 0.0
1337614331.35 0.0
1337614331.35 0.0
1337614331.35 0.0
1337614331.36 0.0
1337614331.36 0.0
1337614331.36 0.0
1337614331.36 0.0
1337614331.36 0.0
1337614331.36 0.0
1337614331.36 0.0
1337614331.36 0.0
1337614331.36 0.0
1337614331.36 0.0
1337614331.36 0.0
1337614331.36 0.0
1337614331.36 0.0
1337614331.36 0.0
1337614331.37 0.0
1337614331.37 0.0
1337614331.37 0.0
1337614331.37 0.0
1337614331.37 0.0
1337614331.37 0.0
1337614331.37 0.0
1337614331.37 0.0
1337614331.38 0.0
1337614331.38 0.0
1337614331.38 0.0
1337614331.38 0.0
1337614331.38 0.0
1337614331.39 0.0
1337614331.39 0.0
1337614331.39 0.0
1337614331.39 0.0
1337614331.39 0.0
1337614331.39 0.0
1337614331.39 0.0
1337614331.39 0.0
1337614331.39 0.0
1337614331.39 0.0
1337614331.39 0.0
1337614331.4 0.0
1337614331.4 0.0
1337614331.4 0.0
1337614331.4 0.0
1337614331.41 0.0
1337614331.41 0.0
1337614331.41 0.0
1337614331.41 0.0
1337614331.41 0.0
1337614331.41 0.0
1337614331.41 0.0
1337614331.41 0.0
1337614331.41 0.0
1337614331.41 0.0
1337614331.42 0.0
1337614331.42 0.0
1337614331.42 0.0
1337614331.42 0.0
1337614331.42 0.0
1337614331.42 0.0
1337614331.42 0.0
1337614331.43 0.0
1337614331.43 0.0
1337614331.43 0.0
1337614331.43 0.0
1337614331.43 0.0
1337614331.43 0.0
1337614331.43 0.0
1337614331.43 0.0
1337614331.44 0.0
1337614331.44 0.0
1337614331.44 0.0
1337614331.44 0.0
1337614331.44 0.0
1337614331.44 0.0
1337614331.44 0.0
1337614331.44 0.0
1337614331.44 0.0
1337614331.44 0.0
1337614331.44 0.0
1337614331.45 0.0
1337614331.45 0.0
1337614331.45 0.0
1337614331.45 0.0
1337614331.46 0.0
1337614331.46 0.0
1337614331.46 0.0
1337614331.46 0.0
1337614331.46 0.0
1337614331.46 0.0
1337614331.46 0.0
1337614331.46 0.0
1337614331.46 0.0
1337614331.46 0.0
1337614331.46 0.0
1337614331.46 0.0
1337614331.47 0.0
1337614331.47 0.0
1337614331.47 0.0
1337614331.47 0.0
1337614331.47 0.0
1337614331.47 0.0
1337614331.47 0.0
1337614331.47 0.0
1337614331.48 0.0
1337614331.48 0.0
1337614331.48 0.0
1337614331.48 0.0
1337614331.48 0.0
1337614331.49 0.0
1337614331.49 0.0
1337614331.49 0.0
1337614331.49 0.0
1337614331.49 0.0
1337614331.49 0.0
1337614331.49 0.0
1337614331.49 0.0
1337614331.49 0.0
1337614331.49 0.0
1337614331.49 0.0
1337614331.5 0.0
1337614331.5 0.0
1337614331.5 0.0
1337614331.5 0.0
1337614331.5 0.0
1337614331.51 0.0
1337614331.51 0.0
1337614331.51 0.0
1337614331.51 0.0
1337614331.51 0.0
1337614331.51 0.0
1337614331.51 0.0
1337614331.51 0.0
1337614331.51 0.0
1337614331.51 0.0
1337614331.52 0.0
1337614331.52 0.0
1337614331.52 0.0
1337614331.52 0.0
1337614331.52 0.0
1337614331.52 0.0
1337614331.52 0.0
1337614331.52 0.0
1337614331.52 0.0
1337614331.53 0.0
1337614331.53 0.0
1337614331.53 0.0
1337614331.53 0.0
1337614331.53 0.0
1337614331.53 0.0
1337614331.53 0.0
1337614331.53 0.0
1337614331.54 0.0
1337614331.54 0.0
1337614331.54 0.0
1337614331.54 0.0
1337614331.54 0.0
1337614331.55 0.0
1337614331.55 0.0
1337614331.55 0.0
1337614331.55 0.0
1337614331.55 0.0
1337614331.55 0.0
1337614331.55 0.0
1337614331.55 0.0
1337614331.55 0.0
1337614331.55 0.0
1337614331.55 0.0
1337614331.56 0.0
1337614331.56 0.0
1337614331.56 0.0
1337614331.56 0.0
1337614331.56 0.0
1337614331.57 0.0
1337614331.57 0.0
1337614331.57 0.0
1337614331.57 0.0
1337614331.57 0.0
1337614331.57 0.0
1337614331.57 0.0
1337614331.57 0.0
1337614331.57 0.0
1337614331.57 0.0
1337614331.57 0.0
1337614331.58 0.0
1337614331.58 0.0
1337614331.58 0.0
1337614331.58 0.0
1337614331.59 0.0
1337614331.59 0.0
1337614331.59 0.0
1337614331.59 0.0
1337614331.59 0.0
1337614331.59 0.0
1337614331.59 0.0
1337614331.59 0.0
1337614331.59 0.0
1337614331.59 0.0
1337614331.59 0.0
1337614331.59 0.0
1337614331.6 0.0
1337614331.6 0.0
1337614331.6 0.0
1337614331.6 0.0
1337614331.6 0.0
1337614331.6 0.0
1337614331.61 0.0
1337614331.61 0.0
1337614331.61 0.0
1337614331.61 0.0
1337614331.61 0.0
1337614331.61 0.0
1337614331.61 0.0
1337614331.61 0.0
1337614331.61 0.0
1337614331.61 0.0
1337614331.62 0.0
1337614331.62 0.0
1337614331.62 0.0
1337614331.62 0.0
1337614331.63 0.0
1337614331.63 0.0
1337614331.63 0.0
1337614331.63 0.0
1337614331.63 0.0
1337614331.63 0.0
1337614331.63 0.0
1337614331.63 0.0
1337614331.64 0.0
1337614331.64 0.0
1337614331.64 0.0
1337614331.64 0.0
1337614331.64 0.0
1337614331.64 0.0
1337614331.64 0.0
1337614331.64 0.0
1337614331.64 0.0
1337614331.64 0.0
1337614331.64 0.0
1337614331.64 0.0
1337614331.65 0.0
1337614331.65 0.0
1337614331.65 0.0
1337614331.65 0.0
1337614331.65 0.0
1337614331.66 0.0
1337614331.66 0.0
1337614331.66 0.0
1337614331.66 0.0
1337614331.66 0.0
1337614331.66 0.0
1337614331.66 0.0
1337614331.66 0.0
1337614331.66 0.0
1337614331.66 0.0
1337614331.66 0.0
1337614331.67 0.0
1337614331.67 0.0
1337614331.67 0.0
1337614331.67 0.0
1337614331.67 0.0
1337614331.67 0.0
1337614331.67 0.0
1337614331.68 0.0
1337614331.68 0.0
1337614331.68 0.0
1337614331.68 0.0
1337614331.68 0.0
1337614331.68 0.0
1337614331.68 0.0
1337614331.68 0.0
1337614331.68 0.0
1337614331.7 0.0
1337614331.7 0.0
1337614331.7 0.0
1337614331.7 0.0
1337614331.7 0.0
1337614331.7 0.0
1337614331.7 0.0
1337614331.7 0.0
1337614331.7 0.0
1337614331.7 0.0
1337614331.7 0.0
1337614331.7 0.0
1337614331.7 0.0
1337614331.7 0.0
1337614331.7 0.0
1337614331.7 0.0
1337614331.71 0.0
1337614331.71 0.0
1337614331.71 0.0
1337614331.71 0.0
1337614331.72 0.0
1337614331.72 0.0
1337614331.72 0.0
1337614331.72 0.0
1337614331.72 0.0
1337614331.72 0.0
1337614331.72 0.0
1337614331.72 0.0
1337614331.73 0.0
1337614331.73 0.0
1337614331.73 0.0
1337614331.73 0.0
1337614331.73 0.0
1337614331.73 0.0
1337614331.73 0.0
1337614331.73 0.0
1337614331.73 0.0
1337614331.73 0.0
1337614331.73 0.0
1337614331.73 0.0
1337614331.74 0.0
1337614331.74 0.0
1337614331.74 0.0
1337614331.74 0.0
1337614331.74 0.0
1337614331.74 0.0
1337614331.74 0.0
1337614331.74 0.0
1337614331.75 0.0
1337614331.75 0.0
1337614331.75 0.0
1337614331.75 0.0
1337614331.75 0.0
1337614331.75 0.0
1337614331.75 0.0
1337614331.75 0.0
1337614331.76 0.0
1337614331.76 0.0
1337614331.76 0.0
1337614331.76 0.0
1337614331.76 0.0
1337614331.76 0.0
1337614331.76 0.0
1337614331.76 0.0
1337614331.77 0.0
1337614331.77 0.0
1337614331.77 0.0
1337614331.77 0.0
1337614331.77 0.0
1337614331.77 0.0
1337614331.77 0.0
1337614331.77 0.0
1337614331.78 0.0
1337614331.78 0.0
1337614331.78 0.0
1337614331.78 0.0
1337614331.78 0.0
1337614331.78 0.0
1337614331.78 0.0
1337614331.78 0.0
1337614331.79 0.0
1337614331.79 0.0
1337614331.79 0.0
1337614331.79 0.0
1337614331.79 0.0
1337614331.79 0.0
1337614331.79 0.0
1337614331.79 0.0
1337614331.8 0.0
1337614331.8 0.0
1337614331.8 0.0
1337614331.8 0.0
1337614331.8 0.0
1337614331.8 0.0
1337614331.8 0.0
1337614331.8 0.0
1337614331.81 0.0
1337614331.81 0.0
1337614331.81 0.0
1337614331.81 0.0
1337614331.82 0.0
1337614331.82 0.0
1337614331.82 0.0
1337614331.82 0.0
1337614331.82 0.0
1337614331.82 0.0
1337614331.82 0.0
1337614331.82 0.0
1337614331.82 0.0
1337614331.82 0.0
1337614331.82 0.0
1337614331.82 0.0
1337614331.83 0.0
1337614331.83 0.0
1337614331.83 0.0
1337614331.83 0.0
1337614331.83 0.0
1337614331.83 0.0
1337614331.83 0.0
1337614331.83 0.0
1337614331.84 0.0
1337614331.84 0.0
1337614331.84 0.0
1337614331.84 0.0
1337614331.84 0.0
1337614331.84 0.0
1337614331.84 0.0
1337614331.84 0.0
1337614331.85 0.0
1337614331.85 0.0
1337614331.85 0.0
1337614331.85 0.0
1337614331.85 0.0
1337614331.85 0.0
1337614331.85 0.0
1337614331.85 0.0
1337614331.86 0.0
1337614331.86 0.0
1337614331.86 0.0
1337614331.86 0.0
1337614331.86 0.0
1337614331.86 0.0
1337614331.86 0.0
1337614331.86 0.0
1337614331.87 0.0
1337614331.87 0.0
1337614331.87 0.0
1337614331.87 0.0
1337614331.87 0.0
1337614331.87 0.0
1337614331.87 0.0
1337614331.87 0.0
1337614331.88 0.0
1337614331.88 0.0
1337614331.88 0.0
1337614331.88 0.0
1337614331.89 0.0
1337614331.89 0.0
1337614331.89 0.0
1337614331.89 0.0
1337614331.89 0.0
1337614331.89 0.0
1337614331.89 0.0
1337614331.89 0.0
1337614331.9 0.0
1337614331.9 0.0
1337614331.9 0.0
1337614331.9 0.0
1337614331.9 0.0
1337614331.9 0.0
1337614331.9 0.0
1337614331.9 0.0
1337614331.9 0.0
1337614331.9 0.0
1337614331.9 0.0
1337614331.91 0.0
1337614331.91 0.0
1337614331.91 0.0
1337614331.91 0.0
1337614331.91 0.0
1337614331.91 0.0
1337614331.91 0.0
1337614331.91 0.0
1337614331.91 0.0
1337614331.92 0.0
1337614331.92 0.0
1337614331.92 0.0
1337614331.92 0.0
1337614331.92 0.0
1337614331.92 0.0
1337614331.92 0.0
1337614331.92 0.0
1337614331.93 0.0
1337614331.93 0.0
1337614331.93 0.0
1337614331.93 0.0
1337614331.93 0.0
1337614331.93 0.0
1337614331.93 0.0
1337614331.93 0.0
1337614331.94 0.0
1337614331.94 0.0
1337614331.94 0.0
1337614331.94 0.0
1337614331.94 0.0
1337614331.94 0.0
1337614331.94 0.0
1337614331.94 0.0
1337614331.95 0.0
1337614331.95 0.0
1337614331.95 0.0
1337614331.95 0.0
1337614331.95 0.0
1337614331.95 0.0
1337614331.95 0.0
1337614331.95 0.0
1337614331.96 0.0
1337614331.96 0.0
1337614331.96 0.0
1337614331.96 0.0
1337614331.96 0.0
1337614331.96 0.0
1337614331.96 0.0
1337614331.96 0.0
1337614331.97 0.0
1337614331.97 0.0
1337614331.97 0.0
1337614331.97 0.0
1337614331.97 0.0
1337614331.97 0.0
1337614331.97 0.0
1337614331.97 0.0
1337614331.98 0.0
1337614331.98 0.0
1337614331.98 0.0
1337614331.98 0.0
1337614331.98 0.0
1337614331.98 0.0
1337614331.98 0.0
1337614331.98 0.0
1337614331.99 0.0
1337614331.99 0.0
1337614331.99 0.0
1337614331.99 0.0
1337614331.99 0.0
1337614331.99 0.0
1337614331.99 0.0
1337614331.99 0.0
1337614332.0 0.0
1337614332.0 0.0
1337614332.0 0.0
1337614332.0 0.0
1337614332.0 0.0
1337614332.0 0.0
1337614332.0 0.0
1337614332.0 0.0
1337614332.01 0.0
1337614332.01 0.0
1337614332.01 0.0
1337614332.01 0.0
1337614332.01 0.0
1337614332.01 0.0
1337614332.01 0.0
1337614332.01 0.0
1337614332.02 0.0
1337614332.02 0.0
1337614332.02 0.0
1337614332.02 0.0
1337614332.02 0.0
1337614332.02 0.0
1337614332.02 0.0
1337614332.02 0.0
1337614332.03 0.0
1337614332.03 0.0
1337614332.03 0.0
1337614332.03 0.0
1337614332.03 0.0
1337614332.03 0.0
1337614332.04 0.0
1337614332.04 0.0
1337614332.04 0.0
1337614332.04 0.0
1337614332.04 0.0
1337614332.04 0.0
1337614332.04 0.0
1337614332.04 0.0
1337614332.04 0.0
1337614332.04 0.0
1337614332.05 0.0
1337614332.05 0.0
1337614332.05 0.0
1337614332.05 0.0
1337614332.05 0.0
1337614332.05 0.0
1337614332.05 0.0
1337614332.05 0.0
1337614332.06 0.0
1337614332.06 0.0
1337614332.06 0.0
1337614332.06 0.0
1337614332.06 0.0
1337614332.07 0.0
1337614332.07 0.0
1337614332.07 0.0
1337614332.07 0.0
1337614332.07 0.0
1337614332.07 0.0
1337614332.07 0.0
1337614332.07 0.0
1337614332.07 0.0
1337614332.07 0.0
1337614332.07 0.0
1337614332.08 0.0
1337614332.08 0.0
1337614332.08 0.0
1337614332.08 0.0
1337614332.08 0.0
1337614332.08 0.0
1337614332.08 0.0
1337614332.08 0.0
1337614332.09 0.0
1337614332.09 0.0
1337614332.09 0.0
1337614332.09 0.0
1337614332.09 0.0
1337614332.09 0.0
1337614332.09 0.0
1337614332.09 0.0
1337614332.1 0.0
1337614332.1 0.0
1337614332.1 0.0
1337614332.1 0.0
1337614332.1 0.0
1337614332.1 0.0
1337614332.1 0.0
1337614332.1 0.0
1337614332.11 0.0
1337614332.11 0.0
1337614332.11 0.0
1337614332.11 0.0
1337614332.11 0.0
1337614332.11 0.0
1337614332.11 0.0
1337614332.11 0.0
1337614332.12 0.0
1337614332.12 0.0
1337614332.12 0.0
1337614332.12 0.0
1337614332.12 0.0
1337614332.12 0.0
1337614332.12 0.0
1337614332.12 0.0
1337614332.13 0.0
1337614332.13 0.0
1337614332.13 0.0
1337614332.13 0.0
1337614332.13 0.0
1337614332.13 0.0
1337614332.13 0.0
1337614332.13 0.0
1337614332.14 0.0
1337614332.14 0.0
1337614332.14 0.0
1337614332.14 0.0
1337614332.14 0.0
1337614332.14 0.0
1337614332.14 0.0
1337614332.14 0.0
1337614332.15 0.0
1337614332.15 0.0
1337614332.15 0.0
1337614332.15 0.0
1337614332.15 0.0
1337614332.15 0.0
1337614332.15 0.0
1337614332.15 0.0
1337614332.16 0.0
1337614332.16 0.0
1337614332.16 0.0
1337614332.16 0.0
1337614332.16 0.0
1337614332.16 0.0
1337614332.16 0.0
1337614332.16 0.0
1337614332.17 0.0
1337614332.17 0.0
1337614332.17 0.0
1337614332.17 0.0
1337614332.17 0.0
1337614332.17 0.0
1337614332.17 0.0
1337614332.17 0.0
1337614332.18 0.0
1337614332.18 0.0
1337614332.18 0.0
1337614332.18 0.0
1337614332.18 0.0
1337614332.18 0.0
1337614332.18 0.0
1337614332.18 0.0
1337614332.19 0.0
1337614332.19 0.0
1337614332.19 0.0
1337614332.19 0.0
1337614332.19 0.0
1337614332.19 0.0
1337614332.19 0.0
1337614332.19 0.0
1337614332.2 0.0
1337614332.2 0.0
1337614332.2 0.0
1337614332.2 0.0
1337614332.2 0.0
1337614332.2 0.0
1337614332.2 0.0
1337614332.2 0.0
1337614332.21 0.0
1337614332.21 0.0
1337614332.21 0.0
1337614332.21 0.0
1337614332.21 0.0
1337614332.21 0.0
1337614332.21 0.0
1337614332.21 0.0
1337614332.22 0.0
1337614332.22 0.0
1337614332.22 0.0
1337614332.22 0.0
1337614332.22 0.0
1337614332.22 0.0
1337614332.22 0.0
1337614332.22 0.0
1337614332.23 0.0
1337614332.23 0.0
1337614332.23 0.0
1337614332.23 0.0
1337614332.23 0.0
1337614332.23 0.0
1337614332.23 0.0
1337614332.23 0.0
1337614332.24 0.0
1337614332.24 0.0
1337614332.24 0.0
1337614332.24 0.0
1337614332.24 0.0
1337614332.24 0.0
1337614332.24 0.0
1337614332.24 0.0
1337614332.25 0.0
1337614332.25 0.0
1337614332.25 0.0
1337614332.25 0.0
1337614332.25 0.0
1337614332.25 0.0
1337614332.25 0.0
1337614332.25 0.0
1337614332.26 0.0
1337614332.26 0.0
1337614332.26 0.0
1337614332.26 0.0
1337614332.26 0.0
1337614332.26 0.0
1337614332.26 0.0
1337614332.26 0.0
1337614332.27 0.0
1337614332.27 0.0
1337614332.27 0.0
1337614332.27 0.0
1337614332.27 0.0
1337614332.27 0.0
1337614332.27 0.0
1337614332.27 0.0
1337614332.28 0.0
1337614332.28 0.0
1337614332.28 0.0
1337614332.28 0.0
1337614332.28 0.0
1337614332.28 0.0
1337614332.28 0.0
1337614332.28 0.0
1337614332.29 0.0
1337614332.29 0.0
1337614332.29 0.0
1337614332.29 0.0
1337614332.29 0.0
1337614332.29 0.0
1337614332.29 0.0
1337614332.29 0.0
1337614332.3 0.0
1337614332.3 0.0
1337614332.3 0.0
1337614332.3 0.0
1337614332.3 0.0
1337614332.3 0.0
1337614332.3 0.0
1337614332.3 0.0
1337614332.31 0.0
1337614332.31 0.0
1337614332.31 0.0
1337614332.31 0.0
1337614332.31 0.0
1337614332.31 0.0
1337614332.31 0.0
1337614332.31 0.0
1337614332.32 0.0
1337614332.32 0.0
1337614332.32 0.0
1337614332.32 0.0
1337614332.32 0.0
1337614332.32 0.0
1337614332.32 0.0
1337614332.32 0.0
1337614332.33 0.0
1337614332.33 0.0
1337614332.33 0.0
1337614332.33 0.0
1337614332.33 0.0
1337614332.33 0.0
1337614332.33 0.0
1337614332.33 0.0
1337614332.34 0.0
1337614332.34 0.0
1337614332.34 0.0
1337614332.34 0.0
1337614332.34 0.0
1337614332.34 0.0
1337614332.34 0.0
1337614332.34 0.0
1337614332.35 0.0
1337614332.35 0.0
1337614332.35 0.0
1337614332.35 0.0
1337614332.35 0.0
1337614332.35 0.0
1337614332.35 0.0
1337614332.35 0.0
1337614332.36 0.0
1337614332.36 0.0
1337614332.36 0.0
1337614332.36 0.0
1337614332.36 0.0
1337614332.36 0.0
1337614332.36 0.0
1337614332.36 0.0
1337614332.37 0.0
1337614332.37 0.0
1337614332.37 0.0
1337614332.37 0.0
1337614332.37 0.0
1337614332.37 0.0
1337614332.37 0.0
1337614332.37 0.0
1337614332.38 0.0
1337614332.38 0.0
1337614332.38 0.0
1337614332.38 0.0
1337614332.38 0.0
1337614332.38 0.0
1337614332.38 0.0
1337614332.38 0.0
1337614332.39 0.0
1337614332.39 0.0
1337614332.39 0.0
1337614332.39 0.0
1337614332.39 0.0
1337614332.39 0.0
1337614332.39 0.0
1337614332.39 0.0
1337614332.4 0.0
1337614332.4 0.0
1337614332.4 0.0
1337614332.4 0.0
1337614332.4 0.0
1337614332.4 0.0
1337614332.4 0.0
1337614332.4 0.0
1337614332.41 0.0
1337614332.41 0.0
1337614332.41 0.0
1337614332.41 0.0
1337614332.41 0.0
1337614332.41 0.0
1337614332.41 0.0
1337614332.41 0.0
1337614332.42 0.0
1337614332.42 0.0
1337614332.42 0.0
1337614332.42 0.0
1337614332.42 0.0
1337614332.42 0.0
1337614332.42 0.0
1337614332.42 0.0
1337614332.43 0.0
1337614332.43 0.0
1337614332.43 0.0
1337614332.43 0.0
1337614332.43 0.0
1337614332.43 0.0
1337614332.43 0.0
1337614332.43 0.0
1337614332.44 0.0
1337614332.44 0.0
1337614332.44 0.0
1337614332.44 0.0
1337614332.44 0.0
1337614332.44 0.0
1337614332.44 0.0
1337614332.44 0.0
1337614332.45 0.0
1337614332.45 0.0
1337614332.45 0.0
1337614332.45 0.0
1337614332.45 0.0
1337614332.45 0.0
1337614332.45 0.0
1337614332.45 0.0
1337614332.46 0.0
1337614332.46 0.0
1337614332.46 0.0
1337614332.46 0.0
1337614332.46 0.0
1337614332.46 0.0
1337614332.46 0.0
1337614332.46 0.0
1337614332.47 0.0
1337614332.47 0.0
1337614332.47 0.0
1337614332.47 0.0
1337614332.47 0.0
1337614332.47 0.0
1337614332.47 0.0
1337614332.47 0.0
1337614332.47 0.0
1337614332.48 0.0
1337614332.48 0.0
1337614332.48 0.0
1337614332.48 0.0
1337614332.48 0.0
1337614332.48 0.0
1337614332.48 0.0
1337614332.5 0.0
1337614332.5 0.0
1337614332.5 0.0
1337614332.5 0.0
1337614332.5 0.0
1337614332.5 0.0
1337614332.5 0.0
1337614332.5 0.0
1337614332.5 0.0
1337614332.5 0.0
1337614332.5 0.0
1337614332.5 0.0
1337614332.5 0.0
1337614332.5 0.0
1337614332.5 0.0
1337614332.5 0.0
1337614332.51 0.0
1337614332.51 0.0
1337614332.51 0.0
1337614332.51 0.0
1337614332.51 0.0
1337614332.51 0.0
1337614332.51 0.0
1337614332.51 0.0
1337614332.52 0.0
1337614332.52 0.0
1337614332.52 0.0
1337614332.52 0.0
1337614332.52 0.0
1337614332.52 0.0
1337614332.52 0.0
1337614332.52 0.0
1337614332.53 0.0
1337614332.53 0.0
1337614332.53 0.0
1337614332.53 0.0
1337614332.53 0.0
1337614332.53 0.0
1337614332.53 0.0
1337614332.53 0.0
1337614332.54 0.0
1337614332.54 0.0
1337614332.54 0.0
1337614332.54 0.0
1337614332.54 0.0
1337614332.54 0.0
1337614332.54 0.0
1337614332.54 0.0
1337614332.55 0.0
1337614332.55 0.0
1337614332.55 0.0
1337614332.55 0.0
1337614332.55 0.0
1337614332.55 0.0
1337614332.55 0.0
1337614332.55 0.0
1337614332.55 0.0
1337614332.56 0.0
1337614332.56 0.0
1337614332.56 0.0
1337614332.56 0.0
1337614332.56 0.0
1337614332.56 0.0
1337614332.56 0.0
1337614332.56 0.0
1337614332.56 0.0
1337614332.56 0.0
1337614332.57 0.0
1337614332.57 0.0
1337614332.57 0.0
1337614332.57 0.0
1337614332.57 0.0
1337614332.57 0.0
1337614332.57 0.0
1337614332.57 0.0
1337614332.58 0.0
1337614332.58 0.0
1337614332.58 0.0
1337614332.58 0.0
1337614332.58 0.0
1337614332.59 0.0
1337614332.59 0.0
1337614332.59 0.0
1337614332.59 0.0
1337614332.59 0.0
1337614332.59 0.0
1337614332.59 0.0
1337614332.59 0.0
1337614332.59 0.0
1337614332.59 0.0
1337614332.6 0.0
1337614332.6 0.0
1337614332.6 0.0
1337614332.6 0.0
1337614332.6 0.0
1337614332.6 0.0
1337614332.61 0.0
1337614332.61 0.0
1337614332.61 0.0
1337614332.61 0.0
1337614332.61 0.0
1337614332.61 0.0
1337614332.61 0.0
1337614332.61 0.0
1337614332.61 0.0
1337614332.62 0.0
1337614332.62 0.0
1337614332.62 0.0
1337614332.62 0.0
1337614332.62 0.0
1337614332.62 0.0
1337614332.62 0.0
1337614332.63 0.0
1337614332.63 0.0
1337614332.63 0.0
1337614332.63 0.0
1337614332.63 0.0
1337614332.63 0.0
1337614332.63 0.0
1337614332.63 0.0
1337614332.64 0.0
1337614332.64 0.0
1337614332.64 0.0
1337614332.64 0.0
1337614332.64 0.0
1337614332.64 0.0
1337614332.64 0.0
1337614332.64 0.0
1337614332.65 0.0
1337614332.65 0.0
1337614332.65 0.0
1337614332.65 0.0
1337614332.65 0.0
1337614332.65 0.0
1337614332.65 0.0
1337614332.65 0.0
1337614332.65 0.0
1337614332.65 0.0
1337614332.65 0.0
1337614332.66 0.0
1337614332.66 0.0
1337614332.66 0.0
1337614332.66 0.0
1337614332.66 0.0
1337614332.67 0.0
1337614332.67 0.0
1337614332.67 0.0
1337614332.67 0.0
1337614332.67 0.0
1337614332.67 0.0
1337614332.67 0.0
1337614332.67 0.0
1337614332.68 0.0
1337614332.68 0.0
1337614332.68 0.0
1337614332.68 0.0
1337614332.68 0.0
1337614332.68 0.0
1337614332.68 0.0
1337614332.68 0.0
1337614332.69 0.0
1337614332.69 0.0
1337614332.69 0.0
1337614332.69 0.0
1337614332.69 0.0
1337614332.69 0.0
1337614332.69 0.0
1337614332.69 0.0
1337614332.7 0.0
1337614332.7 0.0
1337614332.7 0.0
1337614332.7 0.0
1337614332.7 0.0
1337614332.7 0.0
1337614332.7 0.0
1337614332.7 0.0
1337614332.7 0.0
1337614332.7 0.0
1337614332.7 0.0
1337614332.7 0.0
1337614332.71 0.0
1337614332.71 0.0
1337614332.71 0.0
1337614332.71 0.0
1337614332.72 0.0
1337614332.72 0.0
1337614332.72 0.0
1337614332.72 0.0
1337614332.72 0.0
1337614332.72 0.0
1337614332.72 0.0
1337614332.72 0.0
1337614332.73 0.0
1337614332.73 0.0
1337614332.73 0.0
1337614332.73 0.0
1337614332.73 0.0
1337614332.73 0.0
1337614332.73 0.0
1337614332.73 0.0
1337614332.75 0.0
1337614332.75 0.0
1337614332.75 0.0
1337614332.75 0.0
1337614332.75 0.0
1337614332.75 0.0
1337614332.75 0.0
1337614332.75 0.0
1337614332.75 0.0
1337614332.75 0.0
1337614332.75 0.0
1337614332.75 0.0
1337614332.75 0.0
1337614332.75 0.0
1337614332.75 0.0
1337614332.75 0.0
1337614332.76 0.0
1337614332.76 0.0
1337614332.76 0.0
1337614332.76 0.0
1337614332.76 0.0
1337614332.76 0.0
1337614332.76 0.0
1337614332.76 0.0
1337614332.77 0.0
1337614332.77 0.0
1337614332.77 0.0
1337614332.77 0.0
1337614332.77 0.0
1337614332.77 0.0
1337614332.77 0.0
1337614332.77 0.0
1337614332.77 0.0
1337614332.78 0.0
1337614332.78 0.0
1337614332.78 0.0
1337614332.78 0.0
1337614332.78 0.0
1337614332.78 0.0
1337614332.78 0.0
1337614332.79 0.0
1337614332.79 0.0
1337614332.79 0.0
1337614332.79 0.0
1337614332.79 0.0
1337614332.79 0.0
1337614332.79 0.0
1337614332.79 0.0
1337614332.8 0.0
1337614332.8 0.0
1337614332.8 0.0
1337614332.8 0.0
1337614332.8 0.0
1337614332.8 0.0
1337614332.8 0.0
1337614332.8 0.0
1337614332.8 0.0
1337614332.8 0.0
1337614332.8 0.0
1337614332.8 0.0
1337614332.81 0.0
1337614332.81 0.0
1337614332.81 0.0
1337614332.81 0.0
1337614332.81 0.0
1337614332.81 0.0
1337614332.82 0.0
1337614332.82 0.0
1337614332.82 0.0
1337614332.82 0.0
1337614332.82 0.0
1337614332.82 0.0
1337614332.82 0.0
1337614332.82 0.0
1337614332.82 0.0
1337614332.82 0.0
1337614332.83 0.0
1337614332.83 0.0
1337614332.83 0.0
1337614332.83 0.0
1337614332.83 0.0
1337614332.83 0.0
1337614332.83 0.0
1337614332.83 0.0
1337614332.84 0.0
1337614332.84 0.0
1337614332.84 0.0
1337614332.84 0.0
1337614332.84 0.0
1337614332.84 0.0
1337614332.85 0.0
1337614332.85 0.0
1337614332.85 0.0
1337614332.85 0.0
1337614332.85 0.0
1337614332.85 0.0
1337614332.85 0.0
1337614332.85 0.0
1337614332.86 0.0
1337614332.86 0.0
1337614332.86 0.0
1337614332.86 0.0
1337614332.86 0.0
1337614332.86 0.0
1337614332.86 0.0
1337614332.87 0.0
1337614332.87 0.0
1337614332.87 0.0
1337614332.87 0.0
1337614332.87 0.0
1337614332.87 0.0
1337614332.87 0.0
1337614332.87 0.0
1337614332.87 0.0
1337614332.88 0.0
1337614332.88 0.0
1337614332.88 0.0
1337614332.88 0.0
1337614332.88 0.0
1337614332.88 0.0
1337614332.88 0.0
1337614332.89 0.0
1337614332.89 0.0
1337614332.89 0.0
1337614332.89 0.0
1337614332.89 0.0
1337614332.89 0.0
1337614332.89 0.0
1337614332.89 0.0
1337614332.89 0.0
1337614332.89 0.0
1337614332.9 0.0
1337614332.9 0.0
1337614332.9 0.0
1337614332.9 0.0
1337614332.9 0.0
1337614332.9 0.0
1337614332.9 0.0
1337614332.9 0.0
1337614332.9 0.0
1337614332.91 0.0
1337614332.91 0.0
1337614332.91 0.0
1337614332.91 0.0
1337614332.91 0.0
1337614332.91 0.0
1337614332.91 0.0
1337614332.91 0.0
1337614332.92 0.0
1337614332.92 0.0
1337614332.92 0.0
1337614332.92 0.0
1337614332.92 0.0
1337614332.92 0.0
1337614332.92 0.0
1337614332.92 0.0
1337614332.93 0.0
1337614332.93 0.0
1337614332.93 0.0
1337614332.93 0.0
1337614332.94 0.0
1337614332.94 0.0
1337614332.94 0.0
1337614332.94 0.0
1337614332.94 0.0
1337614332.94 0.0
1337614332.94 0.0
1337614332.94 0.0
1337614332.94 0.0
1337614332.95 0.0
1337614332.95 0.0
1337614332.95 0.0
1337614332.95 0.0
1337614332.95 0.0
1337614332.95 0.0
1337614332.95 0.0
1337614332.95 0.0
1337614332.95 0.0
1337614332.95 0.0
1337614332.95 0.0
1337614332.96 0.0
1337614332.96 0.0
1337614332.96 0.0
1337614332.96 0.0
1337614332.97 0.0
1337614332.97 0.0
1337614332.97 0.0
1337614332.97 0.0
1337614332.97 0.0
1337614332.97 0.0
1337614332.97 0.0
1337614332.97 0.0
1337614332.97 0.0
1337614332.97 0.0
1337614332.97 0.0
1337614332.97 0.0
1337614332.98 0.0
1337614332.98 0.0
1337614332.98 0.0
1337614332.98 0.0
1337614333.0 0.0
1337614333.0 0.0
1337614333.0 0.0
1337614333.0 0.0
1337614333.0 0.0
1337614333.0 0.0
1337614333.0 0.0
1337614333.0 0.0
1337614333.0 0.0
1337614333.0 0.0
1337614333.0 0.0
1337614333.0 0.0
1337614333.01 0.0
1337614333.01 0.0
1337614333.01 0.0
1337614333.01 0.0
1337614333.01 0.0
1337614333.01 0.0
1337614333.01 0.0
1337614333.01 0.0
1337614333.01 0.0
1337614333.01 0.0
1337614333.01 0.0
1337614333.01 0.0
1337614333.01 0.0
1337614333.01 0.0
1337614333.01 0.0
1337614333.01 0.0
1337614333.02 0.0
1337614333.02 0.0
1337614333.02 0.0
1337614333.02 0.0
1337614333.02 0.0
1337614333.02 0.0
1337614333.02 0.0
1337614333.02 0.0
1337614333.03 0.0
1337614333.03 0.0
1337614333.03 0.0
1337614333.03 0.0
1337614333.04 0.0
1337614333.04 0.0
1337614333.04 0.0
1337614333.04 0.0
1337614333.04 0.0
1337614333.04 0.0
1337614333.04 0.0
1337614333.04 0.0
1337614333.04 0.0
1337614333.05 0.0
1337614333.05 0.0
1337614333.05 0.0
1337614333.05 0.0
1337614333.05 0.0
1337614333.05 0.0
1337614333.05 0.0
1337614333.05 0.0
1337614333.05 0.0
1337614333.05 0.0
1337614333.05 0.0
1337614333.06 0.0
1337614333.06 0.0
1337614333.06 0.0
1337614333.06 0.0
1337614333.06 0.0
1337614333.06 0.0
1337614333.06 0.0
1337614333.06 0.0
1337614334.49 0.0
1337614334.49 0.0
1337614334.5 0.0
1337614334.5 0.0
1337614334.5 0.0
1337614334.5 0.0
1337614334.5 0.0
1337614334.5 0.0
1337614334.5 0.0
1337614334.5 0.0
1337614334.5 0.0
1337614334.5 0.0
1337614334.5 0.0
1337614334.5 0.0
1337614334.5 0.0
1337614334.5 0.0
1337614334.5 0.0
1337614334.5 0.0
1337614334.5 0.0
1337614334.5 0.0
1337614334.5 0.0
1337614334.5 0.0
1337614334.5 0.0
1337614334.5 0.0
1337614334.5 0.0
1337614334.5 0.0
1337614334.5 0.0
1337614334.5 0.0
1337614334.51 0.0
1337614334.51 0.0
1337614334.51 0.0
1337614334.51 0.0
1337614334.51 0.0
1337614334.51 0.0
1337614334.51 0.0
1337614334.51 0.0
1337614334.51 0.0
1337614334.51 0.0
1337614334.51 0.0
1337614334.51 0.0
1337614334.53 0.0
1337614334.53 0.0
1337614334.53 0.0
1337614334.53 0.0
1337614334.53 0.0
1337614334.53 0.0
1337614334.53 0.0
1337614334.53 0.0
1337614334.53 0.0
1337614334.53 0.0
1337614334.53 0.0
1337614334.53 0.0
1337614334.54 0.0
1337614334.54 0.0
1337614334.54 0.0
1337614334.54 0.0
1337614334.54 0.0
1337614334.54 0.0
1337614334.54 0.0
1337614334.54 0.0
1337614334.54 0.0
1337614334.54 0.0
1337614334.54 0.0
1337614334.54 0.0
1337614334.54 0.0
1337614334.54 0.0
1337614334.54 0.0
1337614334.54 0.0
1337614334.54 0.0
1337614334.54 0.0
1337614334.54 0.0
1337614334.54 0.0
1337614334.54 0.0
1337614334.54 0.0
1337614334.54 0.0
1337614334.54 0.0
1337614334.55 0.0
1337614334.55 0.0
1337614334.55 0.0
1337614334.55 0.0
1337614334.55 0.0
1337614334.55 0.0
1337614334.55 0.0
1337614334.55 0.0
1337614334.55 0.0
1337614334.55 0.0
1337614334.55 0.0
1337614334.55 0.0
1337614334.55 0.0
1337614334.55 0.0
1337614334.55 0.0
1337614334.55 0.0
1337614334.57 0.0
1337614334.57 0.0
1337614334.57 0.0
1337614334.57 0.0
1337614334.58 0.0
1337614334.58 0.0
1337614334.58 0.0
1337614334.58 0.0
1337614334.58 0.0
1337614334.58 0.0
1337614334.58 0.0
1337614334.58 0.0
1337614334.58 0.0
1337614334.58 0.0
1337614334.58 0.0
1337614334.58 0.0
1337614334.58 0.0
1337614334.58 0.0
1337614334.58 0.0
1337614334.58 0.0
1337614334.58 0.0
1337614334.58 0.0
1337614334.58 0.0
1337614334.58 0.0
1337614334.58 0.0
1337614334.58 0.0
1337614334.58 0.0
1337614334.58 0.0
1337614334.58 0.0
1337614334.58 0.0
1337614334.58 0.0
1337614334.58 0.0
1337614334.58 0.0
1337614334.58 0.0
1337614334.58 0.0
1337614334.58 0.0
1337614334.58 0.0
1337614334.58 0.0
1337614334.58 0.0
1337614334.58 0.0
1337614334.58 0.0
1337614334.58 0.0
1337614334.58 0.0
1337614334.58 0.0
1337614334.64 0.0
1337614334.64 0.0
1337614334.64 0.0
1337614334.64 0.0
1337614334.64 0.0
1337614334.64 0.0
1337614334.64 0.0
1337614334.64 0.0
1337614334.64 0.0
1337614334.64 0.0
1337614334.64 0.0
1337614334.65 0.0
1337614334.65 0.0
1337614334.65 0.0
1337614334.65 0.0
1337614334.65 0.0
1337614334.65 0.0
1337614334.65 0.0
1337614334.65 0.0
1337614334.65 0.0
1337614334.65 0.0
1337614334.65 0.0
1337614334.65 0.0
1337614334.65 0.0
1337614334.65 0.0
1337614334.65 0.0
1337614334.65 0.0
1337614334.65 0.0
1337614334.65 0.0
1337614334.65 0.0
1337614334.65 0.0
1337614334.65 0.0
1337614334.65 0.0
1337614334.66 0.0
1337614334.66 0.0
1337614334.66 0.0
1337614334.66 0.0
1337614334.66 0.0
1337614334.66 0.0
1337614334.66 0.0
1337614334.66 0.0
1337614334.66 0.0
1337614334.66 0.0
1337614334.66 0.0
1337614334.66 0.0
1337614334.66 0.0
1337614334.66 0.0
1337614334.66 0.0
1337614334.66 0.0
1337614334.66 0.0
1337614334.66 0.0
1337614334.66 0.0
1337614334.66 0.0
1337614334.66 0.0
1337614334.66 0.0
1337614334.66 0.0
1337614334.66 0.0
1337614334.66 0.0
1337614334.66 0.0
1337614334.66 0.0
1337614334.66 0.0
1337614334.66 0.0
1337614334.66 0.0
1337614334.66 0.0
1337614334.66 0.0
1337614334.66 0.0
1337614334.66 0.0
1337614334.66 0.0
1337614334.66 0.0
1337614334.67 0.0
1337614334.67 0.0
1337614334.67 0.0
1337614334.67 0.0
1337614334.67 0.0
1337614334.67 0.0
1337614334.67 0.0
1337614334.67 0.0
1337614334.67 0.0
1337614334.67 0.0
1337614334.67 0.0
1337614334.67 0.0
1337614334.67 0.0
1337614334.67 0.0
1337614334.67 0.0
1337614334.67 0.0
1337614334.67 0.0
1337614334.67 0.0
1337614334.67 0.0
1337614334.67 0.0
1337614334.67 0.0
1337614334.67 0.0
1337614334.67 0.0
1337614334.67 0.0
1337614334.67 0.0
1337614334.67 0.0
1337614334.67 0.0
1337614334.67 0.0
1337614334.67 0.0
1337614334.67 0.0
1337614334.67 0.0
1337614334.67 0.0
1337614334.67 0.0
1337614334.67 0.0
1337614334.67 0.0
1337614334.67 0.0
1337614334.67 0.0
1337614334.67 0.0
1337614334.67 0.0
1337614334.67 0.0
1337614334.67 0.0
1337614334.67 0.0
1337614334.67 0.0
1337614334.67 0.0
1337614334.67 0.0
1337614334.67 0.0
1337614334.67 0.0
1337614334.67 0.0
1337614334.67 0.0
1337614334.67 0.0
1337614334.67 0.0
1337614334.67 0.0
1337614334.67 0.0
1337614334.67 0.0
1337614334.67 0.0
1337614334.67 0.0
1337614334.67 0.0
1337614334.67 0.0
1337614334.67 0.0
1337614334.67 0.0
1337614334.67 0.0
1337614334.67 0.0
1337614334.67 0.0
1337614334.67 0.0
1337614334.67 0.0
1337614334.67 0.0
1337614334.67 0.0
1337614334.67 0.0
1337614334.67 0.0
1337614334.67 0.0
1337614334.67 0.0
1337614334.67 0.0
1337614334.67 0.0
1337614334.67 0.0
1337614334.67 0.0
1337614334.67 0.0
1337614334.67 0.0
1337614334.67 0.0
1337614334.67 0.0
1337614334.67 0.0
1337614334.67 0.0
1337614334.67 0.0
1337614334.67 0.0
1337614334.67 0.0
1337614334.67 0.0
1337614334.67 0.0
1337614334.67 0.0
1337614334.67 0.0
1337614334.67 0.0
1337614334.67 0.0
1337614334.67 0.0
1337614334.67 0.0
1337614334.68 0.0
1337614334.68 0.0
1337614334.68 0.0
1337614334.68 0.0
1337614334.68 0.0
1337614334.68 0.0
1337614334.68 0.0
1337614334.68 0.0
1337614334.68 0.0
1337614334.68 0.0
1337614334.68 0.0
1337614334.68 0.0
1337614334.68 0.0
1337614334.68 0.0
1337614334.68 0.0
1337614334.68 0.0
1337614334.68 0.0
1337614334.68 0.0
1337614334.68 0.0
1337614334.68 0.0
1337614334.68 0.0
1337614334.68 0.0
1337614334.68 0.0
1337614334.68 0.0
1337614334.68 0.0
1337614334.68 0.0
1337614334.68 0.0
1337614334.68 0.0
1337614334.68 0.0
1337614334.68 0.0
1337614334.68 0.0
1337614334.68 0.0
1337614334.68 0.0
1337614334.68 0.0
1337614334.68 0.0
1337614334.68 0.0
1337614334.68 0.0
1337614334.68 0.0
1337614334.68 0.0
1337614334.68 0.0
1337614334.68 0.0
1337614334.68 0.0
1337614334.68 0.0
1337614334.68 0.0
1337614334.68 0.0
1337614334.68 0.0
1337614334.68 0.0
1337614334.68 0.0
1337614334.68 0.0
1337614334.68 0.0
1337614334.68 0.0
1337614334.68 0.0
1337614334.68 0.0
1337614334.68 0.0
1337614334.68 0.0
1337614334.68 0.0
1337614334.68 0.0
1337614334.68 0.0
1337614334.68 0.0
1337614334.68 0.0
1337614334.68 0.0
1337614334.68 0.0
1337614334.68 0.0
1337614334.68 0.0
1337614334.68 0.0
1337614334.68 0.0
1337614334.68 0.0
1337614334.68 0.0
1337614334.68 0.0
1337614334.68 0.0
1337614334.68 0.0
1337614334.68 0.0
1337614334.68 0.0
1337614334.68 0.0
1337614334.68 0.0
1337614334.68 0.0
1337614334.68 0.0
1337614334.68 0.0
1337614334.68 0.0
1337614334.68 0.0
1337614334.68 0.0
1337614334.68 0.0
1337614334.68 0.0
1337614334.68 0.0
1337614334.68 0.0
1337614334.68 0.0
1337614334.68 0.0
1337614334.68 0.0
1337614334.68 0.0
1337614334.68 0.0
1337614334.68 0.0
1337614334.68 0.0
1337614334.68 0.0
1337614334.68 0.0
1337614334.68 0.0
1337614334.68 0.0
1337614334.68 0.0
1337614334.68 0.0
1337614334.68 0.0
1337614334.68 0.0
1337614334.68 0.0
1337614334.68 0.0
1337614334.68 0.0
1337614334.68 0.0
1337614334.68 0.0
1337614334.68 0.0
1337614334.68 0.0
1337614334.68 0.0
1337614334.68 0.0
1337614334.68 0.0
1337614334.68 0.0
1337614334.79 0.0
1337614334.79 0.0
1337614334.79 0.0
1337614334.79 0.0
1337614334.79 0.0
1337614334.79 0.0
1337614334.79 0.0
1337614334.79 0.0
1337614334.8 0.0
1337614334.8 0.0
1337614334.8 0.0
1337614334.8 0.0
1337614334.8 0.0
1337614334.8 0.0
1337614334.8 0.0
1337614334.8 0.0
1337614334.8 0.0
1337614334.8 0.0
1337614334.81 0.0
1337614334.81 0.0
1337614334.81 0.0
1337614334.81 0.0
1337614334.81 0.0
1337614334.81 0.0
1337614334.81 0.0
1337614334.81 0.0
1337614334.81 0.0
1337614334.82 0.0
1337614334.82 0.0
1337614334.82 0.0
1337614334.82 0.0
1337614334.82 0.0
1337614334.82 -1.0
1337614334.82 -1.0
1337614334.82 -1.0
1337614334.82 -1.0
1337614334.83 -1.0
1337614334.83 -1.0
1337614334.83 -1.0
1337614334.83 -1.0
1337614334.83 -1.0
1337614334.83 -1.0
1337614334.84 -1.0
1337614334.84 -1.0
1337614334.84 -1.0
1337614334.84 -1.0
1337614334.84 -1.0
1337614334.84 -1.0
1337614334.84 -1.0
1337614334.85 -1.0
1337614334.85 -1.0
1337614334.85 -1.0
1337614334.85 -1.0
1337614334.85 -1.0
1337614334.85 -1.0
1337614334.85 -1.0
1337614334.85 -1.0
1337614334.85 -1.0
1337614334.85 -1.0
1337614334.85 -1.0
1337614334.86 -1.0
1337614334.86 -1.0
1337614334.86 -1.0
1337614334.86 -1.0
1337614334.87 -1.0
1337614334.87 -1.0
1337614334.88 -1.0
1337614334.88 -1.0
1337614334.88 -1.0
1337614334.88 -1.0
1337614334.88 -1.0
1337614334.88 -1.0
1337614334.88 -1.0
1337614334.88 -1.0
1337614334.88 -1.0
1337614334.88 -1.0
1337614334.88 -1.0
1337614334.88 -1.0
1337614334.88 -1.0
1337614334.88 -1.0
1337614334.89 -1.0
1337614334.89 -1.0
1337614334.89 -1.0
1337614334.89 -1.0
1337614334.89 -1.0
1337614334.89 -1.0
1337614334.89 -1.0
1337614334.89 -1.0
1337614334.89 -1.0
1337614334.89 -1.0
1337614334.89 -1.0
1337614334.9 -1.0
1337614334.9 -1.0
1337614334.9 -1.0
1337614334.9 -1.0
1337614334.9 -1.0
1337614334.9 -1.0
1337614334.9 -1.0
1337614334.9 -1.0
1337614334.9 -1.0
1337614334.91 -1.0
1337614334.91 -1.0
1337614334.91 -1.0
1337614334.91 -1.0
1337614334.92 -1.0
1337614334.92 -1.0
1337614334.93 -1.0
1337614334.93 -1.0
1337614334.93 -1.0
1337614334.93 -1.0
1337614334.93 -1.0
1337614334.93 -1.0
1337614334.93 -1.0
1337614334.93 -1.0
1337614334.93 -1.0
1337614334.93 -1.0
1337614334.93 -1.0
1337614334.93 -1.0
1337614334.93 -1.0
1337614334.93 -1.0
1337614334.94 -1.0
1337614334.94 -1.0
1337614334.94 -1.0
1337614334.94 -1.0
1337614334.94 -1.0
1337614334.94 -1.0
1337614334.94 -1.0
1337614334.94 -1.0
1337614334.94 -1.0
1337614334.94 -1.0
1337614334.95 -1.0
1337614334.95 -1.0
1337614334.95 -1.0
1337614334.95 -1.0
1337614334.95 -1.0
1337614334.95 -1.0
1337614334.95 -1.0
1337614334.95 -1.0
1337614334.95 -1.0
1337614334.95 -1.0
1337614334.96 -1.0
1337614334.96 -1.0
1337614334.96 -1.0
1337614334.96 -1.0
1337614334.97 -1.0
1337614334.97 -1.0
1337614334.97 -1.0
1337614334.97 -1.0
1337614334.97 -1.0
1337614334.97 -1.0
1337614334.97 -1.0
1337614334.97 -1.0
1337614334.98 -1.0
1337614334.98 -1.0
1337614334.98 -1.0
1337614334.98 -1.0
1337614334.98 -1.0
1337614334.98 -1.0
1337614334.98 -1.0
1337614334.98 -1.0
1337614334.98 -1.0
1337614334.98 -1.0
1337614334.98 -1.0
1337614334.98 -1.0
1337614334.99 -1.0
1337614334.99 -1.0
1337614334.99 -1.0
1337614334.99 -1.0
1337614334.99 -1.0
1337614334.99 -1.0
1337614334.99 -1.0
1337614334.99 -1.0
1337614335.0 -1.0
1337614335.0 -1.0
1337614335.0 -1.0
1337614335.0 -1.0
1337614335.0 -1.0
1337614335.0 -1.0
1337614335.0 -1.0
1337614335.0 -1.0
1337614335.01 -1.0
1337614335.01 -1.0
1337614335.01 -1.0
1337614335.01 -1.0
1337614335.01 -1.0
1337614335.01 -1.0
1337614335.01 -1.0
1337614335.01 -1.0
1337614335.02 -1.0
1337614335.02 -1.0
1337614335.02 -1.0
1337614335.02 -1.0
1337614335.03 -1.0
1337614335.03 -1.0
1337614335.03 -1.0
1337614335.03 -1.0
1337614335.03 -1.0
1337614335.03 -1.0
1337614335.03 -1.0
1337614335.03 -1.0
1337614335.03 -1.0
1337614335.03 -1.0
1337614335.03 -1.0
1337614335.03 -1.0
1337614335.04 -1.0
1337614335.04 -1.0
1337614335.04 -1.0
1337614335.04 -1.0
1337614335.04 -1.0
1337614335.05 -1.0
1337614335.05 -1.0
1337614335.05 -1.0
1337614335.05 -1.0
1337614335.05 -1.0
1337614335.05 -1.0
1337614335.05 -1.0
1337614335.05 -1.0
1337614335.05 -1.0
1337614335.05 -1.0
1337614335.05 -1.0
1337614335.06 -1.0
1337614335.06 -1.0
1337614335.06 -1.0
1337614335.06 -1.0
1337614335.06 -1.0
1337614335.06 -1.0
1337614335.06 -1.0
1337614335.06 -1.0
1337614335.07 -1.0
1337614335.07 -1.0
1337614335.07 -1.0
1337614335.07 -1.0
1337614335.07 -1.0
1337614335.07 -1.0
1337614335.07 -1.0
1337614335.07 -1.0
1337614335.09 -1.0
1337614335.09 -1.0
1337614335.09 -1.0
1337614335.09 -1.0
1337614335.09 -1.0
1337614335.09 -1.0
1337614335.09 -1.0
1337614335.09 -1.0
1337614335.09 -1.0
1337614335.09 -1.0
1337614335.09 -1.0
1337614335.09 -1.0
1337614335.09 -1.0
1337614335.1 -1.0
1337614335.1 -1.0
1337614335.1 -1.0
1337614335.1 -1.0
1337614335.1 -1.0
1337614335.1 -1.0
1337614335.1 -1.0
1337614335.1 -1.0
1337614335.1 -1.0
1337614335.1 -1.0
1337614335.1 -1.0
1337614335.11 -1.0
1337614335.11 -1.0
1337614335.11 -1.0
1337614335.11 -1.0
1337614335.11 -1.0
1337614335.11 -1.0
1337614335.11 -1.0
1337614335.11 -1.0
1337614335.12 -1.0
1337614335.12 -1.0
1337614335.12 -1.0
1337614335.12 -1.0
1337614335.12 -1.0
1337614335.12 -1.0
1337614335.12 -1.0
1337614335.12 -1.0
1337614335.14 -1.0
1337614335.14 -1.0
1337614335.14 -1.0
1337614335.14 -1.0
1337614335.14 -1.0
1337614335.14 -1.0
1337614335.14 -1.0
1337614335.14 -1.0
1337614335.14 -1.0
1337614335.14 -1.0
1337614335.14 -1.0
1337614335.14 -1.0
1337614335.15 -1.0
1337614335.15 -1.0
1337614335.15 -1.0
1337614335.15 -1.0
1337614335.15 -1.0
1337614335.15 -1.0
1337614335.15 -1.0
1337614335.15 -1.0
1337614335.15 -1.0
1337614335.15 -1.0
1337614335.15 -1.0
1337614335.15 -1.0
1337614335.16 -1.0
1337614335.16 -1.0
1337614335.16 -1.0
1337614335.16 -1.0
1337614335.16 -1.0
1337614335.16 -1.0
1337614335.16 -1.0
1337614335.16 -1.0
1337614335.17 -1.0
1337614335.17 -1.0
1337614335.17 -1.0
1337614335.17 -1.0
1337614335.17 -1.0
1337614335.17 -1.0
1337614335.17 -1.0
1337614335.17 -1.0
1337614335.18 -1.0
1337614335.18 -1.0
1337614335.18 -1.0
1337614335.18 -1.0
1337614335.19 -1.0
1337614335.19 -1.0
1337614335.19 -1.0
1337614335.19 -1.0
1337614335.19 -1.0
1337614335.19 -1.0
1337614335.19 -1.0
1337614335.19 -1.0
1337614335.19 -1.0
1337614335.19 -1.0
1337614335.2 -1.0
1337614335.2 -1.0
1337614335.2 -1.0
1337614335.2 -1.0
1337614335.2 -1.0
1337614335.2 -1.0
1337614335.2 -1.0
1337614335.2 -1.0
1337614335.2 -1.0
1337614335.2 -1.0
1337614335.21 -1.0
1337614335.21 -1.0
1337614335.21 -1.0
1337614335.21 -1.0
1337614335.21 -1.0
1337614335.21 -1.0
1337614335.21 -1.0
1337614335.21 -1.0
1337614335.22 -1.0
1337614335.22 -1.0
1337614335.22 -1.0
1337614335.22 -1.0
1337614335.22 -1.0
1337614335.22 -1.0
1337614335.22 -1.0
1337614335.22 -1.0
1337614335.24 -1.0
1337614335.24 -1.0
1337614335.24 -1.0
1337614335.24 -1.0
1337614335.24 -1.0
1337614335.24 -1.0
1337614335.24 -1.0
1337614335.24 -1.0
1337614335.24 -1.0
1337614335.24 -1.0
1337614335.24 -1.0
1337614335.24 -1.0
1337614335.24 -1.0
1337614335.24 -1.0
1337614335.24 -1.0
1337614335.24 -1.0
1337614335.25 -1.0
1337614335.25 -1.0
1337614335.25 -1.0
1337614335.25 -1.0
1337614335.25 -1.0
1337614335.25 -1.0
1337614335.25 -1.0
1337614335.25 -1.0
1337614335.26 -1.0
1337614335.26 -1.0
1337614335.26 -1.0
1337614335.26 -1.0
1337614335.26 -1.0
1337614335.26 -1.0
1337614335.26 -1.0
1337614335.26 -1.0
1337614335.27 -1.0
1337614335.27 -1.0
1337614335.27 -1.0
1337614335.27 -1.0
1337614335.27 -1.0
1337614335.27 -1.0
1337614335.27 -1.0
1337614335.27 -1.0
1337614335.28 -1.0
1337614335.28 -1.0
1337614335.28 -1.0
1337614335.28 -1.0
1337614335.28 -1.0
1337614335.28 -1.0
1337614335.28 -1.0
1337614335.28 -1.0
1337614335.3 -1.0
1337614335.3 -1.0
1337614335.3 -1.0
1337614335.3 -1.0
1337614335.3 -1.0
1337614335.3 -1.0
1337614335.3 -1.0
1337614335.3 -1.0
1337614335.3 -1.0
1337614335.3 -1.0
1337614335.3 -1.0
1337614335.3 -1.0
1337614335.3 -1.0
1337614335.3 -1.0
1337614335.3 -1.0
1337614335.3 -1.0
1337614335.31 -1.0
1337614335.31 -1.0
1337614335.31 -1.0
1337614335.31 -1.0
1337614335.32 -1.0
1337614335.32 -1.0
1337614335.32 -1.0
1337614335.32 -1.0
1337614335.32 -1.0
1337614335.32 0.0
1337614335.32 0.0
1337614335.32 0.0
1337614335.32 0.0
1337614335.32 0.0
1337614335.32 0.0
1337614335.32 0.0
1337614335.33 0.0
1337614335.33 0.0
1337614335.33 0.0
1337614335.33 0.0
1337614335.33 0.0
1337614335.33 0.0
1337614335.33 0.0
1337614335.33 0.0
1337614335.34 0.0
1337614335.34 0.0
1337614335.34 0.0
1337614335.34 0.0
1337614335.34 0.0
1337614335.34 0.0
1337614335.34 0.0
1337614335.34 0.0
1337614335.36 0.0
1337614335.36 0.0
1337614335.36 0.0
1337614335.36 0.0
1337614335.36 0.0
1337614335.36 0.0
1337614335.36 0.0
1337614335.36 0.0
1337614335.36 0.0
1337614335.36 0.0
1337614335.36 0.0
1337614335.36 0.0
1337614335.36 0.0
1337614335.36 0.0
1337614335.36 0.0
1337614335.36 0.0
1337614335.37 0.0
1337614335.37 0.0
1337614335.37 0.0
1337614335.37 0.0
1337614335.38 0.0
1337614335.38 0.0
1337614335.38 0.0
1337614335.38 0.0
1337614335.38 0.0
1337614335.38 0.0
1337614335.38 0.0
1337614335.38 0.0
1337614335.39 0.0
1337614335.39 0.0
1337614335.39 0.0
1337614335.39 0.0
1337614335.39 0.0
1337614335.39 0.0
1337614335.39 0.0
1337614335.39 0.0
1337614335.4 0.0
1337614335.4 0.0
1337614335.4 0.0
1337614335.4 0.0
1337614335.4 0.0
1337614335.4 0.0
1337614335.4 0.0
1337614335.4 0.0
1337614335.41 0.0
1337614335.41 0.0
1337614335.41 0.0
1337614335.41 0.0
1337614335.41 0.0
1337614335.41 0.0
1337614335.41 0.0
1337614335.41 0.0
1337614335.42 0.0
1337614335.42 0.0
1337614335.42 0.0
1337614335.42 0.0
1337614335.42 0.0
1337614335.43 0.0
1337614335.43 0.0
1337614335.43 0.0
1337614335.43 0.0
1337614335.43 0.0
1337614335.43 0.0
1337614335.43 0.0
1337614335.43 0.0
1337614335.43 0.0
1337614335.43 0.0
1337614335.43 0.0
1337614335.44 0.0
1337614335.44 0.0
1337614335.44 0.0
1337614335.44 0.0
1337614335.44 0.0
1337614335.44 0.0
1337614335.44 0.0
1337614335.44 0.0
1337614335.45 0.0
1337614335.45 0.0
1337614335.45 0.0
1337614335.45 0.0
1337614335.45 0.0
1337614335.45 0.0
1337614335.45 0.0
1337614335.45 0.0
1337614335.46 0.0
1337614335.46 0.0
1337614335.46 0.0
1337614335.46 0.0
1337614335.46 0.0
1337614335.46 0.0
1337614335.46 0.0
1337614335.46 0.0
1337614335.47 0.0
1337614335.47 0.0
1337614335.47 0.0
1337614335.47 0.0
1337614335.47 0.0
1337614335.47 0.0
1337614335.47 0.0
1337614335.47 0.0
1337614335.48 0.0
1337614335.48 0.0
1337614335.48 0.0
1337614335.48 0.0
1337614335.48 0.0
1337614335.48 0.0
1337614335.48 0.0
1337614335.48 0.0
1337614335.49 0.0
1337614335.49 0.0
1337614335.49 0.0
1337614335.49 0.0
1337614335.5 0.0
1337614335.5 0.0
1337614335.5 0.0
1337614335.5 0.0
1337614335.5 0.0
1337614335.5 0.0
1337614335.5 0.0
1337614335.5 0.0
1337614335.5 0.0
1337614335.5 0.0
1337614335.5 0.0
1337614335.5 0.0
1337614335.51 0.0
1337614335.51 0.0
1337614335.51 0.0
1337614335.51 0.0
1337614335.51 0.0
1337614335.51 0.0
1337614335.51 0.0
1337614335.51 0.0
1337614335.52 0.0
1337614335.52 0.0
1337614335.52 0.0
1337614335.52 0.0
1337614335.52 0.0
1337614335.52 0.0
1337614335.52 0.0
1337614335.52 0.0
1337614335.53 0.0
1337614335.53 0.0
1337614335.53 0.0
1337614335.53 0.0
1337614335.53 0.0
1337614335.53 0.0
1337614335.53 0.0
1337614335.53 0.0
1337614335.54 0.0
1337614335.54 0.0
1337614335.54 0.0
1337614335.54 0.0
1337614335.54 0.0
1337614335.54 0.0
1337614335.54 0.0
1337614335.54 0.0
1337614335.55 0.0
1337614335.55 0.0
1337614335.55 0.0
1337614335.55 0.0
1337614335.55 0.0
1337614335.55 0.0
1337614335.55 0.0
1337614335.55 0.0
1337614335.55 0.0
1337614335.56 0.0
1337614335.56 0.0
1337614335.56 0.0
1337614335.56 0.0
1337614335.56 0.0
1337614335.56 0.0
1337614335.56 0.0
1337614335.57 0.0
1337614335.57 0.0
1337614335.57 0.0
1337614335.57 0.0
1337614335.57 0.0
1337614335.57 0.0
1337614335.57 0.0
1337614335.57 0.0
1337614335.58 0.0
1337614335.58 0.0
1337614335.58 0.0
1337614335.58 0.0
1337614335.58 0.0
1337614335.58 0.0
1337614335.58 0.0
1337614335.58 0.0
1337614335.59 0.0
1337614335.59 0.0
1337614335.59 0.0
1337614335.59 0.0
1337614335.59 0.0
1337614335.59 0.0
1337614335.59 0.0
1337614335.59 0.0
1337614335.59 0.0
1337614335.6 0.0
1337614335.6 0.0
1337614335.6 0.0
1337614335.6 0.0
1337614335.6 0.0
1337614335.6 0.0
1337614335.6 0.0
1337614335.61 0.0
1337614335.61 0.0
1337614335.61 0.0
1337614335.61 0.0
1337614335.61 0.0
1337614335.61 0.0
1337614335.61 0.0
1337614335.61 0.0
1337614335.62 0.0
1337614335.62 0.0
1337614335.62 0.0
1337614335.62 0.0
1337614335.62 0.0
1337614335.62 0.0
1337614335.62 0.0
1337614335.62 0.0
1337614335.62 0.0
1337614335.63 0.0
1337614335.63 0.0
1337614335.63 0.0
1337614335.63 0.0
1337614335.63 0.0
1337614335.63 0.0
1337614335.63 0.0
1337614335.63 0.0
1337614335.64 0.0
1337614335.64 0.0
1337614335.64 0.0
1337614335.64 0.0
1337614335.64 0.0
1337614335.64 0.0
1337614335.64 0.0
1337614335.65 0.0
1337614335.65 0.0
1337614335.65 0.0
1337614335.65 0.0
1337614335.65 0.0
1337614335.65 0.0
1337614335.65 0.0
1337614335.65 0.0
1337614335.65 0.0
1337614335.66 0.0
1337614335.66 0.0
1337614335.66 0.0
1337614335.66 0.0
1337614335.66 0.0
1337614335.66 0.0
1337614335.66 0.0
1337614335.67 0.0
1337614335.67 0.0
1337614335.67 0.0
1337614335.67 0.0
1337614335.67 0.0
1337614335.67 0.0
1337614335.67 0.0
1337614335.67 0.0
1337614335.68 0.0
1337614335.68 0.0
1337614335.68 0.0
1337614335.68 0.0
1337614335.68 0.0
1337614335.68 0.0
1337614335.68 0.0
1337614335.68 0.0
1337614335.69 0.0
1337614335.69 0.0
1337614335.69 0.0
1337614335.69 0.0
1337614335.69 0.0
1337614335.69 0.0
1337614335.69 0.0
1337614335.69 0.0
1337614335.69 0.0
1337614335.69 0.0
1337614335.7 0.0
1337614335.7 0.0
1337614335.7 0.0
1337614335.7 0.0
1337614335.7 0.0
1337614335.7 0.0
1337614335.71 0.0
1337614335.71 0.0
1337614335.71 0.0
1337614335.71 0.0
1337614335.71 0.0
1337614335.71 0.0
1337614335.71 0.0
1337614335.71 0.0
1337614335.71 0.0
1337614335.72 0.0
1337614335.72 0.0
1337614335.72 0.0
1337614335.72 0.0
1337614335.72 0.0
1337614335.72 0.0
1337614335.72 0.0
1337614335.73 0.0
1337614335.73 0.0
1337614335.73 0.0
1337614335.73 0.0
1337614335.73 0.0
1337614335.73 0.0
1337614335.73 0.0
1337614335.73 0.0
1337614335.74 0.0
1337614335.74 0.0
1337614335.74 0.0
1337614335.74 0.0
1337614335.74 0.0
1337614335.74 0.0
1337614335.74 0.0
1337614335.74 0.0
1337614335.75 0.0
1337614335.75 0.0
1337614335.75 0.0
1337614335.75 0.0
1337614335.75 0.0
1337614335.75 0.0
1337614335.75 0.0
1337614335.75 0.0
1337614335.75 0.0
1337614335.75 0.0
1337614335.75 0.0
1337614335.76 0.0
1337614335.76 0.0
1337614335.76 0.0
1337614335.76 0.0
1337614335.76 0.0
1337614335.77 0.0
1337614335.77 0.0
1337614335.77 0.0
1337614335.77 0.0
1337614335.77 0.0
1337614335.77 0.0
1337614335.77 0.0
1337614335.77 0.0
1337614335.77 0.0
1337614335.77 0.0
1337614335.77 0.0
1337614335.78 0.0
1337614335.78 0.0
1337614335.78 0.0
1337614335.78 0.0
1337614335.78 0.0
1337614335.79 0.0
1337614335.79 0.0
1337614335.79 0.0
1337614335.79 0.0
1337614335.79 0.0
1337614335.79 0.0
1337614335.79 0.0
1337614335.79 0.0
1337614335.79 0.0
1337614335.79 0.0
1337614335.79 0.0
1337614335.79 0.0
1337614335.8 0.0
1337614335.8 0.0
1337614335.8 0.0
1337614335.8 0.0
1337614335.81 0.0
1337614335.81 0.0
1337614335.81 0.0
1337614335.81 0.0
1337614335.81 0.0
1337614335.81 0.0
1337614335.81 0.0
1337614335.81 0.0
1337614335.81 0.0
1337614335.82 0.0
1337614335.82 0.0
1337614335.82 0.0
1337614335.82 0.0
1337614335.82 0.0
1337614335.82 0.0
1337614335.82 0.0
1337614335.83 0.0
1337614335.83 0.0
1337614335.83 0.0
1337614335.83 0.0
1337614335.83 0.0
1337614335.83 0.0
1337614335.83 0.0
1337614335.83 0.0
1337614335.83 0.0
1337614335.84 0.0
1337614335.84 0.0
1337614335.84 0.0
1337614335.84 0.0
1337614335.84 0.0
1337614335.84 0.0
1337614335.84 0.0
1337614335.85 0.0
1337614335.85 0.0
1337614335.85 0.0
1337614335.85 0.0
1337614335.85 0.0
1337614335.85 0.0
1337614335.85 0.0
1337614335.85 0.0
1337614335.85 0.0
1337614335.85 0.0
1337614335.86 0.0
1337614335.86 0.0
1337614335.86 0.0
1337614335.86 0.0
1337614335.86 0.0
1337614335.86 0.0
1337614335.86 0.0
1337614335.86 0.0
1337614335.86 0.0
1337614335.86 0.0
1337614335.87 0.0
1337614335.87 0.0
1337614335.87 0.0
1337614335.87 0.0
1337614335.88 0.0
1337614335.88 0.0
1337614335.88 0.0
1337614335.88 0.0
1337614335.88 0.0
1337614335.88 0.0
1337614335.88 0.0
1337614335.88 0.0
1337614335.88 0.0
1337614335.88 0.0
1337614335.88 0.0
1337614335.88 0.0
1337614335.89 0.0
1337614335.89 0.0
1337614335.89 0.0
1337614335.89 0.0
1337614335.9 0.0
1337614335.9 0.0
1337614335.9 0.0
1337614335.9 0.0
1337614335.9 0.0
1337614335.9 0.0
1337614335.9 0.0
1337614335.9 0.0
1337614335.9 0.0
1337614335.9 0.0
1337614335.9 0.0
1337614335.9 0.0
1337614335.91 0.0
1337614335.91 0.0
1337614335.91 0.0
1337614335.91 0.0
1337614335.92 0.0
1337614335.92 0.0
1337614335.92 0.0
1337614335.92 0.0
1337614335.92 0.0
1337614335.92 0.0
1337614335.92 0.0
1337614335.92 0.0
1337614335.93 0.0
1337614335.93 0.0
1337614335.93 0.0
1337614335.93 0.0
1337614335.93 0.0
1337614335.93 0.0
1337614335.93 0.0
1337614335.93 0.0
1337614335.94 0.0
1337614335.94 0.0
1337614335.94 0.0
1337614335.94 0.0
1337614335.94 0.0
1337614335.94 0.0
1337614335.94 0.0
1337614335.94 0.0
1337614335.95 0.0
1337614335.95 0.0
1337614335.95 0.0
1337614335.95 0.0
1337614335.95 0.0
1337614335.95 0.0
1337614335.95 0.0
1337614335.95 0.0
1337614335.95 0.0
1337614335.95 0.0
1337614335.95 0.0
1337614335.95 0.0
1337614335.96 0.0
1337614335.96 0.0
1337614335.96 0.0
1337614335.96 0.0
1337614335.97 0.0
1337614335.97 0.0
1337614335.97 0.0
1337614335.97 0.0
1337614335.97 0.0
1337614335.97 0.0
1337614335.97 0.0
1337614335.97 0.0
1337614335.97 0.0
1337614335.97 0.0
1337614335.97 0.0
1337614335.97 0.0
1337614335.98 0.0
1337614335.98 0.0
1337614335.98 0.0
1337614335.98 0.0
1337614335.99 0.0
1337614335.99 0.0
1337614335.99 0.0
1337614335.99 0.0
1337614335.99 0.0
1337614335.99 0.0
1337614335.99 0.0
1337614335.99 0.0
1337614336.0 0.0
1337614336.0 0.0
1337614336.0 0.0
1337614336.0 0.0
1337614336.0 0.0
1337614336.0 0.0
1337614336.0 0.0
1337614336.0 0.0
1337614336.0 0.0
1337614336.0 0.0
1337614336.0 0.0
1337614336.0 0.0
1337614336.01 0.0
1337614336.01 0.0
1337614336.01 0.0
1337614336.01 0.0
1337614336.01 0.0
1337614336.01 0.0
1337614336.02 0.0
1337614336.02 0.0
1337614336.02 0.0
1337614336.02 0.0
1337614336.02 0.0
1337614336.02 0.0
1337614336.02 0.0
1337614336.02 0.0
1337614336.03 0.0
1337614336.03 0.0
1337614336.03 0.0
1337614336.03 0.0
1337614336.03 0.0
1337614336.03 0.0
1337614336.04 0.0
1337614336.04 0.0
1337614336.04 0.0
1337614336.04 0.0
1337614336.04 0.0
1337614336.04 0.0
1337614336.04 0.0
1337614336.04 0.0
1337614336.04 0.0
1337614336.05 0.0
1337614336.05 0.0
1337614336.05 0.0
1337614336.05 0.0
1337614336.05 0.0
1337614336.05 0.0
1337614336.05 0.0
1337614336.05 0.0
1337614336.05 0.0
1337614336.05 0.0
1337614336.05 0.0
1337614336.06 0.0
1337614336.06 0.0
1337614336.06 0.0
1337614336.06 0.0
1337614336.06 0.0
1337614336.07 0.0
1337614336.07 0.0
1337614336.07 0.0
1337614336.07 0.0
1337614336.07 0.0
1337614336.07 0.0
1337614336.07 0.0
1337614336.07 0.0
1337614336.07 0.0
1337614336.07 0.0
1337614336.07 0.0
1337614336.08 0.0
1337614336.08 0.0
1337614336.08 0.0
1337614336.08 0.0
1337614336.08 0.0
1337614336.09 0.0
1337614336.09 0.0
1337614336.09 0.0
1337614336.09 0.0
1337614336.09 0.0
1337614336.09 0.0
1337614336.09 0.0
1337614336.09 0.0
1337614336.1 0.0
1337614336.1 0.0
1337614336.1 0.0
1337614336.1 0.0
1337614336.1 0.0
1337614336.1 0.0
1337614336.1 0.0
1337614336.1 0.0
1337614336.1 0.0
1337614336.1 0.0
1337614336.1 0.0
1337614336.11 0.0
1337614336.11 0.0
1337614336.11 0.0
1337614336.11 0.0
1337614336.12 0.0
1337614336.12 0.0
1337614336.12 0.0
1337614336.12 0.0
1337614336.12 0.0
1337614336.12 0.0
1337614336.12 0.0
1337614336.12 0.0
1337614336.12 0.0
1337614336.13 0.0
1337614336.13 0.0
1337614336.13 0.0
1337614336.13 0.0
1337614336.13 0.0
1337614336.13 0.0
1337614336.13 0.0
1337614336.14 0.0
1337614336.14 0.0
1337614336.14 0.0
1337614336.14 0.0
1337614336.15 0.0
1337614336.15 0.0
1337614336.15 0.0
1337614336.15 0.0
1337614336.18 0.0
1337614336.18 0.0
1337614336.18 0.0
1337614336.18 0.0
1337614336.18 0.0
1337614336.18 0.0
1337614336.18 0.0
1337614336.18 0.0
1337614336.18 0.0
1337614336.18 0.0
1337614336.18 0.0
1337614336.18 0.0
1337614336.18 0.0
1337614336.18 0.0
1337614336.18 0.0
1337614336.18 0.0
1337614336.18 0.0
1337614336.18 0.0
1337614336.18 0.0
1337614336.18 0.0
1337614336.18 0.0
1337614336.18 0.0
1337614336.18 0.0
1337614336.18 0.0
1337614336.18 0.0
1337614336.18 0.0
1337614336.18 0.0
1337614336.19 0.0
1337614336.19 0.0
1337614336.19 0.0
1337614336.19 0.0
1337614336.19 0.0
1337614336.19 0.0
1337614336.19 0.0
1337614336.19 0.0
1337614336.19 0.0
1337614336.19 0.0
1337614336.19 0.0
1337614336.19 0.0
1337614336.19 0.0
1337614336.2 0.0
1337614336.2 0.0
1337614336.2 0.0
1337614336.2 0.0
1337614336.21 0.0
1337614336.21 0.0
1337614336.21 0.0
1337614336.21 0.0
1337614336.21 0.0
1337614336.21 0.0
1337614336.21 0.0
1337614336.21 0.0
1337614336.21 0.0
1337614336.21 0.0
1337614336.21 0.0
1337614336.21 0.0
1337614336.22 0.0
1337614336.22 0.0
1337614336.22 0.0
1337614336.22 0.0
1337614336.22 0.0
1337614336.22 0.0
1337614336.22 0.0
1337614336.22 0.0
1337614336.23 0.0
1337614336.23 0.0
1337614336.23 0.0
1337614336.23 0.0
1337614336.23 0.0
1337614336.23 0.0
1337614336.23 0.0
1337614336.23 0.0
1337614336.24 0.0
1337614336.24 0.0
1337614336.24 0.0
1337614336.24 0.0
1337614336.24 0.0
1337614336.24 0.0
1337614336.24 0.0
1337614336.24 0.0
1337614336.25 0.0
1337614336.25 0.0
1337614336.25 0.0
1337614336.25 0.0
1337614336.25 0.0
1337614336.25 0.0
1337614336.25 0.0
1337614336.26 0.0
1337614336.26 0.0
1337614336.26 0.0
1337614336.26 0.0
1337614336.26 0.0
1337614336.26 0.0
1337614336.26 0.0
1337614336.26 0.0
1337614336.26 0.0
1337614336.27 0.0
1337614336.27 0.0
1337614336.27 0.0
1337614336.27 0.0
1337614336.27 0.0
1337614336.27 0.0
1337614336.27 0.0
1337614336.28 0.0
1337614336.28 0.0
1337614336.28 0.0
1337614336.28 0.0
1337614336.28 0.0
1337614336.28 0.0
1337614336.28 0.0
1337614336.28 0.0
1337614336.28 0.0
1337614336.29 0.0
1337614336.29 0.0
1337614336.29 0.0
1337614336.29 0.0
1337614336.29 0.0
1337614336.29 0.0
1337614336.29 0.0
1337614336.29 0.0
1337614336.3 0.0
1337614336.3 0.0
1337614336.3 0.0
1337614336.3 0.0
1337614336.3 0.0
1337614336.3 0.0
1337614336.3 0.0
1337614336.3 0.0
1337614336.31 0.0
1337614336.31 0.0
1337614336.31 0.0
1337614336.31 0.0
1337614336.31 0.0
1337614336.31 0.0
1337614336.31 0.0
1337614336.31 0.0
1337614336.32 0.0
1337614336.32 0.0
1337614336.32 0.0
1337614336.32 0.0
1337614336.32 0.0
1337614336.32 0.0
1337614336.33 0.0
1337614336.33 0.0
1337614336.33 0.0
1337614336.33 0.0
1337614336.33 0.0
1337614336.33 0.0
1337614336.33 0.0
1337614336.33 0.0
1337614336.33 0.0
1337614336.33 0.0
1337614336.34 0.0
1337614336.34 0.0
1337614336.34 0.0
1337614336.34 0.0
1337614336.34 0.0
1337614336.34 0.0
1337614336.34 0.0
1337614336.34 0.0
1337614336.35 0.0
1337614336.35 0.0
1337614336.35 0.0
1337614336.35 0.0
1337614336.35 0.0
1337614336.35 0.0
1337614336.35 0.0
1337614336.35 0.0
1337614336.36 0.0
1337614336.36 0.0
1337614336.36 0.0
1337614336.36 0.0
1337614336.36 0.0
1337614336.36 0.0
1337614336.36 0.0
1337614336.36 0.0
1337614336.37 0.0
1337614336.37 0.0
1337614336.37 0.0
1337614336.37 0.0
1337614336.37 0.0
1337614336.37 0.0
1337614336.37 0.0
1337614336.37 0.0
1337614336.38 0.0
1337614336.38 0.0
1337614336.38 0.0
1337614336.38 0.0
1337614336.38 0.0
1337614336.38 0.0
1337614336.38 0.0
1337614336.38 0.0
1337614336.39 0.0
1337614336.39 0.0
1337614336.39 0.0
1337614336.39 0.0
1337614336.39 0.0
1337614336.39 0.0
1337614336.39 0.0
1337614336.39 0.0
1337614336.4 0.0
1337614336.4 0.0
1337614336.4 0.0
1337614336.4 0.0
1337614336.4 0.0
1337614336.4 0.0
1337614336.4 0.0
1337614336.4 0.0
1337614336.41 0.0
1337614336.41 0.0
1337614336.41 0.0
1337614336.41 0.0
1337614336.41 0.0
1337614336.41 0.0
1337614336.41 0.0
1337614336.41 0.0
1337614336.42 0.0
1337614336.42 0.0
1337614336.42 0.0
1337614336.42 0.0
1337614336.42 0.0
1337614336.42 0.0
1337614336.42 0.0
1337614336.42 0.0
1337614336.43 0.0
1337614336.43 0.0
1337614336.43 0.0
1337614336.43 0.0
1337614336.43 0.0
1337614336.43 0.0
1337614336.43 0.0
1337614336.43 0.0
1337614336.44 0.0
1337614336.44 0.0
1337614336.44 0.0
1337614336.44 0.0
1337614336.44 0.0
1337614336.44 0.0
1337614336.44 0.0
1337614336.44 0.0
1337614336.45 0.0
1337614336.45 0.0
1337614336.45 0.0
1337614336.45 0.0
1337614336.45 0.0
1337614336.45 0.0
1337614336.45 0.0
1337614336.45 0.0
1337614336.46 0.0
1337614336.46 0.0
1337614336.46 0.0
1337614336.46 0.0
1337614336.46 0.0
1337614336.46 0.0
1337614336.46 0.0
1337614336.46 0.0
1337614336.47 0.0
1337614336.47 0.0
1337614336.47 0.0
1337614336.47 0.0
1337614336.47 0.0
1337614336.47 0.0
1337614336.47 0.0
1337614336.47 0.0
1337614336.48 0.0
1337614336.48 0.0
1337614336.48 0.0
1337614336.48 0.0
1337614336.48 0.0
1337614336.48 0.0
1337614336.48 0.0
1337614336.48 0.0
1337614336.49 0.0
1337614336.49 0.0
1337614336.49 0.0
1337614336.49 0.0
1337614336.49 0.0
1337614336.49 0.0
1337614336.49 0.0
1337614336.49 0.0
1337614336.5 0.0
1337614336.5 0.0
1337614336.5 0.0
1337614336.5 0.0
1337614336.5 0.0
1337614336.5 0.0
1337614336.5 0.0
1337614336.5 0.0
1337614336.51 0.0
1337614336.51 0.0
1337614336.51 0.0
1337614336.51 0.0
1337614336.51 0.0
1337614336.51 0.0
1337614336.51 0.0
1337614336.51 0.0
1337614336.52 0.0
1337614336.52 0.0
1337614336.52 0.0
1337614336.52 0.0
1337614336.52 0.0
1337614336.52 0.0
1337614336.52 0.0
1337614336.52 0.0
1337614336.53 0.0
1337614336.53 0.0
1337614336.53 0.0
1337614336.53 0.0
1337614336.53 0.0
1337614336.53 0.0
1337614336.53 0.0
1337614336.53 0.0
1337614336.54 0.0
1337614336.54 0.0
1337614336.54 0.0
1337614336.54 0.0
1337614336.54 0.0
1337614336.54 0.0
1337614336.54 0.0
1337614336.54 0.0
1337614336.55 0.0
1337614336.55 0.0
1337614336.55 0.0
1337614336.55 0.0
1337614336.55 0.0
1337614336.55 0.0
1337614336.55 0.0
1337614336.55 0.0
1337614336.56 0.0
1337614336.56 0.0
1337614336.56 0.0
1337614336.56 0.0
1337614336.56 0.0
1337614336.56 0.0
1337614336.56 0.0
1337614336.56 0.0
1337614336.57 0.0
1337614336.57 0.0
1337614336.57 0.0
1337614336.57 0.0
1337614336.57 0.0
1337614336.57 0.0
1337614336.57 0.0
1337614336.57 0.0
1337614336.58 0.0
1337614336.58 0.0
1337614336.58 0.0
1337614336.58 0.0
1337614336.58 0.0
1337614336.58 0.0
1337614336.58 0.0
1337614336.58 0.0
1337614336.59 0.0
1337614336.59 0.0
1337614336.59 0.0
1337614336.59 0.0
1337614336.59 0.0
1337614336.59 0.0
1337614336.59 0.0
1337614336.59 0.0
1337614336.6 0.0
1337614336.6 0.0
1337614336.6 0.0
1337614336.6 0.0
1337614336.6 0.0
1337614336.6 0.0
1337614336.6 0.0
1337614336.6 0.0
1337614336.61 0.0
1337614336.61 0.0
1337614336.61 0.0
1337614336.61 0.0
1337614336.61 0.0
1337614336.61 0.0
1337614336.61 0.0
1337614336.61 0.0
1337614336.62 0.0
1337614336.62 0.0
1337614336.62 0.0
1337614336.62 0.0
1337614336.62 0.0
1337614336.62 0.0
1337614336.62 0.0
1337614336.62 0.0
1337614336.63 0.0
1337614336.63 0.0
1337614336.63 0.0
1337614336.63 0.0
1337614336.64 0.0
1337614336.64 0.0
1337614336.64 0.0
1337614336.64 0.0
1337614336.64 0.0
1337614336.64 0.0
1337614336.64 0.0
1337614336.64 0.0
1337614336.64 0.0
1337614336.64 0.0
1337614336.64 0.0
1337614336.65 0.0
1337614336.65 0.0
1337614336.65 0.0
1337614336.65 0.0
1337614336.65 0.0
1337614336.65 0.0
1337614336.65 0.0
1337614336.65 0.0
1337614336.65 0.0
1337614336.66 0.0
1337614336.66 0.0
1337614336.66 0.0
1337614336.66 0.0
1337614336.66 0.0
1337614336.66 0.0
1337614336.66 0.0
1337614336.66 0.0
1337614336.67 0.0
1337614336.67 0.0
1337614336.67 0.0
1337614336.67 0.0
1337614336.67 0.0
1337614336.67 0.0
1337614336.67 0.0
1337614336.67 0.0
1337614336.68 0.0
1337614336.68 0.0
1337614336.68 0.0
1337614336.68 0.0
1337614336.68 0.0
1337614336.68 0.0
1337614336.68 0.0
1337614336.68 0.0
1337614336.69 0.0
1337614336.69 0.0
1337614336.69 0.0
1337614336.69 0.0
1337614336.69 0.0
1337614336.69 0.0
1337614336.69 0.0
1337614336.69 0.0
1337614336.7 0.0
1337614336.7 0.0
1337614336.7 0.0
1337614336.7 0.0
1337614336.7 0.0
1337614336.7 0.0
1337614336.7 0.0
1337614336.7 0.0
1337614336.71 0.0
1337614336.71 0.0
1337614336.71 0.0
1337614336.71 0.0
1337614336.71 0.0
1337614336.71 0.0
1337614336.71 0.0
1337614336.71 0.0
1337614336.72 0.0
1337614336.72 0.0
1337614336.72 0.0
1337614336.72 0.0
1337614336.72 0.0
1337614336.72 0.0
1337614336.72 0.0
1337614336.72 0.0
1337614336.73 0.0
1337614336.73 0.0
1337614336.73 0.0
1337614336.73 0.0
1337614336.73 0.0
1337614336.73 0.0
1337614336.73 0.0
1337614336.73 0.0
1337614336.74 0.0
1337614336.74 0.0
1337614336.74 0.0
1337614336.74 0.0
1337614336.74 0.0
1337614336.74 0.0
1337614336.74 0.0
1337614336.74 0.0
1337614336.75 0.0
1337614336.75 0.0
1337614336.75 0.0
1337614336.75 0.0
1337614336.75 0.0
1337614336.75 0.0
1337614336.75 0.0
1337614336.75 0.0
1337614336.76 0.0
1337614336.76 0.0
1337614336.76 0.0
1337614336.76 0.0
1337614336.76 0.0
1337614336.76 0.0
1337614336.76 0.0
1337614336.76 0.0
1337614336.77 0.0
1337614336.77 0.0
1337614336.77 0.0
1337614336.77 0.0
1337614336.77 0.0
1337614336.77 0.0
1337614336.77 0.0
1337614336.77 0.0
1337614336.78 0.0
1337614336.78 0.0
1337614336.78 0.0
1337614336.78 0.0
1337614336.78 0.0
1337614336.78 0.0
1337614336.78 0.0
1337614336.78 0.0
1337614336.79 0.0
1337614336.79 0.0
1337614336.79 0.0
1337614336.79 0.0
1337614336.79 0.0
1337614336.79 0.0
1337614336.79 0.0
1337614336.79 0.0
1337614336.8 0.0
1337614336.8 0.0
1337614336.8 0.0
1337614336.8 0.0
1337614336.8 0.0
1337614336.8 0.0
1337614336.8 0.0
1337614336.8 0.0
1337614336.81 0.0
1337614336.81 0.0
1337614336.81 0.0
1337614336.81 0.0
1337614336.81 0.0
1337614336.81 0.0
1337614336.81 0.0
1337614336.81 0.0
1337614336.82 0.0
1337614336.82 0.0
1337614336.82 0.0
1337614336.82 0.0
1337614336.82 0.0
1337614336.82 0.0
1337614336.82 0.0
1337614336.82 0.0
1337614336.83 0.0
1337614336.83 0.0
1337614336.83 0.0
1337614336.83 0.0
1337614336.83 0.0
1337614336.83 0.0
1337614336.83 0.0
1337614336.83 0.0
1337614336.84 0.0
1337614336.84 0.0
1337614336.84 0.0
1337614336.84 0.0
1337614336.84 0.0
1337614336.84 0.0
1337614336.84 0.0
1337614336.84 0.0
1337614336.85 0.0
1337614336.85 0.0
1337614336.85 0.0
1337614336.85 0.0
1337614336.85 0.0
1337614336.85 0.0
1337614336.85 0.0
1337614336.85 0.0
1337614336.86 0.0
1337614336.86 0.0
1337614336.86 0.0
1337614336.86 0.0
1337614336.86 0.0
1337614336.86 0.0
1337614336.86 0.0
1337614336.86 0.0
1337614336.87 0.0
1337614336.87 0.0
1337614336.87 0.0
1337614336.87 0.0
1337614336.87 0.0
1337614336.87 0.0
1337614336.87 0.0
1337614336.87 0.0
1337614336.88 0.0
1337614336.88 0.0
1337614336.88 0.0
1337614336.88 0.0
1337614336.88 0.0
1337614336.88 0.0
1337614336.88 0.0
1337614336.88 0.0
1337614336.89 0.0
1337614336.89 0.0
1337614336.89 0.0
1337614336.89 0.0
1337614336.89 0.0
1337614336.89 0.0
1337614336.89 0.0
1337614336.89 0.0
1337614336.9 0.0
1337614336.9 0.0
1337614336.9 0.0
1337614336.9 0.0
1337614336.9 0.0
1337614336.9 0.0
1337614336.9 0.0
1337614336.9 0.0
1337614336.91 0.0
1337614336.91 0.0
1337614336.91 0.0
1337614336.91 0.0
1337614336.91 0.0
1337614336.91 0.0
1337614336.91 0.0
1337614336.91 0.0
1337614336.92 0.0
1337614336.92 0.0
1337614336.92 0.0
1337614336.92 0.0
1337614336.92 0.0
1337614336.92 0.0
1337614336.92 0.0
1337614336.92 0.0
1337614336.93 0.0
1337614336.93 0.0
1337614336.93 0.0
1337614336.93 0.0
1337614336.93 0.0
1337614336.93 0.0
1337614336.93 0.0
1337614336.93 0.0
1337614336.94 0.0
1337614336.94 0.0
1337614336.94 0.0
1337614336.94 0.0
1337614336.94 0.0
1337614336.94 0.0
1337614336.94 0.0
1337614336.94 0.0
1337614336.95 0.0
1337614336.95 0.0
1337614336.95 0.0
1337614336.95 0.0
1337614336.95 0.0
1337614336.95 0.0
1337614336.95 0.0
1337614336.95 0.0
1337614336.96 0.0
1337614336.96 0.0
1337614336.96 0.0
1337614336.96 0.0
1337614336.96 0.0
1337614336.96 0.0
1337614336.96 0.0
1337614336.96 0.0
1337614336.97 0.0
1337614336.97 0.0
1337614336.97 0.0
1337614336.97 0.0
1337614336.97 0.0
1337614336.97 0.0
1337614336.97 0.0
1337614336.97 0.0
1337614336.98 0.0
1337614336.98 0.0
1337614336.98 0.0
1337614336.98 0.0
1337614336.98 0.0
1337614336.98 0.0
1337614336.98 0.0
1337614336.98 0.0
1337614336.99 0.0
1337614336.99 0.0
1337614336.99 0.0
1337614336.99 0.0
1337614336.99 0.0
1337614336.99 0.0
1337614336.99 0.0
1337614336.99 0.0
1337614337.0 0.0
1337614337.0 0.0
1337614337.0 0.0
1337614337.0 0.0
1337614337.0 0.0
1337614337.0 0.0
1337614337.0 0.0
1337614337.0 0.0
1337614337.01 0.0
1337614337.01 0.0
1337614337.01 0.0
1337614337.01 0.0
1337614337.01 0.0
1337614337.01 0.0
1337614337.01 0.0
1337614337.01 0.0
1337614337.02 0.0
1337614337.02 0.0
1337614337.02 0.0
1337614337.02 0.0
1337614337.02 0.0
1337614337.02 0.0
1337614337.02 0.0
1337614337.02 0.0
1337614337.03 0.0
1337614337.03 0.0
1337614337.03 0.0
1337614337.03 0.0
1337614337.03 0.0
1337614337.03 0.0
1337614337.03 0.0
1337614337.03 0.0
1337614337.04 0.0
1337614337.04 0.0
1337614337.04 0.0
1337614337.04 0.0
1337614337.04 0.0
1337614337.04 0.0
1337614337.04 0.0
1337614337.04 0.0
1337614337.05 0.0
1337614337.05 0.0
1337614337.05 0.0
1337614337.05 0.0
1337614337.05 0.0
1337614337.05 0.0
1337614337.05 0.0
1337614337.05 0.0
1337614337.06 0.0
1337614337.06 0.0
1337614337.06 0.0
1337614337.06 0.0
1337614337.06 0.0
1337614337.06 0.0
1337614337.06 0.0
1337614337.06 0.0
1337614337.07 0.0
1337614337.07 0.0
1337614337.07 0.0
1337614337.07 0.0
1337614337.07 0.0
1337614337.07 0.0
1337614337.07 0.0
1337614337.07 0.0
1337614337.08 0.0
1337614337.08 0.0
1337614337.08 0.0
1337614337.08 0.0
1337614337.08 0.0
1337614337.08 0.0
1337614337.08 0.0
1337614337.08 0.0
1337614337.09 0.0
1337614337.09 0.0
1337614337.09 0.0
1337614337.09 0.0
1337614337.09 0.0
1337614337.09 0.0
1337614337.09 0.0
1337614337.09 0.0
1337614337.1 0.0
1337614337.1 0.0
1337614337.1 0.0
1337614337.1 0.0
1337614337.11 0.0
1337614337.11 0.0
1337614337.11 0.0
1337614337.11 0.0
1337614337.11 0.0
1337614337.11 0.0
1337614337.11 0.0
1337614337.11 0.0
1337614337.11 0.0
1337614337.11 0.0
1337614337.11 0.0
1337614337.11 0.0
1337614337.12 0.0
1337614337.12 0.0
1337614337.12 0.0
1337614337.12 0.0
1337614337.12 0.0
1337614337.12 0.0
1337614337.12 0.0
1337614337.12 0.0
1337614337.12 0.0
1337614337.13 0.0
1337614337.13 0.0
1337614337.13 0.0
1337614337.13 0.0
1337614337.13 0.0
1337614337.13 0.0
1337614337.13 0.0
1337614337.14 0.0
1337614337.15 0.0
1337614337.15 0.0
1337614337.15 0.0
1337614337.15 0.0
1337614337.15 0.0
1337614337.15 0.0
1337614337.15 0.0
1337614337.15 0.0
1337614337.15 0.0
1337614337.15 0.0
1337614337.15 0.0
1337614337.15 0.0
1337614337.15 0.0
1337614337.15 0.0
1337614337.15 0.0
1337614337.16 0.0
1337614337.16 0.0
1337614337.16 0.0
1337614337.16 0.0
1337614337.16 0.0
1337614337.16 0.0
1337614337.16 0.0
1337614337.16 0.0
1337614337.16 0.0
1337614337.17 0.0
1337614337.17 0.0
1337614337.17 0.0
1337614337.17 0.0
1337614337.17 0.0
1337614337.17 0.0
1337614337.17 0.0
1337614337.18 0.0
1337614337.18 0.0
1337614337.18 0.0
1337614337.18 0.0
1337614337.18 0.0
1337614337.18 0.0
1337614337.18 0.0
1337614337.18 0.0
1337614337.19 0.0
1337614337.19 0.0
1337614337.19 0.0
1337614337.19 0.0
1337614337.19 0.0
1337614337.19 0.0
1337614337.19 0.0
1337614337.19 0.0
1337614337.19 0.0
1337614337.2 0.0
1337614337.2 0.0
1337614337.2 0.0
1337614337.2 0.0
1337614337.2 0.0
1337614337.2 0.0
1337614337.2 0.0
1337614337.21 0.0
1337614337.21 0.0
1337614337.21 0.0
1337614337.21 0.0
1337614337.21 0.0
1337614337.21 0.0
1337614337.21 0.0
1337614337.21 0.0
1337614337.21 0.0
1337614337.22 0.0
1337614337.22 0.0
1337614337.22 0.0
1337614337.22 0.0
1337614337.22 0.0
1337614337.22 0.0
1337614337.22 0.0
1337614337.22 0.0
1337614337.23 0.0
1337614337.23 0.0
1337614337.23 0.0
1337614337.23 0.0
1337614337.23 0.0
1337614337.23 0.0
1337614337.23 0.0
1337614337.24 0.0
1337614337.24 0.0
1337614337.24 0.0
1337614337.24 0.0
1337614337.24 0.0
1337614337.24 0.0
1337614337.24 0.0
1337614337.24 0.0
1337614337.25 0.0
1337614337.25 0.0
1337614337.25 0.0
1337614337.25 0.0
1337614337.25 0.0
1337614337.25 0.0
1337614337.25 0.0
1337614337.25 0.0
1337614337.26 0.0
1337614337.26 0.0
1337614337.26 0.0
1337614337.26 0.0
1337614337.26 0.0
1337614337.26 0.0
1337614337.26 0.0
1337614337.26 0.0
1337614337.27 0.0
1337614337.27 0.0
1337614337.27 0.0
1337614337.27 0.0
1337614337.27 0.0
1337614337.27 0.0
1337614337.27 0.0
1337614337.27 0.0
1337614337.28 0.0
1337614337.28 0.0
1337614337.28 0.0
1337614337.28 0.0
1337614337.28 0.0
1337614337.28 0.0
1337614337.28 0.0
1337614337.28 0.0
1337614337.29 0.0
1337614337.29 0.0
1337614337.29 0.0
1337614337.29 0.0
1337614337.29 0.0
1337614337.29 0.0
1337614337.29 0.0
1337614337.29 0.0
1337614337.3 0.0
1337614337.3 0.0
1337614337.3 0.0
1337614337.3 0.0
1337614337.3 0.0
1337614337.3 0.0
1337614337.3 0.0
1337614337.3 0.0
1337614337.31 0.0
1337614337.31 0.0
1337614337.31 0.0
1337614337.31 0.0
1337614337.31 0.0
1337614337.31 0.0
1337614337.31 0.0
1337614337.31 0.0
1337614337.31 0.0
1337614337.32 0.0
1337614337.32 0.0
1337614337.32 0.0
1337614337.32 0.0
1337614337.32 0.0
1337614337.32 0.0
1337614337.32 0.0
1337614337.33 0.0
1337614337.33 0.0
1337614337.33 0.0
1337614337.33 0.0
1337614337.33 0.0
1337614337.33 0.0
1337614337.33 0.0
1337614337.33 0.0
1337614337.33 0.0
1337614337.34 0.0
1337614337.34 0.0
1337614337.34 0.0
1337614337.34 0.0
1337614337.34 0.0
1337614337.34 0.0
1337614337.34 0.0
1337614337.35 0.0
1337614337.35 0.0
1337614337.35 0.0
1337614337.35 0.0
1337614337.35 0.0
1337614337.35 0.0
1337614337.35 0.0
1337614337.35 0.0
1337614337.36 0.0
1337614337.36 0.0
1337614337.36 0.0
1337614337.36 0.0
1337614337.36 0.0
1337614337.36 0.0
1337614337.36 0.0
1337614337.36 0.0
1337614337.37 0.0
1337614337.37 0.0
1337614337.37 0.0
1337614337.37 0.0
1337614337.37 0.0
1337614337.37 0.0
1337614337.37 0.0
1337614337.37 0.0
1337614337.38 0.0
1337614337.38 0.0
1337614337.38 0.0
1337614337.38 0.0
1337614337.38 0.0
1337614337.38 0.0
1337614337.38 0.0
1337614337.38 0.0
1337614337.38 0.0
1337614337.39 0.0
1337614337.39 0.0
1337614337.39 0.0
1337614337.39 0.0
1337614337.39 0.0
1337614337.39 0.0
1337614337.39 0.0
1337614337.4 0.0
1337614337.4 0.0
1337614337.4 0.0
1337614337.4 0.0
1337614337.4 0.0
1337614337.4 0.0
1337614337.4 0.0
1337614337.4 0.0
1337614337.4 0.0
1337614337.4 0.0
1337614337.4 0.0
1337614337.4 0.0
1337614337.41 0.0
1337614337.41 0.0
1337614337.41 0.0
1337614337.41 0.0
1337614337.41 0.0
1337614337.41 0.0
1337614337.42 0.0
1337614337.42 0.0
1337614337.42 0.0
1337614337.42 0.0
1337614337.42 0.0
1337614337.42 0.0
1337614337.43 0.0
1337614337.43 0.0
1337614337.43 0.0
1337614337.43 0.0
1337614337.43 0.0
1337614337.43 0.0
1337614337.43 0.0
1337614337.43 0.0
1337614337.43 0.0
1337614337.43 0.0
1337614337.43 0.0
1337614337.43 0.0
1337614337.44 0.0
1337614337.44 0.0
1337614337.44 0.0
1337614337.44 0.0
1337614337.45 0.0
1337614337.45 0.0
1337614337.45 0.0
1337614337.45 0.0
1337614337.45 0.0
1337614337.45 0.0
1337614337.45 0.0
1337614337.45 0.0
1337614337.45 0.0
1337614337.45 0.0
1337614337.45 0.0
1337614337.45 0.0
1337614337.46 0.0
1337614337.46 0.0
1337614337.46 0.0
1337614337.46 0.0
1337614337.47 0.0
1337614337.47 0.0
1337614337.47 0.0
1337614337.47 0.0
1337614337.47 0.0
1337614337.47 0.0
1337614337.47 0.0
1337614337.47 0.0
1337614337.47 0.0
1337614337.47 0.0
1337614337.47 0.0
1337614337.47 0.0
1337614337.48 0.0
1337614337.48 0.0
1337614337.48 0.0
1337614337.48 0.0
1337614337.49 0.0
1337614337.49 0.0
1337614337.49 0.0
1337614337.49 0.0
1337614337.49 0.0
1337614337.49 0.0
1337614337.49 0.0
1337614337.49 0.0
1337614337.49 0.0
1337614337.49 0.0
1337614337.49 0.0
1337614337.5 0.0
1337614337.5 0.0
1337614337.5 0.0
1337614337.5 0.0
1337614337.5 0.0
1337614337.5 0.0
1337614337.5 0.0
1337614337.5 0.0
1337614337.5 0.0
1337614337.51 0.0
1337614337.51 0.0
1337614337.51 0.0
1337614337.51 0.0
1337614337.51 0.0
1337614337.52 0.0
1337614337.52 0.0
1337614337.52 0.0
1337614337.52 0.0
1337614337.52 0.0
1337614337.52 0.0
1337614337.52 0.0
1337614337.52 0.0
1337614337.52 0.0
1337614337.52 0.0
1337614337.52 0.0
1337614337.53 0.0
1337614337.53 0.0
1337614337.53 0.0
1337614337.53 0.0
1337614337.53 0.0
1337614337.53 0.0
1337614337.53 0.0
1337614337.53 0.0
1337614337.54 0.0
1337614337.54 0.0
1337614337.54 0.0
1337614337.54 0.0
1337614337.55 0.0
1337614337.55 0.0
1337614337.55 0.0
1337614337.55 0.0
1337614337.55 0.0
1337614337.55 0.0
1337614337.55 0.0
1337614337.55 0.0
1337614337.55 0.0
1337614337.55 0.0
1337614337.55 0.0
1337614337.56 0.0
1337614337.56 0.0
1337614337.56 0.0
1337614337.56 0.0
1337614337.56 0.0
1337614337.56 0.0
1337614337.56 0.0
1337614337.56 0.0
1337614337.56 0.0
1337614337.57 0.0
1337614337.57 0.0
1337614337.57 0.0
1337614337.57 0.0
1337614337.57 0.0
1337614337.58 0.0
1337614337.58 0.0
1337614337.58 0.0
1337614337.58 0.0
1337614337.58 0.0
1337614337.58 0.0
1337614337.58 0.0
1337614337.58 0.0
1337614337.58 0.0
1337614337.58 0.0
1337614337.58 0.0
1337614337.59 0.0
1337614337.59 0.0
1337614337.59 0.0
1337614337.59 0.0
1337614337.59 0.0
1337614337.6 0.0
1337614337.6 0.0
1337614337.6 0.0
1337614337.6 0.0
1337614337.6 0.0
1337614337.6 0.0
1337614337.6 0.0
1337614337.6 0.0
1337614337.6 0.0
1337614337.6 0.0
1337614337.6 0.0
1337614337.61 0.0
1337614337.61 0.0
1337614337.61 0.0
1337614337.61 0.0
1337614337.61 0.0
1337614337.62 0.0
1337614337.62 0.0
1337614337.62 0.0
1337614337.62 0.0
1337614337.62 0.0
1337614337.62 0.0
1337614337.62 0.0
1337614337.62 0.0
1337614337.62 0.0
1337614337.62 0.0
1337614337.62 0.0
1337614337.63 0.0
1337614337.63 0.0
1337614337.63 0.0
1337614337.63 0.0
1337614337.63 0.0
1337614337.63 0.0
1337614337.64 0.0
1337614337.64 0.0
1337614337.64 0.0
1337614337.64 0.0
1337614337.64 0.0
1337614337.64 0.0
1337614337.64 0.0
1337614337.64 0.0
1337614337.64 0.0
1337614337.64 0.0
1337614337.65 0.0
1337614337.65 0.0
1337614337.65 0.0
1337614337.65 0.0
1337614337.66 0.0
1337614337.66 0.0
1337614337.66 0.0
1337614337.66 0.0
1337614337.66 0.0
1337614337.66 0.0
1337614337.66 0.0
1337614337.66 0.0
1337614337.67 0.0
1337614337.67 0.0
1337614337.67 0.0
1337614337.67 0.0
1337614337.67 0.0
1337614337.67 0.0
1337614337.67 0.0
1337614337.67 0.0
1337614337.67 0.0
1337614337.67 0.0
1337614337.67 0.0
1337614337.67 0.0
1337614337.68 0.0
1337614337.68 0.0
1337614337.68 0.0
1337614337.68 0.0
1337614337.68 0.0
1337614337.68 0.0
1337614337.68 0.0
1337614337.68 0.0
1337614337.69 0.0
1337614337.69 0.0
1337614337.69 0.0
1337614337.69 0.0
1337614337.69 0.0
1337614337.7 0.0
1337614337.7 0.0
1337614337.7 0.0
1337614337.7 0.0
1337614337.7 0.0
1337614337.7 0.0
1337614337.7 0.0
1337614337.7 0.0
1337614337.7 0.0
1337614337.7 0.0
1337614337.7 0.0
1337614337.71 0.0
1337614337.71 0.0
1337614337.71 0.0
1337614337.71 0.0
1337614337.71 0.0
1337614337.72 0.0
1337614337.72 0.0
1337614337.72 0.0
1337614337.72 0.0
1337614337.72 0.0
1337614337.72 0.0
1337614337.72 0.0
1337614337.73 0.0
1337614337.73 0.0
1337614337.73 0.0
1337614337.73 0.0
1337614337.73 0.0
1337614337.73 0.0
1337614337.73 0.0
1337614337.73 0.0
1337614337.74 0.0
1337614337.74 0.0
1337614337.74 0.0
1337614337.74 0.0
1337614337.74 0.0
1337614337.74 0.0
1337614337.74 0.0
1337614337.74 0.0
1337614337.74 0.0
1337614337.75 0.0
1337614337.75 0.0
1337614337.75 0.0
1337614337.75 0.0
1337614337.75 0.0
1337614337.75 0.0
1337614337.75 0.0
1337614337.75 0.0
1337614337.76 0.0
1337614337.76 0.0
1337614337.76 0.0
1337614337.76 0.0
1337614337.76 0.0
1337614337.76 0.0
1337614337.76 0.0
1337614337.76 0.0
1337614337.76 0.0
1337614337.76 0.0
1337614337.76 0.0
1337614337.77 0.0
1337614337.77 0.0
1337614337.77 0.0
1337614337.77 0.0
1337614337.77 0.0
1337614337.77 0.0
1337614337.77 0.0
1337614337.77 0.0
1337614337.78 0.0
1337614337.78 0.0
1337614337.78 0.0
1337614337.78 0.0
1337614337.79 0.0
1337614337.79 0.0
1337614337.79 0.0
1337614337.79 0.0
1337614337.79 0.0
1337614337.79 0.0
1337614337.79 0.0
1337614337.79 0.0
1337614337.8 0.0
1337614337.8 0.0
1337614337.8 0.0
1337614337.8 0.0
1337614337.8 0.0
1337614337.8 0.0
1337614337.8 0.0
1337614337.8 0.0
1337614337.81 0.0
1337614337.81 0.0
1337614337.81 0.0
1337614337.81 0.0
1337614337.81 0.0
1337614337.81 0.0
1337614337.81 0.0
1337614337.81 0.0
1337614337.81 0.0
1337614337.81 0.0
1337614337.82 0.0
1337614337.82 0.0
1337614337.82 0.0
1337614337.82 0.0
1337614337.82 0.0
1337614337.82 0.0
1337614337.82 0.0
1337614337.82 0.0
1337614337.82 0.0
1337614337.82 0.0
1337614337.83 0.0
1337614337.83 0.0
1337614337.83 0.0
1337614337.83 0.0
1337614337.83 0.0
1337614337.83 0.0
1337614337.83 0.0
1337614337.84 0.0
1337614337.84 0.0
1337614337.84 0.0
1337614337.84 0.0
1337614337.84 0.0
1337614337.84 0.0
1337614337.84 0.0
1337614337.84 0.0
1337614337.85 0.0
1337614337.85 0.0
1337614337.85 0.0
1337614337.85 0.0
1337614337.85 0.0
1337614337.85 0.0
1337614337.85 0.0
1337614337.86 0.0
1337614337.86 0.0
1337614337.86 0.0
1337614337.86 0.0
1337614337.86 0.0
1337614337.86 0.0
1337614337.86 0.0
1337614337.86 0.0
1337614337.86 0.0
1337614337.86 0.0
1337614337.87 0.0
1337614337.87 0.0
1337614337.87 0.0
1337614337.87 0.0
1337614337.87 0.0
1337614337.87 0.0
1337614337.87 0.0
1337614337.87 0.0
1337614337.88 0.0
1337614337.88 0.0
1337614337.88 0.0
1337614337.88 0.0
1337614337.88 0.0
1337614337.88 0.0
1337614337.88 0.0
1337614337.88 0.0
1337614337.89 0.0
1337614337.89 0.0
1337614337.89 0.0
1337614337.89 0.0
1337614337.89 0.0
1337614337.89 0.0
1337614337.89 0.0
1337614337.89 0.0
1337614337.9 0.0
1337614337.9 0.0
1337614337.9 0.0
1337614337.9 0.0
1337614337.9 0.0
1337614337.9 0.0
1337614337.9 0.0
1337614337.91 0.0
1337614337.91 0.0
1337614337.91 0.0
1337614337.91 0.0
1337614337.91 0.0
1337614337.91 0.0
1337614337.91 0.0
1337614337.91 0.0
1337614337.91 0.0
1337614337.92 0.0
1337614337.92 0.0
1337614337.92 0.0
1337614337.92 0.0
1337614337.92 0.0
1337614337.92 0.0
1337614337.92 0.0
1337614337.92 0.0
1337614337.93 0.0
1337614337.93 0.0
1337614337.93 0.0
1337614337.93 0.0
1337614337.93 0.0
1337614337.93 0.0
1337614337.93 0.0
1337614337.93 0.0
1337614337.94 0.0
1337614337.94 0.0
1337614337.94 0.0
1337614337.94 0.0
1337614337.94 0.0
1337614337.94 0.0
1337614337.94 0.0
1337614337.94 0.0
1337614337.95 0.0
1337614337.95 0.0
1337614337.95 0.0
1337614337.95 0.0
1337614337.95 0.0
1337614337.95 0.0
1337614337.95 0.0
1337614337.95 0.0
1337614337.96 0.0
1337614337.96 0.0
1337614337.96 0.0
1337614337.96 0.0
1337614337.96 0.0
1337614337.97 0.0
1337614337.97 0.0
1337614337.97 0.0
1337614337.97 0.0
1337614337.97 0.0
1337614337.97 0.0
1337614337.97 0.0
1337614337.98 0.0
1337614337.98 0.0
1337614337.98 0.0
1337614337.98 0.0
1337614337.98 0.0
1337614337.98 0.0
1337614337.98 0.0
1337614337.98 0.0
1337614337.99 0.0
1337614337.99 0.0
1337614337.99 0.0
1337614337.99 0.0
1337614337.99 0.0
1337614337.99 0.0
1337614337.99 0.0
1337614337.99 0.0
1337614338.0 0.0
1337614338.0 0.0
1337614338.0 0.0
1337614338.0 0.0
1337614338.0 0.0
1337614338.0 0.0
1337614338.0 0.0
1337614338.0 0.0
1337614338.0 0.0
1337614338.0 0.0
1337614338.0 0.0
1337614338.0 0.0
1337614338.01 0.0
1337614338.01 0.0
1337614338.01 0.0
1337614338.01 0.0
1337614338.01 0.0
1337614338.01 0.0
1337614338.01 0.0
1337614338.01 0.0
1337614338.02 0.0
1337614338.02 0.0
1337614338.02 0.0
1337614338.02 0.0
1337614338.02 0.0
1337614338.02 0.0
1337614338.02 0.0
1337614338.02 0.0
1337614338.03 0.0
1337614338.03 0.0
1337614338.03 0.0
1337614338.03 0.0
1337614338.03 0.0
1337614338.03 0.0
1337614338.03 0.0
1337614338.03 0.0
1337614338.04 0.0
1337614338.04 0.0
1337614338.04 0.0
1337614338.04 0.0
1337614338.04 0.0
1337614338.04 0.0
1337614338.04 0.0
1337614338.04 0.0
1337614338.05 0.0
1337614338.05 0.0
1337614338.05 0.0
1337614338.05 0.0
1337614338.05 0.0
1337614338.05 0.0
1337614338.05 0.0
1337614338.05 0.0
1337614338.06 0.0
1337614338.06 0.0
1337614338.06 0.0
1337614338.06 0.0
1337614338.06 0.0
1337614338.06 0.0
1337614338.06 0.0
1337614338.06 0.0
1337614338.07 0.0
1337614338.07 0.0
1337614338.07 0.0
1337614338.07 0.0
1337614338.07 0.0
1337614338.07 0.0
1337614338.07 0.0
1337614338.07 0.0
1337614338.08 0.0
1337614338.08 0.0
1337614338.08 0.0
1337614338.08 0.0
1337614338.08 0.0
1337614338.08 0.0
1337614338.08 0.0
1337614338.08 0.0
1337614338.09 0.0
1337614338.09 0.0
1337614338.09 0.0
1337614338.09 0.0
1337614338.09 0.0
1337614338.09 0.0
1337614338.09 0.0
1337614338.09 0.0
1337614338.1 0.0
1337614338.1 0.0
1337614338.1 0.0
1337614338.1 0.0
1337614338.1 0.0
1337614338.1 0.0
1337614338.1 0.0
1337614338.1 0.0
1337614338.11 0.0
1337614338.11 0.0
1337614338.11 0.0
1337614338.11 0.0
1337614338.11 0.0
1337614338.11 0.0
1337614338.11 0.0
1337614338.11 0.0
1337614338.12 0.0
1337614338.12 0.0
1337614338.12 0.0
1337614338.12 0.0
1337614338.12 0.0
1337614338.12 0.0
1337614338.12 0.0
1337614338.12 0.0
1337614338.13 0.0
1337614338.13 0.0
1337614338.13 0.0
1337614338.13 0.0
1337614338.13 0.0
1337614338.13 0.0
1337614338.13 0.0
1337614338.13 0.0
1337614338.14 0.0
1337614338.14 0.0
1337614338.14 0.0
1337614338.14 0.0
1337614338.14 0.0
1337614338.14 0.0
1337614338.14 0.0
1337614338.14 0.0
1337614338.15 0.0
1337614338.15 0.0
1337614338.15 0.0
1337614338.15 0.0
1337614338.15 0.0
1337614338.15 0.0
1337614338.15 0.0
1337614338.15 0.0
1337614338.16 0.0
1337614338.16 0.0
1337614338.16 0.0
1337614338.16 0.0
1337614338.16 0.0
1337614338.16 0.0
1337614338.16 0.0
1337614338.16 0.0
1337614338.17 0.0
1337614338.17 0.0
1337614338.17 0.0
1337614338.17 0.0
1337614338.17 0.0
1337614338.17 0.0
1337614338.17 0.0
1337614338.17 0.0
1337614338.18 0.0
1337614338.18 0.0
1337614338.18 0.0
1337614338.18 0.0
1337614338.18 0.0
1337614338.18 0.0
1337614338.18 0.0
1337614338.18 0.0
1337614338.19 0.0
1337614338.19 0.0
1337614338.19 0.0
1337614338.19 0.0
1337614338.19 0.0
1337614338.19 0.0
1337614338.19 0.0
1337614338.19 0.0
1337614338.21 0.0
1337614338.21 0.0
1337614338.21 0.0
1337614338.21 0.0
1337614338.21 0.0
1337614338.21 0.0
1337614338.21 0.0
1337614338.21 0.0
1337614338.21 0.0
1337614338.21 0.0
1337614338.21 0.0
1337614338.21 0.0
1337614338.22 0.0
1337614338.22 0.0
1337614338.22 0.0
1337614338.22 0.0
1337614338.22 0.0
1337614338.22 0.0
1337614338.22 0.0
1337614338.22 0.0
1337614338.22 0.0
1337614338.22 0.0
1337614338.22 0.0
1337614338.22 0.0
1337614338.23 0.0
1337614338.23 0.0
1337614338.23 0.0
1337614338.23 0.0
1337614338.23 0.0
1337614338.23 0.0
1337614338.23 0.0
1337614338.23 0.0
1337614338.24 0.0
1337614338.24 0.0
1337614338.24 0.0
1337614338.24 0.0
1337614338.24 0.0
1337614338.24 0.0
1337614338.24 0.0
1337614338.24 0.0
1337614338.25 0.0
1337614338.25 0.0
1337614338.25 0.0
1337614338.25 0.0
1337614338.26 0.0
1337614338.26 0.0
1337614338.26 0.0
1337614338.26 0.0
1337614338.26 0.0
1337614338.26 0.0
1337614338.26 0.0
1337614338.26 0.0
1337614338.26 0.0
1337614338.26 0.0
1337614338.26 0.0
1337614338.26 0.0
1337614338.27 0.0
1337614338.27 0.0
1337614338.27 0.0
1337614338.27 0.0
1337614338.27 0.0
1337614338.27 0.0
1337614338.27 0.0
1337614338.27 0.0
1337614338.28 0.0
1337614338.28 0.0
1337614338.28 0.0
1337614338.28 0.0
1337614338.28 0.0
1337614338.28 0.0
1337614338.28 0.0
1337614338.28 0.0
1337614338.29 0.0
1337614338.29 0.0
1337614338.29 0.0
1337614338.29 0.0
1337614338.29 0.0
1337614338.29 0.0
1337614338.29 0.0
1337614338.29 0.0
1337614338.3 0.0
1337614338.3 0.0
1337614338.3 0.0
1337614338.3 0.0
1337614338.31 0.0
1337614338.31 0.0
1337614338.31 0.0
1337614338.31 0.0
1337614338.31 0.0
1337614338.31 0.0
1337614338.31 0.0
1337614338.31 0.0
1337614338.31 0.0
1337614338.31 0.0
1337614338.31 0.0
1337614338.31 0.0
1337614338.32 0.0
1337614338.32 0.0
1337614338.32 0.0
1337614338.32 0.0
1337614338.32 0.0
1337614338.33 0.0
1337614338.33 0.0
1337614338.33 0.0
1337614338.33 0.0
1337614338.33 0.0
1337614338.33 0.0
1337614338.33 0.0
1337614338.33 0.0
1337614338.33 0.0
1337614338.33 0.0
1337614338.33 0.0
1337614338.34 0.0
1337614338.34 0.0
1337614338.34 0.0
1337614338.34 0.0
1337614338.34 0.0
1337614338.34 0.0
1337614338.34 0.0
1337614338.34 0.0
1337614338.35 0.0
1337614338.35 0.0
1337614338.35 0.0
1337614338.35 0.0
1337614338.36 0.0
1337614338.36 0.0
1337614338.36 0.0
1337614338.36 0.0
1337614338.36 0.0
1337614338.36 0.0
1337614338.36 0.0
1337614338.36 0.0
1337614338.36 0.0
1337614338.36 0.0
1337614338.36 0.0
1337614338.36 0.0
1337614338.37 0.0
1337614338.37 0.0
1337614338.37 0.0
1337614338.37 0.0
1337614338.37 0.0
1337614338.37 0.0
1337614338.37 0.0
1337614338.37 0.0
1337614338.38 0.0
1337614338.38 0.0
1337614338.38 0.0
1337614338.38 0.0
1337614338.38 0.0
1337614338.38 0.0
1337614338.38 0.0
1337614338.38 0.0
1337614338.39 0.0
1337614338.39 0.0
1337614338.39 0.0
1337614338.39 0.0
1337614338.39 0.0
1337614338.39 0.0
1337614338.39 0.0
1337614338.39 0.0
1337614338.41 0.0
1337614338.41 0.0
1337614338.41 0.0
1337614338.41 0.0
1337614338.41 0.0
1337614338.41 0.0
1337614338.41 0.0
1337614338.41 0.0
1337614338.41 0.0
1337614338.41 0.0
1337614338.41 0.0
1337614338.41 0.0
1337614338.42 0.0
1337614338.42 0.0
1337614338.42 0.0
1337614338.42 0.0
1337614338.42 0.0
1337614338.42 0.0
1337614338.42 0.0
1337614338.42 0.0
1337614338.42 0.0
1337614338.42 0.0
1337614338.42 0.0
1337614338.42 0.0
1337614338.43 0.0
1337614338.43 0.0
1337614338.43 0.0
1337614338.43 0.0
1337614338.43 0.0
1337614338.43 0.0
1337614338.43 0.0
1337614338.43 0.0
1337614338.44 0.0
1337614338.44 0.0
1337614338.44 0.0
1337614338.44 0.0
1337614338.44 0.0
1337614338.44 0.0
1337614338.44 0.0
1337614338.44 0.0
1337614338.45 0.0
1337614338.45 0.0
1337614338.45 0.0
1337614338.45 0.0
1337614338.46 0.0
1337614338.46 0.0
1337614338.46 0.0
1337614338.46 0.0
1337614338.46 0.0
1337614338.46 0.0
1337614338.46 0.0
1337614338.46 0.0
1337614338.46 0.0
1337614338.46 0.0
1337614338.46 0.0
1337614338.46 0.0
1337614338.47 0.0
1337614338.47 0.0
1337614338.47 0.0
1337614338.47 0.0
1337614338.47 0.0
1337614338.47 0.0
1337614338.47 0.0
1337614338.47 0.0
1337614338.48 0.0
1337614338.48 0.0
1337614338.48 0.0
1337614338.48 0.0
1337614338.48 0.0
1337614338.48 0.0
1337614338.48 0.0
1337614338.48 0.0
1337614338.49 0.0
1337614338.49 0.0
1337614338.49 0.0
1337614338.49 0.0
1337614338.49 0.0
1337614338.49 0.0
1337614338.49 0.0
1337614338.49 0.0
1337614338.51 0.0
1337614338.51 0.0
1337614338.51 0.0
1337614338.51 0.0
1337614338.51 0.0
1337614338.51 0.0
1337614338.51 0.0
1337614338.51 0.0
1337614338.51 0.0
1337614338.51 0.0
1337614338.51 0.0
1337614338.51 0.0
1337614338.51 0.0
1337614338.51 0.0
1337614338.51 0.0
1337614338.51 0.0
1337614338.52 0.0
1337614338.52 0.0
1337614338.52 0.0
1337614338.52 0.0
1337614338.53 0.0
1337614338.53 0.0
1337614338.53 0.0
1337614338.53 0.0
1337614338.53 0.0
1337614338.53 0.0
1337614338.53 0.0
1337614338.53 0.0
1337614338.53 0.0
1337614338.53 0.0
1337614338.53 0.0
1337614338.53 0.0
1337614338.54 0.0
1337614338.54 0.0
1337614338.54 0.0
1337614338.54 0.0
1337614338.54 0.0
1337614338.54 0.0
1337614338.54 0.0
1337614338.54 0.0
1337614338.55 0.0
1337614338.55 0.0
1337614338.55 0.0
1337614338.55 0.0
1337614338.55 0.0
1337614338.55 0.0
1337614338.55 0.0
1337614338.56 0.0
1337614338.56 0.0
1337614338.56 0.0
1337614338.56 0.0
1337614338.56 0.0
1337614338.56 0.0
1337614338.56 0.0
1337614338.56 0.0
1337614338.56 0.0
1337614338.57 0.0
1337614338.57 0.0
1337614338.57 0.0
1337614338.57 0.0
1337614338.57 0.0
1337614338.57 0.0
1337614338.57 0.0
1337614338.57 0.0
1337614338.58 0.0
1337614338.58 0.0
1337614338.58 0.0
1337614338.58 0.0
1337614338.58 0.0
1337614338.58 0.0
1337614338.58 0.0
1337614338.58 0.0
1337614338.59 0.0
1337614338.59 0.0
1337614338.59 0.0
1337614338.59 0.0
1337614338.59 0.0
1337614338.59 0.0
1337614338.59 0.0
1337614338.59 0.0
1337614338.6 0.0
1337614338.6 0.0
1337614338.6 0.0
1337614338.6 0.0
1337614338.61 0.0
1337614338.61 0.0
1337614338.61 0.0
1337614338.61 0.0
1337614338.61 0.0
1337614338.61 0.0
1337614338.61 0.0
1337614338.62 0.0
1337614338.62 0.0
1337614338.62 0.0
1337614338.62 0.0
1337614338.62 0.0
1337614338.62 0.0
1337614338.62 0.0
1337614338.62 0.0
1337614338.62 0.0
1337614338.63 0.0
1337614338.63 0.0
1337614338.63 0.0
1337614338.63 0.0
1337614338.63 0.0
1337614338.63 0.0
1337614338.63 0.0
1337614338.63 0.0
1337614338.63 0.0
1337614338.63 0.0
1337614338.63 0.0
1337614338.63 0.0
1337614338.64 0.0
1337614338.64 0.0
1337614338.64 0.0
1337614338.64 0.0
1337614338.64 0.0
1337614338.64 0.0
1337614338.64 0.0
1337614338.64 0.0
1337614338.65 0.0
1337614338.65 0.0
1337614338.65 0.0
1337614338.65 0.0
1337614338.65 0.0
1337614338.65 0.0
1337614338.65 0.0
1337614338.65 0.0
1337614338.66 0.0
1337614338.66 0.0
1337614338.66 0.0
1337614338.66 0.0
1337614338.66 0.0
1337614338.66 0.0
1337614338.66 0.0
1337614338.66 0.0
1337614338.67 0.0
1337614338.67 0.0
1337614338.67 0.0
1337614338.67 0.0
1337614338.67 0.0
1337614338.67 0.0
1337614338.67 0.0
1337614338.67 0.0
1337614338.68 0.0
1337614338.68 0.0
1337614338.68 0.0
1337614338.68 0.0
1337614338.68 0.0
1337614338.68 0.0
1337614338.68 0.0
1337614338.68 0.0
1337614338.69 0.0
1337614338.69 0.0
1337614338.69 0.0
1337614338.69 0.0
1337614338.69 0.0
1337614338.69 0.0
1337614338.69 0.0
1337614338.69 0.0
1337614338.7 0.0
1337614338.7 0.0
1337614338.7 0.0
1337614338.7 0.0
1337614338.7 0.0
1337614338.7 0.0
1337614338.7 0.0
1337614338.7 0.0
1337614338.71 0.0
1337614338.71 0.0
1337614338.71 0.0
1337614338.71 0.0
1337614338.71 0.0
1337614338.71 0.0
1337614338.71 0.0
1337614338.71 0.0
1337614338.72 0.0
1337614338.72 0.0
1337614338.72 0.0
1337614338.72 0.0
1337614338.72 0.0
1337614338.72 0.0
1337614338.72 0.0
1337614338.72 0.0
1337614338.73 0.0
1337614338.73 0.0
1337614338.73 0.0
1337614338.73 0.0
1337614338.73 0.0
1337614338.73 0.0
1337614338.73 0.0
1337614338.73 0.0
1337614338.74 0.0
1337614338.74 0.0
1337614338.74 0.0
1337614338.74 0.0
1337614338.74 0.0
1337614338.74 0.0
1337614338.74 0.0
1337614338.74 0.0
1337614338.76 0.0
1337614338.76 0.0
1337614338.76 0.0
1337614338.76 0.0
1337614338.76 0.0
1337614338.76 0.0
1337614338.76 0.0
1337614338.76 0.0
1337614338.76 0.0
1337614338.76 0.0
1337614338.76 0.0
1337614338.76 0.0
1337614338.77 0.0
1337614338.77 0.0
1337614338.77 0.0
1337614338.77 0.0
1337614338.77 0.0
1337614338.77 0.0
1337614338.77 0.0
1337614338.77 0.0
1337614338.77 0.0
1337614338.77 0.0
1337614338.77 0.0
1337614338.77 0.0
1337614338.78 0.0
1337614338.78 0.0
1337614338.78 0.0
1337614338.78 0.0
1337614338.78 0.0
1337614338.78 0.0
1337614338.78 0.0
1337614338.78 0.0
1337614338.79 0.0
1337614338.79 0.0
1337614338.79 0.0
1337614338.79 0.0
1337614338.79 0.0
1337614338.79 0.0
1337614338.79 0.0
1337614338.79 0.0
1337614338.8 0.0
1337614338.81 0.0
1337614338.81 0.0
1337614338.81 0.0
1337614338.81 0.0
1337614338.81 0.0
1337614338.81 0.0
1337614338.81 0.0
1337614338.81 0.0
1337614338.81 0.0
1337614338.81 0.0
1337614338.81 0.0
1337614338.82 0.0
1337614338.82 0.0
1337614338.82 0.0
1337614338.82 0.0
1337614338.82 0.0
1337614338.82 0.0
1337614338.82 0.0
1337614338.82 0.0
1337614338.82 0.0
1337614338.82 0.0
1337614338.82 0.0
1337614338.82 0.0
1337614338.83 0.0
1337614338.83 0.0
1337614338.83 0.0
1337614338.83 0.0
1337614338.83 0.0
1337614338.83 0.0
1337614338.83 0.0
1337614338.83 0.0
1337614338.84 0.0
1337614338.84 0.0
1337614338.84 0.0
1337614338.84 0.0
1337614338.84 0.0
1337614338.84 0.0
1337614338.84 0.0
1337614338.84 0.0
1337614338.86 0.0
1337614338.86 0.0
1337614338.86 0.0
1337614338.86 0.0
1337614338.86 0.0
1337614338.86 0.0
1337614338.86 0.0
1337614338.86 0.0
1337614338.86 0.0
1337614338.86 0.0
1337614338.86 0.0
1337614338.86 0.0
1337614338.86 0.0
1337614338.86 0.0
1337614338.86 0.0
1337614338.86 0.0
1337614338.87 0.0
