1337612248.12 0.0
1337612248.12 0.0
1337612248.12 0.0
1337612248.12 0.0
1337612248.18 0.0
1337612248.18 0.0
1337612248.18 0.0
1337612248.18 0.0
1337612248.18 0.0
1337612248.18 0.0
1337612248.18 0.0
1337612248.18 0.0
1337612248.18 0.0
1337612248.18 0.0
1337612248.18 0.0
1337612248.18 0.0
1337612248.18 0.0
1337612248.18 0.0
1337612248.18 0.0
1337612248.18 0.0
1337612248.19 0.0
1337612248.19 0.0
1337612248.19 0.0
1337612248.19 0.0
1337612248.19 0.0
1337612248.19 0.0
1337612248.19 0.0
1337612248.19 0.0
1337612248.2 0.0
1337612248.2 0.0
1337612248.2 0.0
1337612248.2 0.0
1337612248.2 0.0
1337612248.2 0.0
1337612248.21 0.0
1337612248.21 0.0
1337612248.21 0.0
1337612248.21 0.0
1337612248.21 0.0
1337612248.21 0.0
1337612248.22 0.0
1337612248.22 0.0
1337612248.22 0.0
1337612248.22 0.0
1337612248.22 0.0
1337612248.22 0.0
1337612248.22 0.0
1337612248.22 0.0
1337612248.23 0.0
1337612248.23 0.0
1337612248.23 0.0
1337612248.23 0.0
1337612248.23 0.0
1337612248.23 0.0
1337612248.23 0.0
1337612248.23 0.0
1337612248.24 0.0
1337612248.24 0.0
1337612248.24 0.0
1337612248.24 0.0
1337612248.24 0.0
1337612248.24 0.0
1337612248.24 0.0
1337612248.24 0.0
1337612248.25 0.0
1337612248.25 0.0
1337612248.25 0.0
1337612248.25 0.0
1337612248.25 0.0
1337612248.25 0.0
1337612248.25 0.0
1337612248.25 0.0
1337612248.25 0.0
1337612248.25 0.0
1337612248.25 0.0
1337612248.25 0.0
1337612248.26 0.0
1337612248.26 0.0
1337612248.26 0.0
1337612248.26 0.0
1337612248.26 0.0
1337612248.26 0.0
1337612248.26 0.0
1337612248.26 0.0
1337612248.26 0.0
1337612248.26 0.0
1337612248.26 0.0
1337612248.26 0.0
1337612248.26 0.0
1337612248.27 0.0
1337612248.27 0.0
1337612248.27 0.0
1337612248.27 0.0
1337612248.27 0.0
1337612248.27 0.0
1337612248.27 0.0
1337612248.27 0.0
1337612248.27 0.0
1337612248.27 0.0
1337612248.27 0.0
1337612248.28 0.0
1337612248.28 0.0
1337612248.28 0.0
1337612248.28 0.0
1337612248.28 0.0
1337612248.28 0.0
1337612248.28 0.0
1337612248.28 0.0
1337612248.29 0.0
1337612248.29 0.0
1337612248.29 0.0
1337612248.29 0.0
1337612248.29 0.0
1337612248.29 0.0
1337612248.29 0.0
1337612248.29 0.0
1337612248.29 0.0
1337612248.29 0.0
1337612248.29 0.0
1337612248.29 0.0
1337612248.29 0.0
1337612248.29 0.0
1337612248.29 0.0
1337612248.29 0.0
1337612248.3 0.0
1337612248.3 0.0
1337612248.3 0.0
1337612248.3 0.0
1337612248.3 0.0
1337612248.3 0.0
1337612248.3 0.0
1337612248.3 0.0
1337612248.31 0.0
1337612248.31 0.0
1337612248.31 0.0
1337612248.31 0.0
1337612248.32 0.0
1337612248.32 0.0
1337612248.32 0.0
1337612248.32 0.0
1337612248.32 0.0
1337612248.32 0.0
1337612248.32 0.0
1337612248.32 0.0
1337612248.32 0.0
1337612248.32 0.0
1337612248.32 0.0
1337612248.32 0.0
1337612248.32 0.0
1337612248.32 0.0
1337612248.32 0.0
1337612248.32 0.0
1337612248.33 0.0
1337612248.33 0.0
1337612248.33 0.0
1337612248.33 0.0
1337612248.33 0.0
1337612248.33 0.0
1337612248.33 0.0
1337612248.33 0.0
1337612248.33 0.0
1337612248.34 0.0
1337612248.34 0.0
1337612248.34 0.0
1337612248.35 0.0
1337612248.35 0.0
1337612248.35 0.0
1337612248.35 0.0
1337612248.35 0.0
1337612248.35 0.0
1337612248.36 0.0
1337612248.36 0.0
1337612248.53 0.0
1337612248.53 0.0
1337612248.53 0.0
1337612248.53 0.0
1337612248.53 0.0
1337612248.53 0.0
1337612248.53 0.0
1337612248.53 0.0
1337612248.53 0.0
1337612248.53 0.0
1337612248.53 0.0
1337612248.53 0.0
1337612248.54 0.0
1337612248.54 0.0
1337612248.54 0.0
1337612248.55 0.0
1337612248.55 0.0
1337612248.55 0.0
1337612248.55 0.0
1337612248.55 0.0
1337612248.56 0.0
1337612248.56 0.0
1337612248.56 0.0
1337612248.56 0.0
1337612248.56 0.0
1337612248.56 0.0
1337612248.56 0.0
1337612248.56 0.0
1337612248.56 0.0
1337612248.56 0.0
1337612248.56 0.0
1337612248.56 0.0
1337612248.57 0.0
1337612248.57 0.0
1337612248.57 0.0
1337612248.57 0.0
1337612248.57 0.0
1337612248.57 0.0
1337612248.57 0.0
1337612248.57 0.0
1337612248.57 0.0
1337612248.57 0.0
1337612248.57 0.0
1337612248.57 0.0
1337612248.58 0.0
1337612248.58 0.0
1337612248.58 0.0
1337612248.58 0.0
1337612248.58 0.0
1337612248.58 0.0
1337612248.58 0.0
1337612248.58 0.0
1337612248.58 0.0
1337612248.58 0.0
1337612248.58 0.0
1337612248.58 0.0
1337612248.59 0.0
1337612248.59 0.0
1337612248.59 0.0
1337612248.59 0.0
1337612248.59 0.0
1337612248.59 0.0
1337612248.59 0.0
1337612248.59 0.0
1337612248.59 0.0
1337612248.59 0.0
1337612248.59 0.0
1337612248.59 0.0
1337612248.6 0.0
1337612248.61 0.0
1337612248.61 0.0
1337612248.61 0.0
1337612248.61 0.0
1337612248.61 0.0
1337612248.61 0.0
1337612248.61 0.0
1337612248.62 0.0
1337612248.62 0.0
1337612248.62 0.0
1337612248.62 0.0
1337612248.62 0.0
1337612248.62 0.0
1337612248.62 0.0
1337612248.62 0.0
1337612248.62 0.0
1337612248.62 0.0
1337612248.62 0.0
1337612248.63 0.0
1337612248.63 0.0
1337612248.63 0.0
1337612248.63 0.0
1337612248.63 0.0
1337612248.64 0.0
1337612248.64 0.0
1337612248.64 0.0
1337612248.64 0.0
1337612248.65 0.0
1337612248.65 0.0
1337612248.65 0.0
1337612248.65 0.0
1337612248.65 0.0
1337612248.65 0.0
1337612248.65 0.0
1337612248.65 0.0
1337612248.65 0.0
1337612248.65 0.0
1337612248.65 0.0
1337612248.65 0.0
1337612248.66 0.0
1337612248.66 0.0
1337612248.66 0.0
1337612248.66 0.0
1337612248.66 0.0
1337612248.66 0.0
1337612248.66 0.0
1337612248.66 0.0
1337612248.66 0.0
1337612248.66 0.0
1337612248.66 0.0
1337612248.66 0.0
1337612248.67 0.0
1337612248.67 0.0
1337612248.67 0.0
1337612248.67 0.0
1337612248.67 0.0
1337612248.67 0.0
1337612248.67 0.0
1337612248.67 0.0
1337612248.67 0.0
1337612248.67 0.0
1337612248.67 0.0
1337612248.67 0.0
1337612248.68 0.0
1337612248.68 0.0
1337612248.68 0.0
1337612248.68 0.0
1337612248.68 0.0
1337612248.68 0.0
1337612248.68 0.0
1337612248.68 0.0
1337612248.69 0.0
1337612248.69 0.0
1337612248.69 0.0
1337612248.69 0.0
1337612248.69 0.0
1337612248.69 0.0
1337612248.69 0.0
1337612248.69 0.0
1337612248.7 0.0
1337612248.7 0.0
1337612248.7 0.0
1337612248.7 0.0
1337612248.7 0.0
1337612248.7 0.0
1337612248.7 0.0
1337612248.7 0.0
1337612248.7 0.0
1337612248.7 0.0
1337612248.71 0.0
1337612248.71 0.0
1337612248.71 0.0
1337612248.71 0.0
1337612248.71 0.0
1337612248.71 0.0
1337612248.72 0.0
1337612248.72 0.0
1337612248.72 0.0
1337612248.72 0.0
1337612248.74 0.0
1337612248.74 0.0
1337612248.74 0.0
1337612248.74 0.0
1337612248.74 0.0
1337612248.74 0.0
1337612248.74 0.0
1337612248.74 0.0
1337612248.74 0.0
1337612248.74 0.0
1337612248.74 0.0
1337612248.74 0.0
1337612248.79 0.0
1337612248.79 0.0
1337612248.79 0.0
1337612248.79 0.0
1337612248.79 0.0
1337612248.79 0.0
1337612248.79 0.0
1337612248.79 0.0
1337612248.8 0.0
1337612248.8 0.0
1337612248.8 0.0
1337612248.8 0.0
1337612248.8 0.0
1337612248.8 0.0
1337612248.8 0.0
1337612248.8 0.0
1337612248.8 0.0
1337612248.8 0.0
1337612248.8 0.0
1337612248.8 0.0
1337612248.8 0.0
1337612248.8 0.0
1337612248.8 0.0
1337612248.8 0.0
1337612248.8 0.0
1337612248.8 0.0
1337612248.8 0.0
1337612248.8 0.0
1337612248.86 0.0
1337612248.86 0.0
1337612248.86 0.0
1337612248.86 0.0
1337612248.86 0.0
1337612248.86 0.0
1337612248.87 0.0
1337612248.87 0.0
1337612248.87 0.0
1337612248.87 0.0
1337612248.87 0.0
1337612248.87 0.0
1337612248.87 0.0
1337612248.87 0.0
1337612248.87 0.0
1337612248.87 0.0
1337612248.87 0.0
1337612248.87 0.0
1337612248.87 0.0
1337612248.87 0.0
1337612248.87 0.0
1337612248.87 0.0
1337612248.87 0.0
1337612248.87 0.0
1337612248.87 0.0
1337612248.87 0.0
1337612248.87 0.0
1337612248.87 0.0
1337612248.93 0.0
1337612248.93 0.0
1337612248.93 0.0
1337612248.93 0.0
1337612248.93 0.0
1337612248.93 0.0
1337612248.93 0.0
1337612248.93 0.0
1337612248.93 0.0
1337612248.93 0.0
1337612248.93 0.0
1337612248.93 0.0
1337612248.93 0.0
1337612248.93 0.0
1337612248.93 0.0
1337612248.93 0.0
1337612248.94 0.0
1337612248.94 0.0
1337612248.94 0.0
1337612248.94 0.0
1337612248.94 0.0
1337612248.94 0.0
1337612248.94 0.0
1337612248.94 0.0
1337612248.94 0.0
1337612248.94 0.0
1337612248.94 0.0
1337612248.94 0.0
1337612248.94 0.0
1337612248.95 0.0
1337612248.95 0.0
1337612248.95 0.0
1337612248.95 0.0
1337612248.95 0.0
1337612248.95 0.0
1337612248.95 0.0
1337612249.01 0.0
1337612249.01 0.0
1337612249.01 0.0
1337612249.01 0.0
1337612249.02 0.0
1337612249.02 0.0
1337612249.02 0.0
1337612249.02 0.0
1337612249.02 0.0
1337612249.02 0.0
1337612249.03 0.0
1337612249.03 0.0
1337612249.03 0.0
1337612249.03 0.0
1337612249.03 0.0
1337612249.03 0.0
1337612249.03 0.0
1337612249.03 0.0
1337612249.03 0.0
1337612249.03 0.0
1337612249.03 0.0
1337612249.03 0.0
1337612249.03 0.0
1337612249.03 0.0
1337612249.03 0.0
1337612249.03 0.0
1337612249.03 0.0
1337612249.03 0.0
1337612249.04 0.0
1337612249.04 0.0
1337612249.04 0.0
1337612249.04 0.0
1337612249.04 0.0
1337612249.04 0.0
1337612249.04 0.0
1337612249.04 0.0
1337612249.08 0.0
1337612249.08 0.0
1337612249.08 0.0
1337612249.08 0.0
1337612249.09 0.0
1337612249.09 0.0
1337612249.09 0.0
1337612249.09 0.0
1337612249.09 0.0
1337612249.09 0.0
1337612249.09 0.0
1337612249.09 0.0
1337612249.1 0.0
1337612249.1 0.0
1337612249.1 0.0
1337612249.1 0.0
1337612249.11 0.0
1337612249.11 0.0
1337612249.11 0.0
1337612249.11 0.0
1337612249.11 0.0
1337612249.11 0.0
1337612249.11 0.0
1337612249.11 0.0
1337612249.12 0.0
1337612249.12 0.0
1337612249.12 0.0
1337612249.12 0.0
1337612249.12 0.0
1337612249.12 0.0
1337612249.12 0.0
1337612249.12 0.0
1337612249.13 0.0
1337612249.13 0.0
1337612249.13 0.0
1337612249.13 0.0
1337612249.14 0.0
1337612249.14 0.0
1337612249.14 0.0
1337612249.14 0.0
1337612249.14 0.0
1337612249.15 0.0
1337612249.15 0.0
1337612249.15 0.0
1337612249.15 0.0
1337612249.15 0.0
1337612249.15 0.0
1337612249.15 0.0
1337612249.2 0.0
1337612249.2 0.0
1337612249.2 0.0
1337612249.2 0.0
1337612249.2 0.0
1337612249.2 0.0
1337612249.2 0.0
1337612249.2 0.0
1337612249.21 0.0
1337612249.21 0.0
1337612249.21 0.0
1337612249.21 0.0
1337612249.21 0.0
1337612249.21 0.0
1337612249.21 0.0
1337612249.21 0.0
1337612249.21 0.0
1337612249.21 0.0
1337612249.22 0.0
1337612249.22 0.0
1337612249.22 0.0
1337612249.22 0.0
1337612249.22 0.0
1337612249.22 0.0
1337612249.22 0.0
1337612249.22 0.0
1337612249.22 0.0
1337612249.22 0.0
1337612249.22 0.0
1337612249.22 0.0
1337612249.22 0.0
1337612249.22 0.0
1337612249.23 0.0
1337612249.23 0.0
1337612249.23 0.0
1337612249.23 0.0
1337612249.23 0.0
1337612249.23 0.0
1337612249.23 0.0
1337612249.23 0.0
1337612249.23 0.0
1337612249.23 0.0
1337612249.23 0.0
1337612249.23 0.0
1337612249.24 0.0
1337612249.24 0.0
1337612249.24 0.0
1337612249.24 0.0
1337612249.25 0.0
1337612249.25 0.0
1337612249.25 0.0
1337612249.25 0.0
1337612249.25 0.0
1337612249.25 0.0
1337612249.25 0.0
1337612249.25 0.0
1337612249.25 0.0
1337612249.25 0.0
1337612249.25 0.0
1337612249.25 0.0
1337612249.26 0.0
1337612249.26 0.0
1337612249.26 0.0
1337612249.26 0.0
1337612249.27 0.0
1337612249.27 0.0
1337612249.27 0.0
1337612249.27 0.0
1337612249.27 0.0
1337612249.27 0.0
1337612249.27 0.0
1337612249.27 0.0
1337612249.27 0.0
1337612249.28 0.0
1337612249.28 0.0
1337612249.28 0.0
1337612249.28 0.0
1337612249.28 0.0
1337612249.28 0.0
1337612249.28 0.0
1337612249.28 0.0
1337612249.28 0.0
1337612249.28 0.0
1337612249.28 0.0
1337612249.28 0.0
1337612249.28 0.0
1337612249.28 0.0
1337612249.28 0.0
1337612249.28 0.0
1337612249.28 0.0
1337612249.28 0.0
1337612249.28 0.0
1337612249.29 0.0
1337612249.29 0.0
1337612249.29 0.0
1337612249.29 0.0
1337612249.29 0.0
1337612249.29 0.0
1337612249.29 0.0
1337612249.29 0.0
1337612249.29 0.0
1337612249.29 0.0
1337612249.29 0.0
1337612249.29 0.0
1337612249.29 0.0
1337612249.29 0.0
1337612249.29 0.0
1337612249.29 0.0
1337612249.3 0.0
1337612249.3 0.0
1337612249.3 0.0
1337612249.3 0.0
1337612249.3 0.0
1337612249.3 0.0
1337612249.3 0.0
1337612249.3 0.0
1337612249.51 0.0
1337612249.51 0.0
1337612249.51 0.0
1337612249.51 0.0
1337612249.52 0.0
1337612249.52 0.0
1337612249.52 0.0
1337612249.52 0.0
1337612249.53 0.0
1337612249.53 0.0
1337612249.53 0.0
1337612249.53 0.0
1337612249.6 0.0
1337612249.6 0.0
1337612249.6 0.0
1337612249.6 0.0
1337612249.6 0.0
1337612249.6 0.0
1337612249.6 0.0
1337612249.6 0.0
1337612249.6 0.0
1337612249.6 0.0
1337612249.61 0.0
1337612249.61 0.0
1337612249.61 0.0
1337612249.61 0.0
1337612249.61 0.0
1337612249.61 0.0
1337612249.61 0.0
1337612249.61 0.0
1337612249.61 0.0
1337612249.61 0.0
1337612249.62 0.0
1337612249.62 0.0
1337612249.62 0.0
1337612249.62 0.0
1337612249.63 0.0
1337612249.63 0.0
1337612249.63 0.0
1337612249.63 0.0
1337612249.63 0.0
1337612249.63 0.0
1337612249.63 0.0
1337612249.63 0.0
1337612249.63 0.0
1337612249.63 0.0
1337612249.63 0.0
1337612249.63 0.0
1337612249.63 0.0
1337612249.63 0.0
1337612249.63 0.0
1337612249.63 0.0
1337612249.69 0.0
1337612249.69 0.0
1337612249.69 0.0
1337612249.69 0.0
1337612249.69 0.0
1337612249.69 0.0
1337612249.69 0.0
1337612249.69 0.0
1337612249.69 0.0
1337612249.69 0.0
1337612249.69 0.0
1337612249.69 0.0
1337612249.69 0.0
1337612249.69 0.0
1337612249.69 0.0
1337612249.69 0.0
1337612249.7 0.0
1337612249.7 0.0
1337612249.7 0.0
1337612249.7 0.0
1337612249.71 0.0
1337612249.71 0.0
1337612249.71 0.0
1337612249.71 0.0
1337612249.71 0.0
1337612249.71 0.0
1337612249.71 0.0
1337612249.72 0.0
1337612249.72 0.0
1337612249.72 0.0
1337612249.72 0.0
1337612249.72 0.0
1337612249.72 0.0
1337612249.72 0.0
1337612249.72 0.0
1337612249.72 0.0
1337612249.73 0.0
1337612249.73 0.0
1337612249.73 0.0
1337612249.73 0.0
1337612249.73 0.0
1337612249.73 0.0
1337612249.74 0.0
1337612249.74 0.0
1337612249.74 0.0
1337612249.74 0.0
1337612249.74 0.0
1337612249.74 0.0
1337612249.81 0.0
1337612249.81 0.0
1337612249.81 0.0
1337612249.81 0.0
1337612249.81 0.0
1337612249.81 0.0
1337612249.81 0.0
1337612249.81 0.0
1337612249.81 0.0
1337612249.81 0.0
1337612249.81 0.0
1337612249.81 0.0
1337612249.82 0.0
1337612249.82 0.0
1337612249.82 0.0
1337612249.82 0.0
1337612249.82 0.0
1337612249.82 0.0
1337612249.82 0.0
1337612249.82 0.0
1337612249.82 0.0
1337612249.82 0.0
1337612249.82 0.0
1337612249.82 0.0
1337612249.82 0.0
1337612249.83 0.0
1337612249.83 0.0
1337612249.83 0.0
1337612249.83 0.0
1337612249.83 0.0
1337612249.83 0.0
1337612249.83 0.0
1337612249.83 0.0
1337612249.83 0.0
1337612249.83 0.0
1337612249.83 0.0
1337612249.84 0.0
1337612249.84 0.0
1337612249.84 0.0
1337612249.84 0.0
1337612249.84 0.0
1337612249.84 0.0
1337612249.84 0.0
1337612249.84 0.0
1337612249.84 0.0
1337612249.84 0.0
1337612249.84 0.0
1337612249.84 0.0
1337612249.84 0.0
1337612249.84 0.0
1337612249.84 0.0
1337612249.84 0.0
1337612249.85 0.0
1337612249.85 0.0
1337612249.85 0.0
1337612249.85 0.0
1337612249.85 0.0
1337612249.85 0.0
1337612249.85 0.0
1337612249.85 0.0
1337612249.85 0.0
1337612249.85 0.0
1337612249.85 0.0
1337612249.85 0.0
1337612249.85 0.0
1337612249.85 0.0
1337612249.85 0.0
1337612249.85 0.0
1337612249.85 0.0
1337612249.85 0.0
1337612249.85 0.0
1337612249.86 0.0
1337612249.86 0.0
1337612249.86 0.0
1337612249.86 0.0
1337612249.86 0.0
1337612249.86 0.0
1337612249.86 0.0
1337612249.86 0.0
1337612249.86 0.0
1337612249.86 0.0
1337612249.86 0.0
1337612249.86 0.0
1337612249.86 0.0
1337612249.87 0.0
1337612249.87 0.0
1337612249.87 0.0
1337612249.87 0.0
1337612249.87 0.0
1337612249.87 0.0
1337612249.87 0.0
1337612249.87 0.0
1337612249.87 0.0
1337612249.87 0.0
1337612249.87 0.0
1337612249.87 0.0
1337612249.91 0.0
1337612249.91 0.0
1337612249.91 0.0
1337612249.91 0.0
1337612249.91 0.0
1337612249.91 0.0
1337612249.92 0.0
1337612249.92 0.0
1337612249.92 0.0
1337612249.92 0.0
1337612249.92 0.0
1337612249.92 0.0
1337612249.92 0.0
1337612249.92 0.0
1337612249.92 0.0
1337612249.92 0.0
1337612249.92 0.0
1337612249.92 0.0
1337612249.92 0.0
1337612249.92 0.0
1337612249.92 0.0
1337612249.92 0.0
1337612249.92 0.0
1337612249.92 0.0
1337612249.92 0.0
1337612249.92 0.0
1337612249.92 0.0
1337612249.92 0.0
1337612249.92 0.0
1337612249.92 0.0
1337612249.92 0.0
1337612249.92 0.0
1337612249.93 0.0
1337612249.93 0.0
1337612249.93 0.0
1337612249.93 0.0
1337612249.93 0.0
1337612249.93 0.0
1337612249.93 0.0
1337612249.93 0.0
1337612249.93 0.0
1337612249.93 0.0
1337612249.93 0.0
1337612249.93 0.0
1337612249.93 0.0
1337612249.93 0.0
1337612249.93 0.0
1337612249.93 0.0
1337612249.94 0.0
1337612249.94 0.0
1337612249.94 0.0
1337612249.94 0.0
1337612249.94 0.0
1337612249.94 0.0
1337612249.95 0.0
1337612249.95 0.0
1337612249.95 0.0
1337612249.95 0.0
1337612249.95 0.0
1337612249.95 0.0
1337612249.95 0.0
1337612249.95 0.0
1337612249.95 0.0
1337612249.95 0.0
1337612249.95 0.0
1337612249.95 0.0
1337612249.95 0.0
1337612249.95 0.0
1337612249.96 0.0
1337612249.96 0.0
1337612249.96 0.0
1337612249.96 0.0
1337612249.96 0.0
1337612249.96 0.0
1337612249.96 0.0
1337612249.96 0.0
1337612249.97 0.0
1337612249.97 0.0
1337612249.97 0.0
1337612249.97 0.0
1337612249.97 0.0
1337612249.97 0.0
1337612249.97 0.0
1337612249.97 0.0
1337612249.98 0.0
1337612249.98 0.0
1337612249.98 0.0
1337612249.98 0.0
1337612250.3 0.0
1337612250.3 0.0
1337612250.3 0.0
1337612250.3 0.0
1337612250.3 0.0
1337612250.3 0.0
1337612250.3 0.0
1337612250.3 0.0
1337612250.3 0.0
1337612250.31 0.0
1337612250.31 0.0
1337612250.31 0.0
1337612250.31 0.0
1337612250.32 0.0
1337612250.32 0.0
1337612250.32 0.0
1337612250.32 0.0
1337612250.32 0.0
1337612250.32 0.0
1337612250.32 0.0
1337612250.32 0.0
1337612250.32 0.0
1337612250.32 0.0
1337612250.32 0.0
1337612250.32 0.0
1337612250.32 0.0
1337612250.32 0.0
1337612250.32 0.0
1337612250.33 0.0
1337612250.33 0.0
1337612250.33 0.0
1337612250.33 0.0
1337612250.33 0.0
1337612250.33 0.0
1337612250.33 0.0
1337612250.33 0.0
1337612250.33 0.0
1337612250.33 0.0
1337612250.33 0.0
1337612250.33 0.0
1337612250.33 0.0
1337612250.33 0.0
1337612250.33 0.0
1337612250.33 0.0
1337612250.34 0.0
1337612250.34 0.0
1337612250.34 0.0
1337612250.34 0.0
1337612250.34 0.0
1337612250.34 0.0
1337612250.34 0.0
1337612250.34 0.0
1337612250.34 0.0
1337612250.34 0.0
1337612250.34 0.0
1337612250.34 0.0
1337612250.35 0.0
1337612250.35 0.0
1337612250.35 0.0
1337612250.35 0.0
1337612250.35 0.0
1337612250.35 0.0
1337612250.35 0.0
1337612250.35 0.0
1337612250.35 0.0
1337612250.35 0.0
1337612250.35 0.0
1337612250.36 0.0
1337612250.36 0.0
1337612250.36 0.0
1337612250.36 0.0
1337612250.36 0.0
1337612250.36 0.0
1337612250.36 0.0
1337612250.37 0.0
1337612250.37 0.0
1337612250.37 0.0
1337612250.37 0.0
1337612250.37 0.0
1337612250.37 0.0
1337612250.4 0.0
1337612250.4 0.0
1337612250.4 0.0
1337612250.4 0.0
1337612250.4 0.0
1337612250.4 0.0
1337612250.4 0.0
1337612250.4 0.0
1337612250.41 0.0
1337612250.41 0.0
1337612250.41 0.0
1337612250.41 0.0
1337612250.41 0.0
1337612250.41 0.0
1337612250.41 0.0
1337612250.41 0.0
1337612250.41 0.0
1337612250.41 0.0
1337612250.41 0.0
1337612250.41 0.0
1337612250.41 0.0
1337612250.41 0.0
1337612250.41 0.0
1337612250.41 0.0
1337612250.41 0.0
1337612250.41 0.0
1337612250.41 0.0
1337612250.41 0.0
1337612250.41 0.0
1337612250.41 0.0
1337612250.41 0.0
1337612250.41 0.0
1337612250.41 0.0
1337612250.41 0.0
1337612250.41 0.0
1337612250.41 0.0
1337612250.41 0.0
1337612250.41 0.0
1337612250.41 0.0
1337612250.41 0.0
1337612250.47 0.0
1337612250.47 0.0
1337612250.47 0.0
1337612250.47 0.0
1337612250.47 0.0
1337612250.47 0.0
1337612250.47 0.0
1337612250.47 0.0
1337612250.47 0.0
1337612250.47 0.0
1337612250.47 0.0
1337612250.47 0.0
1337612250.47 0.0
1337612250.47 0.0
1337612250.47 0.0
1337612250.47 0.0
1337612250.47 0.0
1337612250.47 0.0
1337612250.47 0.0
1337612250.47 0.0
1337612250.47 0.0
1337612250.47 0.0
1337612250.47 0.0
1337612250.47 0.0
1337612250.47 0.0
1337612250.48 0.0
1337612250.48 0.0
1337612250.48 0.0
1337612250.48 0.0
1337612250.48 0.0
1337612250.48 0.0
1337612250.48 0.0
1337612250.48 0.0
1337612250.48 0.0
1337612250.48 0.0
1337612250.48 0.0
1337612250.48 0.0
1337612250.48 0.0
1337612250.48 0.0
1337612250.48 0.0
1337612250.48 0.0
1337612250.48 0.0
1337612250.48 0.0
1337612250.48 0.0
1337612250.48 0.0
1337612250.48 0.0
1337612250.48 0.0
1337612250.48 0.0
1337612250.48 0.0
1337612250.48 0.0
1337612250.48 0.0
1337612250.48 0.0
1337612250.48 0.0
1337612250.48 0.0
1337612250.48 0.0
1337612250.48 0.0
1337612250.53 0.0
1337612250.53 0.0
1337612250.53 0.0
1337612250.53 0.0
1337612250.53 0.0
1337612250.53 0.0
1337612250.53 0.0
1337612250.53 0.0
1337612250.53 0.0
1337612250.53 0.0
1337612250.53 0.0
1337612250.53 0.0
1337612250.53 0.0
1337612250.53 0.0
1337612250.53 0.0
1337612250.53 0.0
1337612250.53 0.0
1337612250.53 0.0
1337612250.53 0.0
1337612250.53 0.0
1337612250.53 0.0
1337612250.53 0.0
1337612250.53 0.0
1337612250.53 0.0
1337612250.53 0.0
1337612250.53 0.0
1337612250.53 0.0
1337612250.53 0.0
1337612250.53 0.0
1337612250.53 0.0
1337612250.53 0.0
1337612250.53 0.0
1337612250.54 0.0
1337612250.54 0.0
1337612250.54 0.0
1337612250.54 0.0
1337612250.64 0.0
1337612250.64 0.0
1337612250.64 0.0
1337612250.64 0.0
1337612250.64 0.0
1337612250.64 0.0
1337612250.64 0.0
1337612250.64 0.0
1337612250.64 0.0
1337612250.64 0.0
1337612250.64 0.0
1337612250.64 0.0
1337612250.65 0.0
1337612250.65 0.0
1337612250.65 0.0
1337612250.65 0.0
1337612250.65 0.0
1337612250.65 0.0
1337612250.65 0.0
1337612250.65 0.0
1337612250.65 0.0
1337612250.65 0.0
1337612250.65 0.0
1337612250.65 0.0
1337612250.65 0.0
1337612250.65 0.0
1337612250.65 0.0
1337612250.65 0.0
1337612250.65 0.0
1337612250.65 0.0
1337612250.65 0.0
1337612250.65 0.0
1337612250.65 0.0
1337612250.65 0.0
1337612250.65 0.0
1337612250.65 0.0
1337612250.65 0.0
1337612250.65 0.0
1337612250.65 0.0
1337612250.65 0.0
1337612250.65 0.0
1337612250.65 0.0
1337612250.65 0.0
1337612250.65 0.0
1337612250.65 0.0
1337612250.66 0.0
1337612250.66 0.0
1337612250.66 0.0
1337612250.66 0.0
1337612250.66 0.0
1337612250.66 0.0
1337612250.66 0.0
1337612250.66 0.0
1337612250.66 0.0
1337612250.66 0.0
1337612250.66 0.0
1337612250.7 -1.0
1337612250.7 -1.0
1337612250.7 -1.0
1337612250.7 -1.0
1337612250.7 -1.0
1337612250.7 -1.0
1337612250.7 -1.0
1337612250.7 -1.0
1337612250.71 -1.0
1337612250.71 -1.0
1337612250.71 -1.0
1337612250.71 -1.0
1337612250.71 -1.0
1337612250.71 -1.0
1337612250.71 -1.0
1337612250.71 -1.0
1337612250.71 -1.0
1337612250.71 -1.0
1337612250.71 -1.0
1337612250.71 -1.0
1337612250.71 -1.0
1337612250.71 -1.0
1337612250.71 -1.0
1337612250.71 -1.0
1337612250.84 -1.0
1337612250.84 -1.0
1337612250.84 -1.0
1337612250.84 -1.0
1337612250.84 -1.0
1337612250.84 -1.0
1337612250.84 -1.0
1337612250.84 -1.0
1337612250.84 -1.0
1337612250.84 -1.0
1337612250.84 -1.0
1337612250.84 -1.0
1337612250.84 -1.0
1337612250.84 -1.0
1337612250.84 -1.0
1337612250.84 -1.0
1337612250.84 -1.0
1337612250.84 -1.0
1337612250.84 -1.0
1337612250.84 -1.0
1337612250.84 -1.0
1337612250.84 -1.0
1337612250.84 -1.0
1337612250.84 -1.0
1337612250.85 -1.0
1337612250.85 -1.0
1337612250.85 -1.0
1337612250.85 -1.0
1337612250.85 -1.0
1337612250.85 -1.0
1337612250.85 -1.0
1337612250.85 -1.0
1337612250.85 -1.0
1337612250.85 -1.0
1337612250.85 -1.0
1337612250.85 -1.0
1337612250.85 -1.0
1337612250.85 -1.0
1337612250.85 -1.0
1337612250.85 -1.0
1337612250.85 -1.0
1337612250.85 -1.0
1337612250.85 -1.0
1337612250.85 -1.0
1337612250.85 -1.0
1337612250.85 -1.0
1337612250.85 -1.0
1337612250.85 -1.0
1337612250.85 -1.0
1337612250.85 -1.0
1337612250.85 -1.0
1337612250.85 -1.0
1337612250.91 -1.0
1337612250.91 -1.0
1337612250.91 -1.0
1337612250.91 -1.0
1337612250.92 -1.0
1337612250.92 -1.0
1337612250.92 -1.0
1337612250.92 -1.0
1337612250.92 -1.0
1337612250.92 -1.0
1337612250.92 -1.0
1337612250.92 -1.0
1337612250.92 -1.0
1337612250.92 -1.0
1337612250.92 -1.0
1337612250.92 -1.0
1337612250.92 -1.0
1337612250.92 -1.0
1337612250.92 -1.0
1337612250.92 -1.0
1337612250.92 -1.0
1337612250.92 -1.0
1337612250.92 -1.0
1337612250.92 -1.0
1337612250.92 -1.0
1337612250.92 -1.0
1337612250.93 -1.0
1337612250.93 -1.0
1337612250.93 -1.0
1337612250.93 -1.0
1337612250.93 -1.0
1337612250.93 -1.0
1337612250.93 -1.0
1337612250.93 -1.0
1337612250.93 -1.0
1337612250.93 -1.0
1337612250.93 -1.0
1337612250.94 -1.0
1337612250.94 -1.0
1337612250.94 -1.0
1337612250.94 -1.0
1337612250.94 -1.0
1337612250.94 -1.0
1337612250.94 -1.0
1337612250.94 -1.0
1337612250.94 -1.0
1337612250.94 -1.0
1337612250.94 -1.0
1337612250.94 -1.0
1337612250.94 -1.0
1337612250.94 -1.0
1337612250.94 -1.0
1337612250.94 -1.0
1337612250.94 -1.0
1337612250.94 -1.0
1337612250.94 -1.0
1337612250.94 -1.0
1337612250.94 -1.0
1337612250.94 -1.0
1337612250.94 -1.0
1337612250.94 -1.0
1337612250.94 -1.0
1337612250.94 -1.0
1337612250.94 -1.0
1337612250.94 -1.0
1337612250.94 -1.0
1337612250.94 -1.0
1337612250.94 -1.0
1337612250.94 -1.0
1337612250.94 -1.0
1337612250.94 -1.0
1337612250.94 -1.0
1337612250.94 -1.0
1337612250.94 -1.0
1337612250.94 -1.0
1337612250.94 -1.0
1337612250.94 -1.0
1337612250.94 -1.0
1337612250.94 -1.0
1337612250.94 -1.0
1337612250.94 -1.0
1337612250.94 -1.0
1337612250.94 -1.0
1337612250.94 -1.0
1337612250.94 -1.0
1337612250.94 -1.0
1337612250.94 -1.0
1337612250.94 -1.0
1337612250.94 -1.0
1337612250.94 -1.0
1337612250.94 -1.0
1337612250.94 -1.0
1337612250.94 -1.0
1337612250.94 -1.0
1337612250.94 -1.0
1337612250.94 -1.0
1337612250.98 -1.0
1337612250.98 -1.0
1337612250.98 -1.0
1337612250.98 -1.0
1337612250.98 -1.0
1337612250.98 -1.0
1337612250.99 -1.0
1337612250.99 -1.0
1337612250.99 -1.0
1337612250.99 -1.0
1337612250.99 -1.0
1337612250.99 -1.0
1337612250.99 -1.0
1337612250.99 -1.0
1337612250.99 -1.0
1337612250.99 -1.0
1337612250.99 -1.0
1337612250.99 -1.0
1337612250.99 -1.0
1337612250.99 -1.0
1337612250.99 -1.0
1337612250.99 -1.0
1337612250.99 -1.0
1337612250.99 -1.0
1337612250.99 -1.0
1337612250.99 -1.0
1337612250.99 -1.0
1337612250.99 -1.0
1337612250.99 -1.0
1337612250.99 -1.0
1337612250.99 -1.0
1337612250.99 -1.0
1337612250.99 -1.0
1337612250.99 -1.0
1337612250.99 -1.0
1337612250.99 -1.0
1337612250.99 -1.0
1337612250.99 -1.0
1337612250.99 -1.0
1337612250.99 -1.0
1337612250.99 -1.0
1337612251.0 -1.0
1337612251.0 -1.0
1337612251.0 -1.0
1337612251.0 -1.0
1337612251.0 -1.0
1337612251.0 -1.0
1337612251.0 -1.0
1337612251.0 -1.0
1337612251.0 -1.0
1337612251.0 -1.0
1337612251.0 -1.0
1337612251.0 -1.0
1337612251.0 -1.0
1337612251.0 -1.0
1337612251.0 -1.0
1337612251.0 -1.0
1337612251.0 -1.0
1337612251.0 -1.0
1337612251.0 -1.0
1337612251.0 -1.0
1337612251.0 -1.0
1337612251.0 -1.0
1337612251.0 -1.0
1337612251.0 -1.0
1337612251.0 -1.0
1337612251.0 -1.0
1337612251.0 -1.0
1337612251.0 -1.0
1337612251.0 -1.0
1337612251.0 -1.0
1337612251.0 -1.0
1337612251.03 -1.0
1337612251.03 -1.0
1337612251.03 -1.0
1337612251.03 -1.0
1337612251.03 -1.0
1337612251.03 -1.0
1337612251.03 -1.0
1337612251.03 -1.0
1337612251.03 -1.0
1337612251.03 -1.0
1337612251.03 -1.0
1337612251.03 -1.0
1337612251.03 -1.0
1337612251.03 -1.0
1337612251.03 -1.0
1337612251.03 -1.0
1337612251.03 -1.0
1337612251.04 -1.0
1337612251.04 -1.0
1337612251.04 -1.0
1337612251.04 -1.0
1337612251.04 -1.0
1337612251.04 -1.0
1337612251.04 -1.0
1337612251.04 -1.0
1337612251.04 -1.0
1337612251.04 -1.0
1337612251.04 -1.0
1337612251.13 -1.0
1337612251.13 -1.0
1337612251.13 -1.0
1337612251.13 -1.0
1337612251.13 -1.0
1337612251.13 -1.0
1337612251.13 -1.0
1337612251.13 -1.0
1337612251.13 -1.0
1337612251.13 -1.0
1337612251.14 -1.0
1337612251.14 -1.0
1337612251.14 -1.0
1337612251.14 -1.0
1337612251.14 -1.0
1337612251.14 -1.0
1337612251.14 -1.0
1337612251.14 -1.0
1337612251.14 -1.0
1337612251.14 -1.0
1337612251.14 -1.0
1337612251.14 -1.0
1337612251.14 -1.0
1337612251.14 -1.0
1337612251.14 -1.0
1337612251.14 -1.0
1337612251.14 -1.0
1337612251.14 -1.0
1337612251.14 -1.0
1337612251.14 -1.0
1337612251.14 -1.0
1337612251.14 -1.0
1337612251.14 -1.0
1337612251.14 -1.0
1337612251.14 -1.0
1337612251.14 -1.0
1337612251.14 -1.0
1337612251.14 -1.0
1337612251.14 -1.0
1337612251.14 -1.0
1337612251.19 0.0
1337612251.19 0.0
1337612251.19 0.0
1337612251.19 0.0
1337612251.26 0.0
1337612251.26 0.0
1337612251.26 0.0
1337612251.26 0.0
1337612251.26 0.0
1337612251.26 0.0
1337612251.26 0.0
1337612251.26 0.0
1337612251.26 0.0
1337612251.26 0.0
1337612251.26 0.0
1337612251.26 0.0
1337612251.26 0.0
1337612251.26 0.0
1337612251.26 0.0
1337612251.26 0.0
1337612251.26 0.0
1337612251.26 0.0
1337612251.26 0.0
1337612251.26 0.0
1337612251.26 0.0
1337612251.26 0.0
1337612251.26 0.0
1337612251.26 0.0
1337612251.27 0.0
1337612251.27 0.0
1337612251.27 0.0
1337612251.27 0.0
1337612251.27 0.0
1337612251.27 0.0
1337612251.27 0.0
1337612251.27 0.0
1337612251.32 0.0
1337612251.32 0.0
1337612251.32 0.0
1337612251.32 0.0
1337612251.32 0.0
1337612251.33 0.0
1337612251.33 0.0
1337612251.33 0.0
1337612251.33 0.0
1337612251.33 0.0
1337612251.33 0.0
1337612251.33 0.0
1337612251.33 0.0
1337612251.33 0.0
1337612251.33 0.0
1337612251.33 0.0
1337612251.33 0.0
1337612251.33 0.0
1337612251.33 0.0
1337612251.33 0.0
1337612251.33 0.0
1337612251.33 0.0
1337612251.33 0.0
1337612251.33 0.0
1337612251.33 0.0
1337612251.33 0.0
1337612251.33 0.0
1337612251.33 0.0
1337612251.39 0.0
1337612251.39 0.0
1337612251.39 0.0
1337612251.39 0.0
1337612251.39 0.0
1337612251.4 0.0
1337612251.4 0.0
1337612251.4 0.0
1337612251.4 0.0
1337612251.4 0.0
1337612251.4 0.0
1337612251.4 0.0
1337612251.4 0.0
1337612251.4 0.0
1337612251.4 0.0
1337612251.4 0.0
1337612251.4 0.0
1337612251.4 0.0
1337612251.4 0.0
1337612251.4 0.0
1337612251.4 0.0
1337612251.4 0.0
1337612251.4 0.0
1337612251.4 0.0
1337612251.4 0.0
1337612251.4 0.0
1337612251.4 0.0
1337612251.4 0.0
1337612251.4 0.0
1337612251.4 0.0
1337612251.4 0.0
1337612251.4 0.0
1337612251.4 0.0
1337612251.41 0.0
1337612251.41 0.0
1337612251.41 0.0
1337612251.41 0.0
1337612251.41 0.0
1337612251.41 0.0
1337612251.41 0.0
1337612251.41 0.0
1337612251.41 0.0
1337612251.41 0.0
1337612251.41 0.0
1337612251.41 0.0
1337612251.41 0.0
1337612251.41 0.0
1337612251.41 0.0
1337612251.52 0.0
1337612251.52 0.0
1337612251.52 0.0
1337612251.52 0.0
1337612251.52 0.0
1337612251.52 0.0
1337612251.52 0.0
1337612251.52 0.0
1337612251.52 0.0
1337612251.52 0.0
1337612251.52 0.0
1337612251.52 0.0
1337612251.52 0.0
1337612251.52 0.0
1337612251.52 0.0
1337612251.52 0.0
1337612251.52 0.0
1337612251.52 0.0
1337612251.52 0.0
1337612251.52 0.0
1337612251.52 0.0
1337612251.52 0.0
1337612251.52 0.0
1337612251.52 0.0
1337612251.52 0.0
1337612251.52 0.0
1337612251.52 0.0
1337612251.52 0.0
1337612251.53 0.0
1337612251.53 0.0
1337612251.53 0.0
1337612251.53 0.0
1337612251.53 0.0
1337612251.53 0.0
1337612251.53 0.0
1337612251.53 0.0
1337612251.53 0.0
1337612251.53 0.0
1337612251.53 0.0
1337612251.53 0.0
1337612251.53 0.0
1337612251.53 0.0
1337612251.53 0.0
1337612251.53 0.0
1337612251.53 0.0
1337612251.53 0.0
1337612251.53 0.0
1337612251.53 0.0
1337612251.53 0.0
1337612251.53 0.0
1337612251.53 0.0
1337612251.53 0.0
1337612251.53 0.0
1337612251.53 0.0
1337612251.53 0.0
1337612251.53 0.0
1337612251.53 0.0
1337612251.53 0.0
1337612251.53 0.0
1337612251.53 0.0
1337612251.53 0.0
1337612251.53 0.0
1337612251.54 0.0
1337612251.54 0.0
1337612251.54 0.0
1337612251.54 0.0
1337612251.54 0.0
1337612251.54 0.0
1337612251.54 0.0
1337612251.54 0.0
1337612251.54 0.0
1337612251.54 0.0
1337612251.54 0.0
1337612251.54 0.0
1337612251.54 0.0
1337612251.54 0.0
1337612251.54 0.0
1337612251.54 0.0
1337612251.54 0.0
1337612251.54 0.0
1337612251.54 0.0
1337612251.54 0.0
1337612251.54 0.0
1337612251.54 0.0
1337612251.54 0.0
1337612251.54 0.0
1337612251.54 0.0
1337612251.54 0.0
1337612251.54 0.0
1337612251.54 0.0
1337612251.54 0.0
1337612251.54 0.0
1337612251.54 0.0
1337612251.54 0.0
1337612251.54 0.0
1337612251.54 0.0
1337612251.54 0.0
1337612251.54 0.0
1337612251.54 0.0
1337612251.54 0.0
1337612251.54 0.0
1337612251.54 0.0
1337612251.54 0.0
1337612251.54 0.0
1337612251.54 0.0
1337612251.54 0.0
1337612251.54 0.0
1337612251.54 0.0
1337612251.54 0.0
1337612251.54 0.0
1337612251.54 0.0
1337612251.54 0.0
1337612251.54 0.0
1337612251.54 0.0
1337612251.54 0.0
1337612251.54 0.0
1337612251.54 0.0
1337612251.55 0.0
1337612251.55 0.0
1337612251.55 0.0
1337612251.55 0.0
1337612251.55 0.0
1337612251.55 0.0
1337612251.55 0.0
1337612251.55 0.0
1337612251.55 0.0
1337612251.55 0.0
1337612251.55 0.0
1337612251.55 0.0
1337612251.55 0.0
1337612251.55 0.0
1337612251.55 0.0
1337612251.65 0.0
1337612251.65 0.0
1337612251.65 0.0
1337612251.65 0.0
1337612251.65 0.0
1337612251.65 0.0
1337612251.65 0.0
1337612251.65 0.0
1337612251.65 0.0
1337612251.65 0.0
1337612251.65 0.0
1337612251.65 0.0
1337612251.65 0.0
1337612251.65 0.0
1337612251.65 0.0
1337612251.65 0.0
1337612251.65 0.0
1337612251.65 0.0
1337612251.65 0.0
1337612251.65 0.0
1337612251.65 0.0
1337612251.65 0.0
1337612251.65 0.0
1337612251.65 0.0
1337612251.65 0.0
1337612251.65 0.0
1337612251.65 0.0
1337612251.65 0.0
1337612251.65 0.0
1337612251.65 0.0
1337612251.65 0.0
1337612251.65 0.0
1337612251.7 0.0
1337612251.7 0.0
1337612251.7 0.0
1337612251.7 0.0
1337612251.7 0.0
1337612251.7 0.0
1337612251.7 0.0
1337612251.7 0.0
1337612251.7 0.0
1337612251.7 0.0
1337612251.7 0.0
1337612251.7 0.0
1337612251.7 0.0
1337612251.7 0.0
1337612251.7 0.0
1337612251.7 0.0
1337612251.7 0.0
1337612251.71 0.0
1337612251.71 0.0
1337612251.71 0.0
1337612251.71 0.0
1337612251.71 0.0
1337612251.71 0.0
1337612251.71 0.0
1337612251.71 0.0
1337612251.71 0.0
1337612251.71 0.0
1337612251.71 0.0
1337612251.71 0.0
1337612251.71 0.0
1337612251.71 0.0
1337612251.71 0.0
1337612251.71 0.0
1337612251.71 0.0
1337612251.71 0.0
1337612251.71 0.0
1337612251.71 0.0
1337612251.71 0.0
1337612251.71 0.0
1337612251.71 0.0
1337612251.71 0.0
1337612251.71 0.0
1337612251.71 0.0
1337612251.71 0.0
1337612251.71 0.0
1337612251.71 0.0
1337612251.71 0.0
1337612251.71 0.0
1337612251.71 0.0
1337612251.71 0.0
1337612251.71 0.0
1337612251.71 0.0
1337612251.71 0.0
1337612251.71 0.0
1337612251.71 0.0
1337612251.71 0.0
1337612251.71 0.0
1337612251.71 0.0
1337612251.71 0.0
1337612251.71 0.0
1337612251.71 0.0
1337612251.71 0.0
1337612251.71 0.0
1337612251.71 0.0
1337612251.71 0.0
1337612251.71 0.0
1337612251.71 0.0
1337612251.71 0.0
1337612251.71 0.0
1337612251.71 0.0
1337612251.71 0.0
1337612251.71 0.0
1337612251.71 0.0
1337612251.71 0.0
1337612251.71 0.0
1337612251.71 0.0
1337612251.82 0.0
1337612251.82 0.0
1337612251.82 0.0
1337612251.82 0.0
1337612251.82 0.0
1337612251.82 0.0
1337612251.82 0.0
1337612251.82 0.0
1337612251.82 0.0
1337612251.82 0.0
1337612251.82 0.0
1337612251.82 0.0
1337612251.82 0.0
1337612251.82 0.0
1337612251.82 0.0
1337612251.82 0.0
1337612251.82 0.0
1337612251.82 0.0
1337612251.82 0.0
1337612251.82 0.0
1337612251.82 0.0
1337612251.82 0.0
1337612251.82 0.0
1337612251.82 0.0
1337612251.82 0.0
1337612251.82 0.0
1337612251.82 0.0
1337612251.83 0.0
1337612251.83 0.0
1337612251.83 0.0
1337612251.83 0.0
1337612251.83 0.0
1337612251.83 0.0
1337612251.83 0.0
1337612251.83 0.0
1337612251.83 0.0
1337612251.83 0.0
1337612251.83 0.0
1337612251.83 0.0
1337612251.83 0.0
1337612251.83 0.0
1337612251.83 0.0
1337612251.83 0.0
1337612251.83 0.0
1337612251.83 0.0
1337612251.83 0.0
1337612251.83 0.0
1337612251.83 0.0
1337612251.83 0.0
1337612251.83 0.0
1337612251.83 0.0
1337612251.83 0.0
1337612251.9 0.0
1337612251.9 0.0
1337612251.9 0.0
1337612251.9 0.0
1337612251.9 0.0
1337612251.9 0.0
1337612251.9 0.0
1337612251.9 0.0
1337612251.9 0.0
1337612251.9 0.0
1337612251.9 0.0
1337612251.9 0.0
1337612251.9 0.0
1337612251.9 0.0
1337612251.9 0.0
1337612251.9 0.0
1337612251.9 0.0
1337612251.9 0.0
1337612251.9 0.0
1337612251.9 0.0
1337612251.9 0.0
1337612251.9 0.0
1337612251.9 0.0
1337612251.9 0.0
1337612251.91 0.0
1337612251.91 0.0
1337612251.91 0.0
1337612251.91 0.0
1337612251.91 0.0
1337612251.91 0.0
1337612251.91 0.0
1337612251.91 0.0
1337612251.91 0.0
1337612251.91 0.0
1337612251.91 0.0
1337612251.91 0.0
1337612251.91 0.0
1337612251.91 0.0
1337612251.91 0.0
1337612251.91 0.0
1337612251.91 0.0
1337612251.91 0.0
1337612251.91 0.0
1337612251.91 0.0
1337612251.95 0.0
1337612251.95 0.0
1337612251.95 0.0
1337612251.95 0.0
1337612251.95 0.0
1337612251.95 0.0
1337612251.96 0.0
1337612251.96 0.0
1337612251.96 0.0
1337612251.96 0.0
1337612251.96 0.0
1337612251.96 0.0
1337612251.96 0.0
1337612251.96 0.0
1337612251.96 0.0
1337612251.96 0.0
1337612251.96 0.0
1337612251.96 0.0
1337612251.96 0.0
1337612251.96 0.0
1337612251.96 0.0
1337612251.96 0.0
1337612251.96 0.0
1337612251.96 0.0
1337612251.96 0.0
1337612251.96 0.0
1337612251.96 0.0
1337612251.96 0.0
1337612251.96 0.0
1337612251.96 0.0
1337612251.96 0.0
1337612251.96 0.0
1337612251.96 0.0
1337612251.96 0.0
1337612251.96 0.0
1337612251.96 0.0
1337612251.96 0.0
1337612251.96 0.0
1337612251.96 0.0
1337612251.96 0.0
1337612251.96 0.0
1337612251.96 0.0
1337612251.96 0.0
1337612251.96 0.0
1337612251.96 0.0
1337612251.96 0.0
1337612251.96 0.0
1337612251.96 0.0
1337612251.96 0.0
1337612251.96 0.0
1337612251.96 0.0
1337612251.96 0.0
1337612251.96 0.0
1337612251.96 0.0
1337612251.96 0.0
1337612251.96 0.0
1337612251.96 0.0
1337612251.96 0.0
1337612251.96 0.0
1337612251.97 0.0
1337612251.97 0.0
1337612251.97 0.0
1337612251.97 0.0
1337612251.97 0.0
1337612251.97 0.0
1337612251.97 0.0
1337612251.97 0.0
1337612251.97 0.0
1337612251.97 0.0
1337612251.97 0.0
1337612251.97 0.0
1337612251.97 0.0
1337612251.97 0.0
1337612251.97 0.0
1337612251.97 0.0
1337612251.97 0.0
1337612251.97 0.0
1337612251.97 0.0
1337612251.97 0.0
1337612251.97 0.0
1337612251.97 0.0
1337612251.97 0.0
1337612251.97 0.0
1337612251.97 0.0
1337612251.97 0.0
1337612251.97 0.0
1337612251.97 0.0
1337612251.97 0.0
1337612251.97 0.0
1337612251.97 0.0
1337612251.97 0.0
1337612251.97 0.0
1337612252.02 0.0
1337612252.02 0.0
1337612252.02 0.0
1337612252.02 0.0
1337612252.02 0.0
1337612252.02 0.0
1337612252.02 0.0
1337612252.02 0.0
1337612252.02 0.0
1337612252.02 0.0
1337612252.02 0.0
1337612252.02 0.0
1337612252.02 0.0
1337612252.02 0.0
1337612252.02 0.0
1337612252.02 0.0
1337612252.02 0.0
1337612252.02 0.0
1337612252.02 0.0
1337612252.02 0.0
1337612252.02 0.0
1337612252.03 0.0
1337612252.03 0.0
1337612252.03 0.0
1337612252.07 0.0
1337612252.07 0.0
1337612252.07 0.0
1337612252.07 0.0
1337612252.07 0.0
1337612252.07 0.0
1337612252.07 0.0
1337612252.07 0.0
1337612252.07 0.0
1337612252.07 0.0
1337612252.07 0.0
1337612252.07 0.0
1337612252.07 0.0
1337612252.07 0.0
1337612252.07 0.0
1337612252.07 0.0
1337612252.07 0.0
1337612252.07 0.0
1337612252.07 0.0
1337612252.07 0.0
1337612252.07 0.0
1337612252.07 0.0
1337612252.07 0.0
1337612252.07 0.0
1337612252.07 0.0
1337612252.07 0.0
1337612252.07 0.0
1337612252.07 0.0
1337612252.08 0.0
1337612252.08 0.0
1337612252.08 0.0
1337612252.08 0.0
1337612252.08 0.0
1337612252.08 0.0
1337612252.08 0.0
1337612252.08 0.0
1337612252.08 0.0
1337612252.08 0.0
1337612252.08 0.0
1337612252.08 0.0
1337612252.08 0.0
1337612252.08 0.0
1337612252.08 0.0
1337612252.08 0.0
1337612252.08 0.0
1337612252.08 0.0
1337612252.08 0.0
1337612252.08 0.0
1337612252.12 0.0
1337612252.13 0.0
1337612252.13 0.0
1337612252.13 0.0
1337612252.13 0.0
1337612252.13 0.0
1337612252.13 0.0
1337612252.13 0.0
1337612252.13 0.0
1337612252.13 0.0
1337612252.13 0.0
1337612252.13 0.0
1337612252.13 0.0
1337612252.13 0.0
1337612252.13 0.0
1337612252.13 0.0
1337612252.13 0.0
1337612252.13 0.0
1337612252.13 0.0
1337612252.13 0.0
1337612252.13 0.0
1337612252.13 0.0
1337612252.13 0.0
1337612252.13 0.0
1337612252.13 0.0
1337612252.13 0.0
1337612252.13 0.0
1337612252.13 0.0
1337612252.13 0.0
1337612252.13 0.0
1337612252.13 0.0
1337612252.13 0.0
1337612252.2 0.0
1337612252.2 0.0
1337612252.2 0.0
1337612252.2 0.0
1337612252.2 0.0
1337612252.2 0.0
1337612252.2 0.0
1337612252.2 0.0
1337612252.2 0.0
1337612252.2 0.0
1337612252.2 0.0
1337612252.2 0.0
1337612252.2 0.0
1337612252.2 0.0
1337612252.2 0.0
1337612252.2 0.0
1337612252.2 0.0
1337612252.2 0.0
1337612252.2 0.0
1337612252.2 0.0
1337612252.2 0.0
1337612252.21 0.0
1337612252.21 0.0
1337612252.21 0.0
1337612252.21 0.0
1337612252.21 0.0
1337612252.21 0.0
1337612252.21 0.0
1337612252.21 0.0
1337612252.21 0.0
1337612252.21 0.0
1337612252.21 0.0
1337612252.21 0.0
1337612252.21 0.0
1337612252.21 0.0
1337612252.21 0.0
1337612252.21 0.0
1337612252.21 0.0
1337612252.21 0.0
1337612252.21 0.0
1337612252.21 0.0
1337612252.21 0.0
1337612252.21 0.0
1337612252.21 0.0
1337612252.27 0.0
1337612252.27 0.0
1337612252.27 0.0
1337612252.27 0.0
1337612252.27 0.0
1337612252.27 0.0
1337612252.27 0.0
1337612252.27 0.0
1337612252.27 0.0
1337612252.27 0.0
1337612252.27 0.0
1337612252.27 0.0
1337612252.27 0.0
1337612252.27 0.0
1337612252.27 0.0
1337612252.27 0.0
1337612252.27 0.0
1337612252.27 0.0
1337612252.27 0.0
1337612252.27 0.0
1337612252.27 0.0
1337612252.27 0.0
1337612252.27 0.0
1337612252.27 0.0
1337612252.27 0.0
1337612252.27 0.0
1337612252.27 0.0
1337612252.27 0.0
1337612252.27 0.0
1337612252.27 0.0
1337612252.27 0.0
1337612252.27 0.0
1337612252.27 0.0
1337612252.27 0.0
1337612252.27 0.0
1337612252.27 0.0
1337612252.27 0.0
1337612252.27 0.0
1337612252.27 0.0
1337612252.27 0.0
1337612252.27 0.0
1337612252.27 0.0
1337612252.27 0.0
1337612252.28 0.0
1337612252.38 0.0
1337612252.38 0.0
1337612252.38 0.0
1337612252.38 0.0
1337612252.38 0.0
1337612252.38 0.0
1337612252.38 0.0
1337612252.38 0.0
1337612252.38 0.0
1337612252.38 0.0
1337612252.38 0.0
1337612252.38 0.0
1337612252.38 0.0
1337612252.38 0.0
1337612252.38 0.0
1337612252.38 0.0
1337612252.38 0.0
1337612252.38 0.0
1337612252.38 0.0
1337612252.38 0.0
1337612252.38 0.0
1337612252.38 0.0
1337612252.38 0.0
1337612252.38 0.0
1337612252.38 0.0
1337612252.38 0.0
1337612252.38 0.0
1337612252.38 0.0
1337612252.38 0.0
1337612252.38 0.0
1337612252.38 0.0
1337612252.38 0.0
1337612252.38 0.0
1337612252.38 0.0
1337612252.38 0.0
1337612252.38 0.0
1337612252.38 0.0
1337612252.38 0.0
1337612252.38 0.0
1337612252.38 0.0
1337612252.38 0.0
1337612252.38 0.0
1337612252.38 0.0
1337612252.38 0.0
1337612252.38 0.0
1337612252.38 0.0
1337612252.38 0.0
1337612252.38 0.0
1337612252.38 0.0
1337612252.38 0.0
1337612252.38 0.0
1337612252.38 0.0
1337612252.38 0.0
1337612252.38 0.0
1337612252.38 0.0
1337612252.38 0.0
1337612252.39 0.0
1337612252.39 0.0
1337612252.39 0.0
1337612252.39 0.0
1337612252.39 0.0
1337612252.39 0.0
1337612252.39 0.0
1337612252.39 0.0
1337612252.48 0.0
1337612252.48 0.0
1337612252.48 0.0
1337612252.48 0.0
1337612252.48 0.0
1337612252.48 0.0
1337612252.48 0.0
1337612252.48 0.0
1337612252.48 0.0
1337612252.48 0.0
1337612252.48 0.0
1337612252.48 0.0
1337612252.48 0.0
1337612252.48 0.0
1337612252.48 0.0
1337612252.48 0.0
1337612252.48 0.0
1337612252.48 0.0
1337612252.48 0.0
1337612252.48 0.0
1337612252.48 0.0
1337612252.48 0.0
1337612252.48 0.0
1337612252.48 0.0
1337612252.49 0.0
1337612252.49 0.0
1337612252.49 0.0
1337612252.49 0.0
1337612252.49 0.0
1337612252.49 0.0
1337612252.49 0.0
1337612252.49 0.0
1337612252.49 0.0
1337612252.49 0.0
1337612252.49 0.0
1337612252.49 0.0
1337612252.49 0.0
1337612252.49 0.0
1337612252.49 0.0
1337612252.49 0.0
1337612252.56 0.0
1337612252.56 0.0
1337612252.56 0.0
1337612252.56 0.0
1337612252.56 0.0
1337612252.56 0.0
1337612252.57 0.0
1337612252.57 0.0
1337612252.57 0.0
1337612252.57 0.0
1337612252.57 0.0
1337612252.57 0.0
1337612252.57 0.0
1337612252.57 0.0
1337612252.57 0.0
1337612252.57 0.0
1337612252.57 0.0
1337612252.57 0.0
1337612252.57 0.0
1337612252.57 0.0
1337612252.57 0.0
1337612252.57 0.0
1337612252.57 0.0
1337612252.57 0.0
1337612252.57 0.0
1337612252.57 0.0
1337612252.57 0.0
1337612252.57 0.0
1337612252.57 0.0
1337612252.57 0.0
1337612252.57 0.0
1337612252.57 0.0
1337612252.68 0.0
1337612252.68 0.0
1337612252.68 0.0
1337612252.69 0.0
1337612252.69 0.0
1337612252.69 0.0
1337612252.69 0.0
1337612252.69 0.0
1337612252.69 0.0
1337612252.69 0.0
1337612252.69 0.0
1337612252.69 0.0
1337612252.69 0.0
1337612252.69 0.0
1337612252.69 0.0
1337612252.69 0.0
1337612252.69 0.0
1337612252.69 0.0
1337612252.69 0.0
1337612252.69 0.0
1337612252.69 0.0
1337612252.69 0.0
1337612252.69 0.0
1337612252.69 0.0
1337612252.69 0.0
1337612252.69 0.0
1337612252.69 0.0
1337612252.69 0.0
1337612252.69 0.0
1337612252.69 0.0
1337612252.69 0.0
1337612252.69 0.0
1337612252.69 0.0
1337612252.69 0.0
1337612252.69 0.0
1337612252.69 0.0
1337612252.7 0.0
1337612252.7 0.0
1337612252.7 0.0
1337612252.7 0.0
1337612252.7 0.0
1337612252.7 0.0
1337612252.7 0.0
1337612252.7 0.0
1337612252.7 0.0
1337612252.7 0.0
1337612252.7 0.0
1337612252.7 0.0
1337612252.7 0.0
1337612252.7 0.0
1337612252.7 0.0
1337612252.7 0.0
1337612252.7 0.0
1337612252.7 0.0
1337612252.7 0.0
1337612252.7 0.0
1337612252.7 0.0
1337612252.7 0.0
1337612252.7 0.0
1337612252.7 0.0
1337612252.75 0.0
1337612252.75 0.0
1337612252.75 0.0
1337612252.75 0.0
1337612252.75 0.0
1337612252.75 0.0
1337612252.75 0.0
1337612252.75 0.0
1337612252.75 0.0
1337612252.75 0.0
1337612252.75 0.0
1337612252.75 0.0
1337612252.76 0.0
1337612252.76 0.0
1337612252.76 0.0
1337612252.76 0.0
1337612252.76 0.0
1337612252.76 0.0
1337612252.76 0.0
1337612252.76 0.0
1337612252.76 0.0
1337612252.76 0.0
1337612252.76 0.0
1337612252.76 0.0
1337612252.76 0.0
1337612252.76 0.0
1337612252.76 0.0
1337612252.76 0.0
1337612252.76 0.0
1337612252.76 0.0
1337612252.76 0.0
1337612252.76 0.0
1337612252.76 0.0
1337612252.76 0.0
1337612252.76 0.0
1337612252.76 0.0
1337612252.76 0.0
1337612252.76 0.0
1337612252.76 0.0
1337612252.76 0.0
1337612252.81 0.0
1337612252.81 0.0
1337612252.82 0.0
1337612252.82 0.0
1337612252.82 0.0
1337612252.82 0.0
1337612252.82 0.0
1337612252.82 0.0
1337612252.82 0.0
1337612252.82 0.0
1337612252.82 0.0
1337612252.82 0.0
1337612252.82 0.0
1337612252.82 0.0
1337612252.82 0.0
1337612252.82 0.0
1337612252.82 0.0
1337612252.82 0.0
1337612252.82 0.0
1337612252.82 0.0
1337612252.82 0.0
1337612252.82 0.0
1337612252.82 0.0
1337612252.82 0.0
1337612252.83 0.0
1337612252.83 0.0
1337612252.83 0.0
1337612252.83 0.0
1337612252.83 0.0
1337612252.83 0.0
1337612252.83 0.0
1337612252.83 0.0
1337612252.96 0.0
1337612252.96 0.0
1337612252.96 0.0
1337612252.96 0.0
1337612252.96 0.0
1337612252.96 0.0
1337612252.96 0.0
1337612252.96 0.0
1337612252.96 0.0
1337612252.96 0.0
1337612252.96 0.0
1337612252.96 0.0
1337612252.96 0.0
1337612252.96 0.0
1337612252.96 0.0
1337612252.96 0.0
1337612252.96 0.0
1337612252.96 0.0
1337612252.96 0.0
1337612252.96 0.0
1337612252.97 0.0
1337612252.97 0.0
1337612252.97 0.0
1337612252.97 0.0
1337612252.97 0.0
1337612252.97 0.0
1337612252.97 0.0
1337612252.97 0.0
1337612252.97 0.0
1337612252.97 0.0
1337612252.97 0.0
1337612252.97 0.0
1337612252.97 0.0
1337612252.97 0.0
1337612252.97 0.0
1337612252.97 0.0
1337612252.97 0.0
1337612252.97 0.0
1337612252.97 0.0
1337612252.97 0.0
1337612252.97 0.0
1337612252.97 0.0
1337612252.97 0.0
1337612252.97 0.0
1337612252.97 0.0
1337612252.97 0.0
1337612252.97 0.0
1337612252.97 0.0
1337612252.97 0.0
1337612252.97 0.0
1337612252.97 0.0
1337612252.97 0.0
1337612252.97 0.0
1337612252.97 0.0
1337612252.97 0.0
1337612252.97 0.0
1337612252.98 0.0
1337612252.98 0.0
1337612252.98 0.0
1337612252.98 0.0
1337612252.98 0.0
1337612252.98 0.0
1337612252.98 0.0
1337612252.98 0.0
1337612252.98 0.0
1337612252.98 0.0
1337612252.98 0.0
1337612252.98 0.0
1337612252.98 0.0
1337612252.99 0.0
1337612252.99 0.0
1337612252.99 0.0
1337612252.99 0.0
1337612252.99 0.0
1337612252.99 0.0
1337612252.99 0.0
1337612253.04 0.0
1337612253.04 0.0
1337612253.04 0.0
1337612253.04 0.0
1337612253.04 0.0
1337612253.04 0.0
1337612253.04 0.0
1337612253.05 0.0
1337612253.05 0.0
1337612253.05 0.0
1337612253.05 0.0
1337612253.05 0.0
1337612253.05 0.0
1337612253.05 0.0
1337612253.05 0.0
1337612253.05 0.0
1337612253.05 0.0
1337612253.05 0.0
1337612253.05 0.0
1337612253.05 0.0
1337612253.05 0.0
1337612253.05 0.0
1337612253.05 0.0
1337612253.05 0.0
1337612253.05 0.0
1337612253.05 0.0
1337612253.05 0.0
1337612253.05 0.0
1337612253.05 0.0
1337612253.05 0.0
1337612253.05 0.0
1337612253.05 0.0
1337612253.05 0.0
1337612253.05 0.0
1337612253.05 0.0
1337612253.05 0.0
1337612253.05 0.0
1337612253.05 0.0
1337612253.05 0.0
1337612253.05 0.0
1337612253.05 0.0
1337612253.06 0.0
1337612253.06 0.0
1337612253.06 0.0
1337612253.06 0.0
1337612253.06 0.0
1337612253.06 0.0
1337612253.06 0.0
1337612253.06 0.0
1337612253.06 0.0
1337612253.06 0.0
1337612253.06 0.0
1337612253.13 0.0
1337612253.13 0.0
1337612253.13 0.0
1337612253.13 0.0
1337612253.13 0.0
1337612253.14 0.0
1337612253.14 0.0
1337612253.14 0.0
1337612253.14 0.0
1337612253.14 0.0
1337612253.14 0.0
1337612253.14 0.0
1337612253.14 0.0
1337612253.14 0.0
1337612253.14 0.0
1337612253.14 0.0
1337612253.14 0.0
1337612253.14 0.0
1337612253.14 0.0
1337612253.14 0.0
1337612253.14 0.0
1337612253.14 0.0
1337612253.14 0.0
1337612253.15 0.0
1337612253.15 0.0
1337612253.15 0.0
1337612253.15 0.0
1337612253.15 0.0
1337612253.21 0.0
1337612253.21 0.0
1337612253.21 0.0
1337612253.21 0.0
1337612253.21 0.0
1337612253.21 0.0
1337612253.21 0.0
1337612253.21 0.0
1337612253.21 0.0
1337612253.21 0.0
1337612253.21 0.0
1337612253.21 0.0
1337612253.21 0.0
1337612253.21 0.0
1337612253.21 0.0
1337612253.21 0.0
1337612253.21 0.0
1337612253.22 0.0
1337612253.22 0.0
1337612253.22 0.0
1337612253.22 0.0
1337612253.22 0.0
1337612253.22 0.0
1337612253.22 0.0
1337612253.22 0.0
1337612253.22 0.0
1337612253.22 0.0
1337612253.22 0.0
1337612253.22 0.0
1337612253.22 0.0
1337612253.22 0.0
1337612253.22 0.0
1337612253.22 0.0
1337612253.22 0.0
1337612253.22 0.0
1337612253.22 0.0
1337612253.22 0.0
1337612253.22 0.0
1337612253.22 0.0
1337612253.22 0.0
1337612253.32 0.0
1337612253.32 0.0
1337612253.32 0.0
1337612253.32 0.0
1337612253.32 0.0
1337612253.32 0.0
1337612253.32 0.0
1337612253.32 0.0
1337612253.32 0.0
1337612253.32 0.0
1337612253.32 0.0
1337612253.32 0.0
1337612253.32 0.0
1337612253.32 0.0
1337612253.32 0.0
1337612253.32 0.0
1337612253.32 0.0
1337612253.32 0.0
1337612253.32 0.0
1337612253.32 0.0
1337612253.32 0.0
1337612253.32 0.0
1337612253.32 0.0
1337612253.32 0.0
1337612253.32 0.0
1337612253.32 0.0
1337612253.32 0.0
1337612253.32 0.0
1337612253.33 0.0
1337612253.33 0.0
1337612253.33 0.0
1337612253.33 0.0
1337612253.33 0.0
1337612253.33 0.0
1337612253.33 0.0
1337612253.33 0.0
1337612253.33 0.0
1337612253.33 0.0
1337612253.33 0.0
1337612253.33 0.0
1337612253.33 0.0
1337612253.33 0.0
1337612253.33 0.0
1337612253.33 0.0
1337612253.33 0.0
1337612253.33 0.0
1337612253.33 0.0
1337612253.33 0.0
1337612253.33 0.0
1337612253.33 0.0
1337612253.33 0.0
1337612253.33 0.0
1337612253.46 0.0
1337612253.46 0.0
1337612253.46 0.0
1337612253.46 0.0
1337612253.46 0.0
1337612253.46 0.0
1337612253.46 0.0
1337612253.46 0.0
1337612253.46 0.0
1337612253.46 0.0
1337612253.46 0.0
1337612253.46 0.0
1337612253.46 0.0
1337612253.46 0.0
1337612253.46 0.0
1337612253.46 0.0
1337612253.46 0.0
1337612253.46 0.0
1337612253.46 0.0
1337612253.46 0.0
1337612253.46 0.0
1337612253.46 0.0
1337612253.46 0.0
1337612253.46 0.0
1337612253.46 0.0
1337612253.46 0.0
1337612253.46 0.0
1337612253.46 0.0
1337612253.46 0.0
1337612253.47 0.0
1337612253.47 0.0
1337612253.47 0.0
1337612253.47 0.0
1337612253.47 0.0
1337612253.47 0.0
1337612253.47 0.0
1337612253.47 0.0
1337612253.47 0.0
1337612253.47 0.0
1337612253.47 0.0
1337612253.47 0.0
1337612253.47 0.0
1337612253.47 0.0
1337612253.47 0.0
1337612253.53 0.0
1337612253.53 0.0
1337612253.53 0.0
1337612253.53 0.0
1337612253.53 0.0
1337612253.53 0.0
1337612253.53 0.0
1337612253.53 0.0
1337612253.54 0.0
1337612253.54 0.0
1337612253.54 0.0
1337612253.54 0.0
1337612253.54 0.0
1337612253.54 0.0
1337612253.54 0.0
1337612253.54 0.0
1337612253.54 0.0
1337612253.54 0.0
1337612253.54 0.0
1337612253.54 0.0
1337612253.54 0.0
1337612253.54 0.0
1337612253.54 0.0
1337612253.54 0.0
1337612253.54 0.0
1337612253.54 0.0
1337612253.54 0.0
1337612253.54 0.0
1337612253.54 0.0
1337612253.54 0.0
1337612253.54 0.0
1337612253.54 0.0
1337612253.54 0.0
1337612253.54 0.0
1337612253.54 0.0
1337612253.54 0.0
1337612253.54 0.0
1337612253.54 0.0
1337612253.54 0.0
1337612253.54 0.0
1337612253.55 0.0
1337612253.55 0.0
1337612253.55 0.0
1337612253.55 0.0
1337612253.55 0.0
1337612253.55 0.0
1337612253.55 0.0
1337612253.55 0.0
1337612253.55 0.0
1337612253.55 0.0
1337612253.55 0.0
1337612253.55 0.0
1337612253.55 0.0
1337612253.55 0.0
1337612253.55 0.0
1337612253.55 0.0
1337612253.55 0.0
1337612253.55 0.0
1337612253.55 0.0
1337612253.55 0.0
1337612253.55 0.0
1337612253.55 0.0
1337612253.55 0.0
1337612253.55 0.0
1337612253.55 0.0
1337612253.55 0.0
1337612253.55 0.0
1337612253.55 0.0
1337612253.61 0.0
1337612253.61 0.0
1337612253.61 0.0
1337612253.61 0.0
1337612253.61 0.0
1337612253.61 0.0
1337612253.61 0.0
1337612253.61 0.0
1337612253.61 0.0
1337612253.61 0.0
1337612253.61 0.0
1337612253.61 0.0
1337612253.61 0.0
1337612253.61 0.0
1337612253.61 0.0
1337612253.61 0.0
1337612253.61 0.0
1337612253.61 0.0
1337612253.61 0.0
1337612253.61 0.0
1337612253.61 0.0
1337612253.61 0.0
1337612253.61 0.0
1337612253.61 0.0
1337612253.61 0.0
1337612253.61 0.0
1337612253.61 0.0
1337612253.61 0.0
1337612253.77 0.0
1337612253.77 0.0
1337612253.77 0.0
1337612253.77 0.0
1337612253.77 0.0
1337612253.77 0.0
1337612253.77 0.0
1337612253.78 0.0
1337612253.78 0.0
1337612253.78 0.0
1337612253.78 0.0
1337612253.78 0.0
1337612253.78 0.0
1337612253.78 0.0
1337612253.78 0.0
1337612253.78 0.0
1337612253.78 0.0
1337612253.78 0.0
1337612253.78 0.0
1337612253.78 0.0
1337612253.78 0.0
1337612253.78 0.0
1337612253.78 0.0
1337612253.78 0.0
1337612253.78 0.0
1337612253.78 0.0
1337612253.78 0.0
1337612253.78 0.0
1337612253.78 0.0
1337612253.78 0.0
1337612253.78 0.0
1337612253.78 0.0
1337612253.88 0.0
1337612253.88 0.0
1337612253.88 0.0
1337612253.88 0.0
1337612253.89 0.0
1337612253.89 0.0
1337612253.89 0.0
1337612253.89 0.0
1337612253.89 0.0
1337612253.89 0.0
1337612253.89 0.0
1337612253.89 0.0
1337612253.89 0.0
1337612253.89 0.0
1337612253.89 0.0
1337612253.89 0.0
1337612253.89 0.0
1337612253.89 0.0
1337612253.89 0.0
1337612253.89 0.0
1337612253.89 0.0
1337612253.89 0.0
1337612253.89 0.0
1337612253.89 0.0
1337612253.89 0.0
1337612253.89 0.0
1337612253.89 0.0
1337612253.89 0.0
1337612253.89 0.0
1337612253.89 0.0
1337612253.89 0.0
1337612253.89 0.0
1337612253.89 0.0
1337612253.89 0.0
1337612253.89 0.0
1337612253.89 0.0
1337612253.89 0.0
1337612253.89 0.0
1337612253.89 0.0
1337612253.89 0.0
1337612253.89 0.0
1337612253.89 0.0
1337612253.89 0.0
1337612253.89 0.0
1337612253.89 0.0
1337612253.89 0.0
1337612253.89 0.0
1337612253.89 0.0
1337612253.89 0.0
1337612253.89 0.0
1337612253.89 0.0
1337612253.89 0.0
1337612253.89 0.0
1337612253.89 0.0
1337612253.89 0.0
1337612253.89 0.0
1337612253.95 0.0
1337612253.95 0.0
1337612253.95 0.0
1337612253.95 0.0
1337612253.95 0.0
1337612253.95 0.0
1337612253.95 0.0
1337612253.95 0.0
1337612253.95 0.0
1337612253.95 0.0
1337612253.95 0.0
1337612253.95 0.0
1337612253.95 0.0
1337612253.95 0.0
1337612253.95 0.0
1337612253.95 0.0
1337612253.95 0.0
1337612253.95 0.0
1337612253.95 0.0
1337612253.95 0.0
1337612253.96 0.0
1337612253.96 0.0
1337612253.96 0.0
1337612253.96 0.0
1337612253.96 0.0
1337612253.96 0.0
1337612253.96 0.0
1337612253.96 0.0
1337612253.96 0.0
1337612253.96 0.0
1337612253.96 0.0
1337612253.96 0.0
1337612253.96 0.0
1337612253.96 0.0
1337612253.96 0.0
1337612253.96 0.0
1337612253.96 0.0
1337612253.96 0.0
1337612253.96 0.0
1337612253.96 0.0
1337612253.96 0.0
1337612253.96 0.0
1337612253.96 0.0
1337612253.96 0.0
1337612253.96 0.0
1337612253.96 0.0
1337612253.96 0.0
1337612253.96 0.0
1337612253.96 0.0
1337612253.96 0.0
1337612253.96 0.0
1337612253.96 0.0
1337612253.96 0.0
1337612253.97 0.0
1337612253.97 0.0
1337612253.97 0.0
1337612253.97 0.0
1337612253.97 0.0
1337612253.97 0.0
1337612253.97 0.0
1337612253.97 0.0
1337612253.97 0.0
1337612253.97 0.0
1337612253.97 0.0
1337612253.97 0.0
1337612253.97 0.0
1337612253.97 0.0
1337612253.97 0.0
1337612253.97 0.0
1337612253.97 0.0
1337612253.97 0.0
1337612253.97 0.0
1337612253.97 0.0
1337612253.97 0.0
1337612253.97 0.0
1337612253.97 0.0
1337612253.97 0.0
1337612253.97 0.0
1337612253.97 0.0
1337612253.97 0.0
1337612254.04 0.0
1337612254.04 0.0
1337612254.04 0.0
1337612254.04 0.0
1337612254.04 0.0
1337612254.04 0.0
1337612254.04 0.0
1337612254.04 0.0
1337612254.04 0.0
1337612254.04 0.0
1337612254.04 0.0
1337612254.05 0.0
1337612254.05 0.0
1337612254.05 0.0
1337612254.05 0.0
1337612254.05 0.0
1337612254.05 0.0
1337612254.05 0.0
1337612254.05 0.0
1337612254.05 0.0
1337612254.05 0.0
1337612254.05 0.0
1337612254.05 0.0
1337612254.05 0.0
1337612254.05 0.0
1337612254.05 0.0
1337612254.05 0.0
1337612254.05 0.0
1337612254.05 0.0
1337612254.05 0.0
1337612254.05 0.0
1337612254.05 0.0
1337612254.05 0.0
1337612254.05 0.0
1337612254.06 0.0
1337612254.06 0.0
1337612254.12 0.0
1337612254.12 0.0
1337612254.12 0.0
1337612254.12 0.0
1337612254.12 0.0
1337612254.12 0.0
1337612254.12 0.0
1337612254.12 0.0
1337612254.12 0.0
1337612254.13 0.0
1337612254.13 0.0
1337612254.13 0.0
1337612254.13 0.0
1337612254.13 0.0
1337612254.13 0.0
1337612254.13 0.0
1337612254.13 0.0
1337612254.13 0.0
1337612254.13 0.0
1337612254.13 0.0
1337612254.13 0.0
1337612254.13 0.0
1337612254.13 0.0
1337612254.13 0.0
1337612254.13 0.0
1337612254.13 0.0
1337612254.13 0.0
1337612254.13 0.0
1337612254.13 0.0
1337612254.14 0.0
1337612254.14 0.0
1337612254.14 0.0
1337612254.14 0.0
1337612254.14 0.0
1337612254.14 0.0
1337612254.14 0.0
1337612254.17 0.0
1337612254.17 0.0
1337612254.17 0.0
1337612254.17 0.0
1337612254.17 0.0
1337612254.17 0.0
1337612254.17 0.0
1337612254.17 0.0
1337612254.17 0.0
1337612254.18 0.0
1337612254.18 0.0
1337612254.18 0.0
1337612254.18 0.0
1337612254.18 0.0
1337612254.18 0.0
1337612254.18 0.0
1337612254.18 0.0
1337612254.18 0.0
1337612254.18 0.0
1337612254.18 0.0
1337612254.18 0.0
1337612254.18 0.0
1337612254.18 0.0
1337612254.18 0.0
1337612254.18 0.0
1337612254.18 0.0
1337612254.18 0.0
1337612254.18 0.0
1337612254.3 0.0
1337612254.3 0.0
1337612254.3 0.0
1337612254.31 0.0
1337612254.31 0.0
1337612254.31 0.0
1337612254.31 0.0
1337612254.31 0.0
1337612254.31 0.0
1337612254.31 0.0
1337612254.31 0.0
1337612254.31 0.0
1337612254.31 0.0
1337612254.31 0.0
1337612254.31 0.0
1337612254.31 0.0
1337612254.31 0.0
1337612254.31 0.0
1337612254.31 0.0
1337612254.31 0.0
1337612254.31 0.0
1337612254.31 0.0
1337612254.31 0.0
1337612254.31 0.0
1337612254.31 0.0
1337612254.31 0.0
1337612254.31 0.0
1337612254.31 0.0
1337612254.31 0.0
1337612254.31 0.0
1337612254.31 0.0
1337612254.31 0.0
1337612254.31 0.0
1337612254.31 0.0
1337612254.31 0.0
1337612254.31 0.0
1337612254.31 0.0
1337612254.31 0.0
1337612254.31 0.0
1337612254.31 0.0
1337612254.42 0.0
1337612254.42 0.0
1337612254.42 0.0
1337612254.42 0.0
1337612254.42 0.0
1337612254.42 0.0
1337612254.42 0.0
1337612254.42 0.0
1337612254.42 0.0
1337612254.43 0.0
1337612254.43 0.0
1337612254.43 0.0
1337612254.43 0.0
1337612254.43 0.0
1337612254.43 0.0
1337612254.43 0.0
1337612254.43 0.0
1337612254.43 0.0
1337612254.43 0.0
1337612254.43 0.0
1337612254.43 0.0
1337612254.43 0.0
1337612254.43 0.0
1337612254.43 0.0
1337612254.43 0.0
1337612254.43 0.0
1337612254.43 0.0
1337612254.43 0.0
1337612254.43 0.0
1337612254.43 0.0
1337612254.43 0.0
1337612254.44 0.0
1337612254.44 0.0
1337612254.44 0.0
1337612254.44 0.0
1337612254.44 0.0
1337612254.44 0.0
1337612254.44 0.0
1337612254.44 0.0
1337612254.44 0.0
1337612254.44 0.0
1337612254.44 0.0
1337612254.44 0.0
1337612254.44 0.0
1337612254.44 0.0
1337612254.44 0.0
1337612254.44 0.0
1337612254.44 0.0
1337612254.44 0.0
1337612254.44 0.0
1337612254.44 0.0
1337612254.44 0.0
1337612254.44 0.0
1337612254.44 0.0
1337612254.44 0.0
1337612254.44 0.0
1337612254.44 0.0
1337612254.44 0.0
1337612254.44 0.0
1337612254.44 0.0
1337612254.44 0.0
1337612254.44 0.0
1337612254.44 0.0
1337612254.44 0.0
1337612254.44 0.0
1337612254.44 0.0
1337612254.44 0.0
1337612254.44 0.0
1337612254.44 0.0
1337612254.44 0.0
1337612254.44 0.0
1337612254.44 0.0
1337612254.44 0.0
1337612254.44 0.0
1337612254.44 0.0
1337612254.44 0.0
1337612254.44 0.0
1337612254.44 0.0
1337612254.44 0.0
1337612254.44 0.0
1337612254.44 0.0
1337612254.44 0.0
1337612254.44 0.0
1337612254.44 0.0
1337612254.44 0.0
1337612254.44 0.0
1337612254.44 0.0
1337612254.44 0.0
1337612254.44 0.0
1337612254.44 0.0
1337612254.44 0.0
1337612254.44 0.0
1337612254.44 0.0
1337612254.45 0.0
1337612254.45 0.0
1337612254.45 0.0
1337612254.45 0.0
1337612254.45 0.0
1337612254.45 0.0
1337612254.45 0.0
1337612254.45 0.0
1337612254.45 0.0
1337612254.45 0.0
1337612254.45 0.0
1337612254.54 0.0
1337612254.54 0.0
1337612254.54 0.0
1337612254.54 0.0
1337612254.54 0.0
1337612254.54 0.0
1337612254.54 0.0
1337612254.54 0.0
1337612254.54 0.0
1337612254.54 0.0
1337612254.54 0.0
1337612254.54 0.0
1337612254.54 0.0
1337612254.54 0.0
1337612254.54 0.0
1337612254.54 0.0
1337612254.54 0.0
1337612254.54 0.0
1337612254.54 0.0
1337612254.54 0.0
1337612254.54 0.0
1337612254.54 0.0
1337612254.54 0.0
1337612254.54 0.0
1337612254.6 0.0
1337612254.6 0.0
1337612254.6 0.0
1337612254.6 0.0
1337612254.6 0.0
1337612254.6 0.0
1337612254.6 0.0
1337612254.6 0.0
1337612254.7 0.0
1337612254.7 0.0
1337612254.7 0.0
1337612254.7 0.0
1337612254.7 0.0
1337612254.7 0.0
1337612254.7 0.0
1337612254.7 0.0
1337612254.7 0.0
1337612254.7 0.0
1337612254.7 0.0
1337612254.7 0.0
1337612254.7 0.0
1337612254.7 0.0
1337612254.7 0.0
1337612254.7 0.0
1337612254.71 0.0
1337612254.71 0.0
1337612254.71 0.0
1337612254.71 0.0
1337612254.71 0.0
1337612254.71 0.0
1337612254.71 0.0
1337612254.71 0.0
1337612254.71 0.0
1337612254.71 0.0
1337612254.71 0.0
1337612254.71 0.0
1337612254.71 0.0
1337612254.71 0.0
1337612254.71 0.0
1337612254.71 0.0
1337612254.71 0.0
1337612254.71 0.0
1337612254.71 0.0
1337612254.71 0.0
1337612254.77 0.0
1337612254.77 0.0
1337612254.77 0.0
1337612254.77 0.0
1337612254.77 0.0
1337612254.77 0.0
1337612254.77 0.0
1337612254.77 0.0
1337612254.77 0.0
1337612254.77 0.0
1337612254.77 0.0
1337612254.77 0.0
1337612254.77 0.0
1337612254.77 0.0
1337612254.77 0.0
1337612254.77 0.0
1337612254.77 0.0
1337612254.77 0.0
1337612254.77 0.0
1337612254.77 0.0
1337612254.77 0.0
1337612254.77 0.0
1337612254.77 0.0
1337612254.77 0.0
1337612254.77 0.0
1337612254.78 0.0
1337612254.78 0.0
1337612254.78 0.0
1337612254.78 0.0
1337612254.78 0.0
1337612254.78 0.0
1337612254.78 0.0
1337612254.78 0.0
1337612254.78 0.0
1337612254.78 0.0
1337612254.78 0.0
1337612254.86 0.0
1337612254.86 0.0
1337612254.86 0.0
1337612254.86 0.0
1337612254.86 0.0
1337612254.86 0.0
1337612254.86 0.0
1337612254.86 0.0
1337612254.86 0.0
1337612254.86 0.0
1337612254.86 0.0
1337612254.86 0.0
1337612254.86 0.0
1337612254.86 0.0
1337612254.86 0.0
1337612254.86 0.0
1337612254.86 0.0
1337612254.86 0.0
1337612254.87 0.0
1337612254.87 0.0
1337612254.87 0.0
1337612254.87 0.0
1337612254.87 0.0
1337612254.87 0.0
1337612254.87 0.0
1337612254.87 0.0
1337612254.87 0.0
1337612254.87 0.0
1337612254.87 0.0
1337612254.87 0.0
1337612254.87 0.0
1337612254.87 0.0
1337612254.87 0.0
1337612254.87 0.0
1337612254.87 0.0
1337612254.87 0.0
1337612254.87 0.0
1337612254.87 0.0
1337612254.87 0.0
1337612254.87 0.0
1337612254.92 0.0
1337612254.92 0.0
1337612254.92 0.0
1337612254.92 0.0
1337612254.92 0.0
1337612254.92 0.0
1337612254.92 0.0
1337612254.92 0.0
1337612254.92 0.0
1337612254.92 0.0
1337612254.92 0.0
1337612254.92 0.0
1337612254.92 0.0
1337612254.92 0.0
1337612254.92 0.0
1337612254.92 0.0
1337612254.92 0.0
1337612254.92 0.0
1337612254.92 0.0
1337612254.92 0.0
1337612254.92 0.0
1337612254.92 0.0
1337612254.92 0.0
1337612254.92 0.0
1337612254.93 0.0
1337612254.93 0.0
1337612254.93 0.0
1337612254.93 0.0
1337612254.93 0.0
1337612254.93 0.0
1337612254.93 0.0
1337612254.93 0.0
1337612254.93 0.0
1337612254.93 0.0
1337612254.93 0.0
1337612254.93 0.0
1337612255.0 0.0
1337612255.0 0.0
1337612255.0 0.0
1337612255.0 0.0
1337612255.0 0.0
1337612255.0 0.0
1337612255.0 0.0
1337612255.0 0.0
1337612255.0 0.0
1337612255.0 0.0
1337612255.0 0.0
1337612255.0 0.0
1337612255.01 0.0
1337612255.01 0.0
1337612255.01 0.0
1337612255.01 0.0
1337612255.01 0.0
1337612255.01 0.0
1337612255.01 0.0
1337612255.01 0.0
1337612255.01 0.0
1337612255.01 0.0
1337612255.01 0.0
1337612255.01 0.0
1337612255.01 0.0
1337612255.02 0.0
1337612255.02 0.0
1337612255.02 0.0
1337612255.02 0.0
1337612255.02 0.0
1337612255.02 0.0
1337612255.02 0.0
1337612255.02 0.0
1337612255.02 0.0
1337612255.02 0.0
1337612255.02 0.0
1337612255.14 0.0
1337612255.14 0.0
1337612255.14 0.0
1337612255.14 0.0
1337612255.14 0.0
1337612255.14 0.0
1337612255.14 0.0
1337612255.14 0.0
1337612255.14 0.0
1337612255.14 0.0
1337612255.14 0.0
1337612255.14 0.0
1337612255.14 0.0
1337612255.14 0.0
1337612255.14 0.0
1337612255.14 0.0
1337612255.14 0.0
1337612255.14 0.0
1337612255.14 0.0
1337612255.14 0.0
1337612255.14 0.0
1337612255.14 0.0
1337612255.14 0.0
1337612255.14 0.0
1337612255.14 0.0
1337612255.15 0.0
1337612255.15 0.0
1337612255.15 0.0
1337612255.15 0.0
1337612255.15 0.0
1337612255.15 0.0
1337612255.15 0.0
1337612255.15 0.0
1337612255.15 0.0
1337612255.15 0.0
1337612255.15 0.0
1337612255.15 0.0
1337612255.15 0.0
1337612255.15 0.0
1337612255.15 0.0
1337612255.15 0.0
1337612255.15 0.0
1337612255.15 0.0
1337612255.15 0.0
1337612255.15 0.0
1337612255.15 0.0
1337612255.15 0.0
1337612255.15 0.0
1337612255.15 0.0
1337612255.15 0.0
1337612255.15 0.0
1337612255.15 0.0
1337612255.15 0.0
1337612255.15 0.0
1337612255.15 0.0
1337612255.15 0.0
1337612255.15 0.0
1337612255.15 0.0
1337612255.15 0.0
1337612255.16 0.0
1337612255.16 0.0
1337612255.16 0.0
1337612255.16 0.0
1337612255.16 0.0
1337612255.16 0.0
1337612255.16 0.0
1337612255.16 0.0
1337612255.16 0.0
1337612255.16 0.0
1337612255.16 0.0
1337612255.16 0.0
1337612255.16 0.0
1337612255.16 0.0
1337612255.16 0.0
1337612255.16 0.0
1337612255.16 0.0
1337612255.16 0.0
1337612255.16 0.0
1337612255.16 0.0
1337612255.16 0.0
1337612255.21 0.0
1337612255.21 0.0
1337612255.21 0.0
1337612255.21 0.0
1337612255.21 0.0
1337612255.21 0.0
1337612255.21 0.0
1337612255.21 0.0
1337612255.21 0.0
1337612255.21 0.0
1337612255.21 0.0
1337612255.21 0.0
1337612255.21 0.0
1337612255.21 0.0
1337612255.21 0.0
1337612255.21 0.0
1337612255.21 0.0
1337612255.21 0.0
1337612255.21 0.0
1337612255.21 0.0
1337612255.21 0.0
1337612255.21 0.0
1337612255.21 0.0
1337612255.21 0.0
1337612255.22 0.0
1337612255.23 0.0
1337612255.23 0.0
1337612255.23 0.0
1337612255.23 0.0
1337612255.23 0.0
1337612255.23 0.0
1337612255.23 0.0
1337612255.23 0.0
1337612255.23 0.0
1337612255.23 0.0
1337612255.23 0.0
1337612255.23 0.0
1337612255.23 0.0
1337612255.23 0.0
1337612255.23 0.0
1337612255.27 0.0
1337612255.27 0.0
1337612255.27 0.0
1337612255.27 0.0
1337612255.27 0.0
1337612255.27 0.0
1337612255.27 0.0
1337612255.27 0.0
1337612255.27 0.0
1337612255.27 0.0
1337612255.27 0.0
1337612255.27 0.0
1337612255.27 0.0
1337612255.27 0.0
1337612255.27 0.0
1337612255.27 0.0
1337612255.27 0.0
1337612255.27 0.0
1337612255.27 0.0
1337612255.27 0.0
1337612255.27 0.0
1337612255.27 0.0
1337612255.27 0.0
1337612255.27 0.0
1337612255.27 0.0
1337612255.27 0.0
1337612255.28 0.0
1337612255.28 0.0
1337612255.28 0.0
1337612255.28 0.0
1337612255.28 0.0
1337612255.28 0.0
1337612255.28 0.0
1337612255.28 0.0
1337612255.28 0.0
1337612255.28 0.0
1337612255.28 0.0
1337612255.28 0.0
1337612255.28 0.0
1337612255.28 0.0
1337612255.28 0.0
1337612255.28 0.0
1337612255.28 0.0
1337612255.28 0.0
1337612255.33 0.0
1337612255.33 0.0
1337612255.33 0.0
1337612255.33 0.0
1337612255.33 0.0
1337612255.33 0.0
1337612255.33 0.0
1337612255.33 0.0
1337612255.33 0.0
1337612255.33 0.0
1337612255.33 0.0
1337612255.33 0.0
1337612255.33 0.0
1337612255.33 0.0
1337612255.33 0.0
1337612255.33 0.0
1337612255.4 0.0
1337612255.4 0.0
1337612255.4 0.0
1337612255.4 0.0
1337612255.4 0.0
1337612255.4 0.0
1337612255.4 0.0
1337612255.4 0.0
1337612255.4 0.0
1337612255.41 0.0
1337612255.41 0.0
1337612255.41 0.0
1337612255.41 0.0
1337612255.41 0.0
1337612255.41 0.0
1337612255.41 0.0
1337612255.41 0.0
1337612255.41 0.0
1337612255.41 0.0
1337612255.41 0.0
1337612255.41 0.0
1337612255.41 0.0
1337612255.41 0.0
1337612255.41 0.0
1337612255.41 0.0
1337612255.41 0.0
1337612255.41 0.0
1337612255.41 0.0
1337612255.41 0.0
1337612255.41 0.0
1337612255.41 0.0
1337612255.41 0.0
1337612255.41 0.0
1337612255.41 0.0
1337612255.41 0.0
1337612255.41 0.0
1337612255.41 0.0
1337612255.41 0.0
1337612255.41 0.0
1337612255.41 0.0
1337612255.41 0.0
1337612255.41 0.0
1337612255.41 0.0
1337612255.41 0.0
1337612255.41 0.0
1337612255.41 0.0
1337612255.41 0.0
1337612255.41 0.0
1337612255.42 0.0
1337612255.42 0.0
1337612255.42 0.0
1337612255.42 0.0
1337612255.42 0.0
1337612255.42 0.0
1337612255.42 0.0
1337612255.42 0.0
1337612255.42 0.0
1337612255.42 0.0
1337612255.42 0.0
1337612255.42 0.0
1337612255.42 0.0
1337612255.42 0.0
1337612255.42 0.0
1337612255.42 0.0
1337612255.42 0.0
1337612255.42 0.0
1337612255.42 0.0
1337612255.42 0.0
1337612255.42 0.0
1337612255.42 0.0
1337612255.42 0.0
1337612255.42 0.0
1337612255.42 0.0
1337612255.42 0.0
1337612255.42 0.0
1337612255.42 0.0
1337612255.42 0.0
1337612255.42 0.0
1337612255.42 0.0
1337612255.42 0.0
1337612255.42 0.0
1337612255.42 0.0
1337612255.42 0.0
1337612255.42 0.0
1337612255.42 0.0
1337612255.42 0.0
1337612255.42 0.0
1337612255.42 0.0
1337612255.46 0.0
1337612255.46 0.0
1337612255.46 0.0
1337612255.46 0.0
1337612255.46 0.0
1337612255.47 0.0
1337612255.47 0.0
1337612255.47 0.0
1337612255.47 0.0
1337612255.47 0.0
1337612255.47 0.0
1337612255.47 0.0
1337612255.47 0.0
1337612255.47 0.0
1337612255.47 0.0
1337612255.47 0.0
1337612255.47 0.0
1337612255.47 0.0
1337612255.47 0.0
1337612255.47 0.0
1337612255.47 0.0
1337612255.47 0.0
1337612255.47 0.0
1337612255.47 0.0
1337612255.47 0.0
1337612255.47 0.0
1337612255.47 0.0
1337612255.47 0.0
1337612255.47 0.0
1337612255.47 0.0
1337612255.47 0.0
1337612255.47 0.0
1337612255.47 0.0
1337612255.47 0.0
1337612255.47 0.0
1337612255.47 0.0
1337612255.47 0.0
1337612255.47 0.0
1337612255.47 0.0
1337612255.47 0.0
1337612255.47 0.0
1337612255.47 0.0
1337612255.47 0.0
1337612255.47 0.0
1337612255.53 0.0
1337612255.53 0.0
1337612255.53 0.0
1337612255.53 0.0
1337612255.53 0.0
1337612255.54 0.0
1337612255.54 0.0
1337612255.54 0.0
1337612255.54 0.0
1337612255.54 0.0
1337612255.54 0.0
1337612255.54 0.0
1337612255.54 0.0
1337612255.54 0.0
1337612255.54 0.0
1337612255.54 0.0
1337612255.54 0.0
1337612255.54 0.0
1337612255.54 0.0
1337612255.54 0.0
1337612255.54 0.0
1337612255.54 0.0
1337612255.54 0.0
1337612255.54 0.0
1337612255.54 0.0
1337612255.54 0.0
1337612255.54 0.0
1337612255.54 0.0
1337612255.54 0.0
1337612255.54 0.0
1337612255.54 0.0
1337612255.54 0.0
1337612255.54 0.0
1337612255.54 0.0
1337612255.54 0.0
1337612255.54 0.0
1337612255.54 0.0
1337612255.54 0.0
1337612255.54 0.0
1337612255.54 0.0
1337612255.66 0.0
1337612255.66 0.0
1337612255.66 0.0
1337612255.66 0.0
1337612255.66 0.0
1337612255.66 0.0
1337612255.66 0.0
1337612255.66 0.0
1337612255.66 0.0
1337612255.66 0.0
1337612255.66 0.0
1337612255.66 0.0
1337612255.66 0.0
1337612255.67 0.0
1337612255.67 0.0
1337612255.67 0.0
1337612255.67 0.0
1337612255.67 0.0
1337612255.67 0.0
1337612255.67 0.0
1337612255.67 0.0
1337612255.67 0.0
1337612255.67 0.0
1337612255.67 0.0
1337612255.67 0.0
1337612255.67 0.0
1337612255.67 0.0
1337612255.67 0.0
1337612255.67 0.0
1337612255.67 0.0
1337612255.67 0.0
1337612255.67 0.0
1337612255.67 0.0
1337612255.67 0.0
1337612255.67 0.0
1337612255.67 0.0
1337612255.67 0.0
1337612255.67 0.0
1337612255.67 0.0
1337612255.67 0.0
1337612255.67 0.0
1337612255.67 0.0
1337612255.67 0.0
1337612255.67 0.0
1337612255.67 0.0
1337612255.67 0.0
1337612255.67 0.0
1337612255.67 0.0
1337612255.67 0.0
1337612255.67 0.0
1337612255.67 0.0
1337612255.67 0.0
1337612255.67 0.0
1337612255.67 0.0
1337612255.67 0.0
1337612255.67 0.0
1337612255.67 0.0
1337612255.67 0.0
1337612255.67 0.0
1337612255.67 0.0
1337612255.67 0.0
1337612255.67 0.0
1337612255.67 0.0
1337612255.67 0.0
1337612255.67 0.0
1337612255.67 0.0
1337612255.67 0.0
1337612255.67 0.0
1337612255.67 0.0
1337612255.67 0.0
1337612255.67 0.0
1337612255.67 0.0
1337612255.68 0.0
1337612255.68 0.0
1337612255.68 0.0
1337612255.68 0.0
1337612255.68 0.0
1337612255.68 0.0
1337612255.68 0.0
1337612255.68 0.0
1337612255.68 0.0
1337612255.68 0.0
1337612255.68 0.0
1337612255.68 0.0
1337612255.68 0.0
1337612255.68 0.0
1337612255.68 0.0
1337612255.68 0.0
1337612255.68 0.0
1337612255.68 0.0
1337612255.68 0.0
1337612255.68 0.0
1337612255.73 0.0
1337612255.73 0.0
1337612255.73 0.0
1337612255.73 0.0
1337612255.73 0.0
1337612255.74 0.0
1337612255.74 0.0
1337612255.74 0.0
1337612255.74 0.0
1337612255.74 0.0
1337612255.74 0.0
1337612255.74 0.0
1337612255.74 0.0
1337612255.74 0.0
1337612255.74 0.0
1337612255.74 0.0
1337612255.74 0.0
1337612255.74 0.0
1337612255.74 0.0
1337612255.74 0.0
1337612255.74 0.0
1337612255.74 0.0
1337612255.74 0.0
1337612255.74 0.0
1337612255.74 0.0
1337612255.74 0.0
1337612255.74 0.0
1337612255.75 0.0
1337612255.75 0.0
1337612255.75 0.0
1337612255.75 0.0
1337612255.75 0.0
1337612255.75 0.0
1337612255.75 0.0
1337612255.75 0.0
1337612255.75 0.0
1337612255.75 0.0
1337612255.75 0.0
1337612255.75 0.0
1337612255.75 0.0
1337612255.75 0.0
1337612255.75 0.0
1337612255.75 0.0
1337612255.75 0.0
1337612255.75 0.0
1337612255.75 0.0
1337612255.75 0.0
1337612255.75 0.0
1337612255.75 0.0
1337612255.75 0.0
1337612255.75 0.0
1337612255.75 0.0
1337612255.85 0.0
1337612255.85 0.0
1337612255.85 0.0
1337612255.85 0.0
1337612255.85 0.0
1337612255.85 0.0
1337612255.85 0.0
1337612255.85 0.0
1337612255.85 0.0
1337612255.85 0.0
1337612255.85 0.0
1337612255.85 0.0
1337612255.86 0.0
1337612255.86 0.0
1337612255.86 0.0
1337612255.86 0.0
1337612255.86 0.0
1337612255.86 0.0
1337612255.86 0.0
1337612255.86 0.0
1337612255.86 0.0
1337612255.86 0.0
1337612255.86 0.0
1337612255.86 0.0
1337612255.86 0.0
1337612255.86 0.0
1337612255.86 0.0
1337612255.86 0.0
1337612255.86 0.0
1337612255.86 0.0
1337612255.86 0.0
1337612255.86 0.0
1337612255.86 0.0
1337612255.86 0.0
1337612255.86 0.0
1337612255.86 0.0
1337612255.86 0.0
1337612255.86 0.0
1337612255.86 0.0
1337612255.86 0.0
1337612255.86 0.0
1337612255.86 0.0
1337612255.86 0.0
1337612255.86 0.0
1337612255.86 0.0
1337612255.87 0.0
1337612255.87 0.0
1337612255.87 0.0
1337612255.87 0.0
1337612255.87 0.0
1337612255.87 0.0
1337612255.87 0.0
1337612255.87 0.0
1337612255.87 0.0
1337612255.87 0.0
1337612255.87 0.0
1337612255.87 0.0
1337612255.87 0.0
1337612255.87 0.0
1337612255.87 0.0
1337612255.87 0.0
1337612255.87 0.0
1337612255.87 0.0
1337612255.87 0.0
1337612255.87 0.0
1337612255.87 0.0
1337612255.87 0.0
1337612255.87 0.0
1337612255.87 0.0
1337612255.87 0.0
1337612255.87 0.0
1337612255.87 0.0
1337612255.87 0.0
1337612255.87 0.0
1337612255.87 0.0
1337612255.87 0.0
1337612255.87 0.0
1337612255.87 0.0
1337612255.87 0.0
1337612255.87 0.0
1337612255.87 0.0
1337612255.88 0.0
1337612255.88 0.0
1337612255.88 0.0
1337612255.88 0.0
1337612255.88 0.0
1337612255.88 0.0
1337612255.88 0.0
1337612255.88 0.0
1337612255.88 0.0
1337612255.88 0.0
1337612255.88 0.0
1337612255.88 0.0
1337612255.88 0.0
1337612255.88 0.0
1337612255.88 0.0
1337612255.88 0.0
1337612255.88 0.0
1337612255.88 0.0
1337612255.88 0.0
1337612255.88 0.0
1337612255.88 0.0
1337612255.88 0.0
1337612255.88 0.0
1337612255.88 0.0
1337612255.88 0.0
1337612255.88 0.0
1337612255.88 0.0
1337612255.93 0.0
1337612255.93 0.0
1337612255.93 0.0
1337612255.93 0.0
1337612255.93 0.0
1337612255.93 0.0
1337612255.93 0.0
1337612255.93 0.0
1337612255.93 0.0
1337612255.93 0.0
1337612255.93 0.0
1337612255.93 0.0
1337612255.93 0.0
1337612255.93 0.0
1337612255.93 0.0
1337612255.93 0.0
1337612255.93 0.0
1337612255.93 0.0
1337612255.93 0.0
1337612255.93 0.0
1337612255.93 0.0
1337612255.93 0.0
1337612255.93 0.0
1337612255.93 0.0
1337612255.93 0.0
1337612255.93 0.0
1337612255.93 0.0
1337612255.93 0.0
1337612255.93 0.0
1337612255.93 0.0
1337612255.93 0.0
1337612255.93 0.0
1337612255.93 0.0
1337612255.93 0.0
1337612255.93 0.0
1337612255.93 0.0
1337612255.93 0.0
1337612255.93 0.0
1337612255.93 0.0
1337612255.93 0.0
1337612255.94 0.0
1337612255.94 0.0
1337612255.94 0.0
1337612255.94 0.0
1337612255.94 0.0
1337612255.94 0.0
1337612255.94 0.0
1337612255.94 0.0
1337612255.94 0.0
1337612255.94 0.0
1337612255.94 0.0
1337612255.94 0.0
1337612255.94 0.0
1337612255.94 0.0
1337612255.94 0.0
1337612255.94 0.0
1337612255.94 0.0
1337612255.94 0.0
1337612255.94 0.0
1337612255.94 0.0
1337612255.99 0.0
1337612255.99 0.0
1337612255.99 0.0
1337612255.99 0.0
1337612255.99 0.0
1337612255.99 0.0
1337612255.99 0.0
1337612255.99 0.0
1337612255.99 0.0
1337612255.99 0.0
1337612255.99 0.0
1337612255.99 0.0
1337612255.99 0.0
1337612255.99 0.0
1337612255.99 0.0
1337612255.99 0.0
1337612255.99 0.0
1337612255.99 0.0
1337612255.99 0.0
1337612255.99 0.0
1337612255.99 0.0
1337612255.99 0.0
1337612255.99 0.0
1337612255.99 0.0
1337612256.0 0.0
1337612256.0 0.0
1337612256.0 0.0
1337612256.0 0.0
1337612256.0 0.0
1337612256.0 0.0
1337612256.0 0.0
1337612256.0 0.0
1337612256.0 0.0
1337612256.0 0.0
1337612256.0 0.0
1337612256.0 0.0
1337612256.04 0.0
1337612256.05 0.0
1337612256.05 0.0
1337612256.05 0.0
1337612256.05 0.0
1337612256.05 0.0
1337612256.05 0.0
1337612256.05 0.0
1337612256.05 0.0
1337612256.05 0.0
1337612256.05 0.0
1337612256.05 0.0
1337612256.05 0.0
1337612256.05 0.0
1337612256.05 0.0
1337612256.05 0.0
1337612256.05 0.0
1337612256.05 0.0
1337612256.05 0.0
1337612256.05 0.0
1337612256.05 0.0
1337612256.05 0.0
1337612256.05 0.0
1337612256.05 0.0
1337612256.05 0.0
1337612256.05 0.0
1337612256.05 0.0
1337612256.05 0.0
1337612256.05 0.0
1337612256.05 0.0
1337612256.05 0.0
1337612256.05 0.0
1337612256.05 0.0
1337612256.05 0.0
1337612256.05 0.0
1337612256.05 0.0
1337612256.05 0.0
1337612256.05 0.0
1337612256.05 0.0
1337612256.05 0.0
1337612256.05 0.0
1337612256.05 0.0
1337612256.06 0.0
1337612256.06 0.0
1337612256.06 0.0
1337612256.06 0.0
1337612256.06 0.0
1337612256.06 0.0
1337612256.06 0.0
1337612256.06 0.0
1337612256.06 0.0
1337612256.06 0.0
1337612256.14 0.0
1337612256.14 0.0
1337612256.14 0.0
1337612256.14 0.0
1337612256.14 0.0
1337612256.14 0.0
1337612256.14 0.0
1337612256.14 0.0
1337612256.14 0.0
1337612256.14 0.0
1337612256.14 0.0
1337612256.14 0.0
1337612256.14 0.0
1337612256.14 0.0
1337612256.14 0.0
1337612256.14 0.0
1337612256.14 0.0
1337612256.14 0.0
1337612256.14 0.0
1337612256.14 0.0
1337612256.14 0.0
1337612256.14 0.0
1337612256.15 0.0
1337612256.15 0.0
1337612256.15 0.0
1337612256.15 0.0
1337612256.15 0.0
1337612256.15 0.0
1337612256.15 0.0
1337612256.15 0.0
1337612256.15 0.0
1337612256.15 0.0
1337612256.15 0.0
1337612256.15 0.0
1337612256.15 0.0
1337612256.15 0.0
1337612256.15 0.0
1337612256.15 0.0
1337612256.15 0.0
1337612256.15 0.0
1337612256.15 0.0
1337612256.16 0.0
1337612256.16 0.0
1337612256.16 0.0
1337612256.16 0.0
1337612256.16 0.0
1337612256.16 0.0
1337612256.16 0.0
1337612256.16 0.0
1337612256.16 0.0
1337612256.16 0.0
1337612256.16 0.0
1337612256.16 0.0
1337612256.16 0.0
1337612256.16 0.0
1337612256.16 0.0
1337612256.16 0.0
1337612256.16 0.0
1337612256.16 0.0
1337612256.16 0.0
1337612256.16 0.0
1337612256.16 0.0
1337612256.16 0.0
1337612256.16 0.0
1337612256.2 0.0
1337612256.2 0.0
1337612256.2 0.0
1337612256.2 0.0
1337612256.21 0.0
1337612256.21 0.0
1337612256.21 0.0
1337612256.21 0.0
1337612256.21 0.0
1337612256.21 0.0
1337612256.21 0.0
1337612256.21 0.0
1337612256.21 0.0
1337612256.21 0.0
1337612256.21 0.0
1337612256.21 0.0
1337612256.21 0.0
1337612256.21 0.0
1337612256.21 0.0
1337612256.21 0.0
1337612256.21 0.0
1337612256.21 0.0
1337612256.21 0.0
1337612256.21 0.0
1337612256.21 0.0
1337612256.21 0.0
1337612256.21 0.0
1337612256.21 0.0
1337612256.21 0.0
1337612256.21 0.0
1337612256.21 0.0
1337612256.21 0.0
1337612256.21 0.0
1337612256.21 0.0
1337612256.21 0.0
1337612256.21 0.0
1337612256.21 0.0
1337612256.22 0.0
1337612256.22 0.0
1337612256.22 0.0
1337612256.22 0.0
1337612256.22 0.0
1337612256.22 0.0
1337612256.22 0.0
1337612256.22 0.0
1337612256.22 0.0
1337612256.22 0.0
1337612256.22 0.0
1337612256.22 0.0
1337612256.22 0.0
1337612256.22 0.0
1337612256.22 0.0
1337612256.22 0.0
1337612256.22 0.0
1337612256.22 0.0
1337612256.22 0.0
1337612256.23 0.0
1337612256.23 0.0
1337612256.23 0.0
1337612256.23 0.0
1337612256.23 0.0
1337612256.23 0.0
1337612256.24 0.0
1337612256.24 0.0
1337612256.24 0.0
1337612256.24 0.0
1337612256.24 0.0
1337612256.24 0.0
1337612256.24 0.0
1337612256.24 0.0
1337612256.24 0.0
1337612256.24 0.0
1337612256.27 0.0
1337612256.27 0.0
1337612256.27 0.0
1337612256.27 0.0
1337612256.27 0.0
1337612256.28 0.0
1337612256.28 0.0
1337612256.28 0.0
1337612256.28 0.0
1337612256.28 0.0
1337612256.28 0.0
1337612256.28 0.0
1337612256.28 0.0
1337612256.28 0.0
1337612256.28 0.0
1337612256.28 0.0
1337612256.28 0.0
1337612256.28 0.0
1337612256.28 0.0
1337612256.28 0.0
1337612256.28 0.0
1337612256.28 0.0
1337612256.28 0.0
1337612256.28 0.0
1337612256.28 0.0
1337612256.28 0.0
1337612256.28 0.0
1337612256.28 0.0
1337612256.29 0.0
1337612256.29 0.0
1337612256.29 0.0
1337612256.29 0.0
1337612256.29 0.0
1337612256.29 0.0
1337612256.29 0.0
1337612256.29 0.0
1337612256.29 0.0
1337612256.3 0.0
1337612256.3 0.0
1337612256.3 0.0
1337612256.4 0.0
1337612256.4 0.0
1337612256.4 0.0
1337612256.4 0.0
1337612256.4 0.0
1337612256.4 0.0
1337612256.4 0.0
1337612256.4 0.0
1337612256.4 0.0
1337612256.4 0.0
1337612256.4 0.0
1337612256.4 0.0
1337612256.4 0.0
1337612256.4 0.0
1337612256.4 0.0
1337612256.4 0.0
1337612256.4 0.0
1337612256.41 0.0
1337612256.41 0.0
1337612256.41 0.0
1337612256.41 0.0
1337612256.41 0.0
1337612256.41 0.0
1337612256.41 0.0
1337612256.41 0.0
1337612256.41 0.0
1337612256.41 0.0
1337612256.41 0.0
1337612256.41 0.0
1337612256.41 0.0
1337612256.41 0.0
1337612256.41 0.0
1337612256.41 0.0
1337612256.41 0.0
1337612256.41 0.0
1337612256.41 0.0
1337612256.41 0.0
1337612256.41 0.0
1337612256.41 0.0
1337612256.41 0.0
1337612256.41 0.0
1337612256.41 0.0
1337612256.41 0.0
1337612256.41 0.0
1337612256.41 0.0
1337612256.41 0.0
1337612256.41 0.0
1337612256.41 0.0
1337612256.41 0.0
1337612256.42 0.0
1337612256.42 0.0
1337612256.42 0.0
1337612256.42 0.0
1337612256.42 0.0
1337612256.42 0.0
1337612256.42 0.0
1337612256.42 0.0
1337612256.42 0.0
1337612256.42 0.0
1337612256.42 0.0
1337612256.42 0.0
1337612256.42 0.0
1337612256.42 0.0
1337612256.42 0.0
1337612256.42 0.0
1337612256.42 0.0
1337612256.42 0.0
1337612256.42 0.0
1337612256.42 0.0
1337612256.42 0.0
1337612256.42 0.0
1337612256.42 0.0
1337612256.42 0.0
1337612256.42 0.0
1337612256.42 0.0
1337612256.42 0.0
1337612256.42 0.0
1337612256.42 0.0
1337612256.42 0.0
1337612256.42 0.0
1337612256.49 0.0
1337612256.49 0.0
1337612256.49 0.0
1337612256.49 0.0
1337612256.49 0.0
1337612256.49 0.0
1337612256.49 0.0
1337612256.49 0.0
1337612256.49 0.0
1337612256.49 0.0
1337612256.49 0.0
1337612256.49 0.0
1337612256.49 0.0
1337612256.49 0.0
1337612256.49 0.0
1337612256.49 0.0
1337612256.49 0.0
1337612256.49 0.0
1337612256.49 0.0
1337612256.5 0.0
1337612256.5 0.0
1337612256.5 0.0
1337612256.5 0.0
1337612256.5 0.0
1337612256.5 0.0
1337612256.5 0.0
1337612256.5 0.0
1337612256.5 0.0
1337612256.5 0.0
1337612256.5 0.0
1337612256.5 0.0
1337612256.5 0.0
1337612256.5 0.0
1337612256.5 0.0
1337612256.5 0.0
1337612256.5 0.0
1337612256.5 0.0
1337612256.5 0.0
1337612256.5 0.0
1337612256.5 0.0
1337612256.5 0.0
1337612256.5 0.0
1337612256.5 0.0
1337612256.5 0.0
1337612256.5 0.0
1337612256.5 0.0
1337612256.5 0.0
1337612256.5 0.0
1337612256.56 0.0
1337612256.56 0.0
1337612256.56 0.0
1337612256.56 0.0
1337612256.56 0.0
1337612256.56 0.0
1337612256.56 0.0
1337612256.56 0.0
1337612256.56 0.0
1337612256.56 0.0
1337612256.56 0.0
1337612256.56 0.0
1337612256.57 0.0
1337612256.57 0.0
1337612256.57 0.0
1337612256.57 0.0
1337612256.57 0.0
1337612256.57 0.0
1337612256.57 0.0
1337612256.57 0.0
1337612256.57 0.0
1337612256.57 0.0
1337612256.57 0.0
1337612256.57 0.0
1337612256.57 0.0
1337612256.57 0.0
1337612256.57 0.0
1337612256.57 0.0
1337612256.57 0.0
1337612256.57 0.0
1337612256.57 0.0
1337612256.57 0.0
1337612256.57 0.0
1337612256.57 0.0
1337612256.57 0.0
1337612256.57 0.0
1337612256.57 0.0
1337612256.57 0.0
1337612256.57 0.0
1337612256.57 0.0
1337612256.63 0.0
1337612256.63 0.0
1337612256.63 0.0
1337612256.63 0.0
1337612256.63 0.0
1337612256.63 0.0
1337612256.63 0.0
1337612256.63 0.0
1337612256.63 0.0
1337612256.63 0.0
1337612256.63 0.0
1337612256.63 0.0
1337612256.63 0.0
1337612256.63 0.0
1337612256.63 0.0
1337612256.63 0.0
1337612256.63 0.0
1337612256.63 0.0
1337612256.63 0.0
1337612256.63 0.0
1337612256.64 0.0
1337612256.64 0.0
1337612256.64 0.0
1337612256.64 0.0
1337612256.64 0.0
1337612256.64 0.0
1337612256.64 0.0
1337612256.64 0.0
1337612256.64 0.0
1337612256.64 0.0
1337612256.64 0.0
1337612256.64 0.0
1337612256.64 0.0
1337612256.64 0.0
1337612256.64 0.0
1337612256.64 0.0
1337612256.64 0.0
1337612256.64 0.0
1337612256.64 0.0
1337612256.64 0.0
1337612256.64 0.0
1337612256.64 0.0
1337612256.64 0.0
1337612256.64 0.0
1337612256.64 0.0
1337612256.64 0.0
1337612256.64 0.0
1337612256.64 0.0
1337612256.64 0.0
1337612256.64 0.0
1337612256.65 0.0
1337612256.65 0.0
1337612256.65 0.0
1337612256.65 0.0
1337612256.65 0.0
1337612256.65 0.0
1337612256.7 0.0
1337612256.7 0.0
1337612256.7 0.0
1337612256.7 0.0
1337612256.7 0.0
1337612256.7 0.0
1337612256.7 0.0
1337612256.7 0.0
1337612256.7 0.0
1337612256.7 0.0
1337612256.7 0.0
1337612256.7 0.0
1337612256.7 0.0
1337612256.7 0.0
1337612256.7 0.0
1337612256.7 0.0
1337612256.7 0.0
1337612256.7 0.0
1337612256.7 0.0
1337612256.7 0.0
1337612256.7 0.0
1337612256.7 0.0
1337612256.7 0.0
1337612256.7 0.0
1337612256.71 0.0
1337612256.71 0.0
1337612256.71 0.0
1337612256.71 0.0
1337612256.71 0.0
1337612256.71 0.0
1337612256.71 0.0
1337612256.71 0.0
1337612256.71 0.0
1337612256.71 0.0
1337612256.71 0.0
1337612256.71 0.0
1337612256.71 0.0
1337612256.71 0.0
1337612256.71 0.0
1337612256.71 0.0
1337612256.71 0.0
1337612256.71 0.0
1337612256.71 0.0
1337612256.71 0.0
1337612256.71 0.0
1337612256.71 0.0
1337612256.71 0.0
1337612256.71 0.0
1337612256.71 0.0
1337612256.71 0.0
1337612256.71 0.0
1337612256.71 0.0
1337612256.76 0.0
1337612256.76 0.0
1337612256.76 0.0
1337612256.76 0.0
1337612256.76 0.0
1337612256.76 0.0
1337612256.76 0.0
1337612256.76 0.0
1337612256.76 0.0
1337612256.76 0.0
1337612256.76 0.0
1337612256.76 0.0
1337612256.76 0.0
1337612256.76 0.0
1337612256.76 0.0
1337612256.76 0.0
1337612256.76 0.0
1337612256.76 0.0
1337612256.76 0.0
1337612256.76 0.0
1337612256.76 0.0
1337612256.76 0.0
1337612256.76 0.0
1337612256.76 0.0
1337612256.77 0.0
1337612256.77 0.0
1337612256.77 0.0
1337612256.77 0.0
1337612256.77 0.0
1337612256.77 0.0
1337612256.77 0.0
1337612256.77 0.0
1337612256.77 0.0
1337612256.77 0.0
1337612256.77 0.0
1337612256.77 0.0
1337612256.77 0.0
1337612256.77 0.0
1337612256.77 0.0
1337612256.77 0.0
1337612256.77 0.0
1337612256.77 0.0
1337612256.77 0.0
1337612256.77 0.0
1337612256.77 0.0
1337612256.77 0.0
1337612256.77 0.0
1337612256.77 0.0
1337612256.82 0.0
1337612256.82 0.0
1337612256.82 0.0
1337612256.82 0.0
1337612256.82 0.0
1337612256.82 0.0
1337612256.82 0.0
1337612256.82 0.0
1337612256.82 0.0
1337612256.82 0.0
1337612256.82 0.0
1337612256.82 0.0
1337612256.82 0.0
1337612256.83 0.0
1337612256.83 0.0
1337612256.83 0.0
1337612256.83 0.0
1337612256.83 0.0
1337612256.83 0.0
1337612256.83 0.0
1337612256.83 0.0
1337612256.83 0.0
1337612256.83 0.0
1337612256.83 0.0
1337612256.83 0.0
1337612256.83 0.0
1337612256.83 0.0
1337612256.83 0.0
1337612256.83 0.0
1337612256.83 0.0
1337612256.83 0.0
1337612256.83 0.0
1337612256.83 0.0
1337612256.83 0.0
1337612256.83 0.0
1337612256.83 0.0
1337612256.83 0.0
1337612256.83 0.0
1337612256.83 0.0
1337612256.83 0.0
1337612256.83 0.0
1337612256.83 0.0
1337612256.83 0.0
1337612256.83 0.0
1337612256.83 0.0
1337612256.83 0.0
1337612256.83 0.0
1337612256.83 0.0
1337612256.83 0.0
1337612256.83 0.0
1337612256.83 0.0
1337612256.83 0.0
1337612256.85 0.0
1337612256.85 0.0
1337612256.85 0.0
1337612256.85 0.0
1337612256.85 0.0
1337612256.85 0.0
1337612256.85 0.0
1337612256.85 0.0
1337612256.85 0.0
1337612256.85 0.0
1337612256.85 0.0
1337612256.85 0.0
1337612256.85 0.0
1337612256.85 0.0
1337612256.85 0.0
1337612256.85 0.0
1337612256.85 0.0
1337612256.85 0.0
1337612256.85 0.0
1337612256.85 0.0
1337612256.85 0.0
1337612256.85 0.0
1337612256.85 0.0
1337612256.85 0.0
1337612256.86 0.0
1337612256.86 0.0
1337612256.86 0.0
1337612256.86 0.0
1337612256.86 0.0
1337612256.86 0.0
1337612256.86 0.0
1337612256.86 0.0
1337612256.89 0.0
1337612256.89 0.0
1337612256.89 0.0
1337612256.89 0.0
1337612256.89 0.0
1337612256.89 0.0
1337612256.89 0.0
1337612256.89 0.0
1337612256.89 0.0
1337612256.89 0.0
1337612256.89 0.0
1337612256.89 0.0
1337612256.89 0.0
1337612256.89 0.0
1337612256.89 0.0
1337612256.89 0.0
1337612256.95 0.0
1337612256.95 0.0
1337612256.95 0.0
1337612256.95 0.0
1337612256.95 0.0
1337612256.95 0.0
1337612256.95 0.0
1337612256.95 0.0
1337612256.95 0.0
1337612256.95 0.0
1337612256.95 0.0
1337612256.95 0.0
1337612256.95 0.0
1337612256.95 0.0
1337612256.95 0.0
1337612256.95 0.0
1337612256.95 0.0
1337612256.95 0.0
1337612256.95 0.0
1337612256.95 0.0
1337612256.95 0.0
1337612256.95 0.0
1337612256.95 0.0
1337612256.95 0.0
1337612256.95 0.0
1337612256.95 0.0
1337612256.95 0.0
1337612256.95 0.0
1337612256.95 0.0
1337612256.95 0.0
1337612256.95 0.0
1337612256.95 0.0
1337612256.95 0.0
1337612256.96 0.0
1337612256.96 0.0
1337612256.96 0.0
1337612256.96 0.0
1337612256.96 0.0
1337612256.96 0.0
1337612256.96 0.0
1337612256.96 0.0
1337612256.96 0.0
1337612256.96 0.0
1337612256.96 0.0
1337612256.96 0.0
1337612256.96 0.0
1337612256.96 0.0
1337612256.96 0.0
1337612256.96 0.0
1337612256.96 0.0
1337612256.96 0.0
1337612256.96 0.0
1337612256.96 0.0
1337612256.96 0.0
1337612256.96 0.0
1337612256.96 0.0
1337612256.96 0.0
1337612256.96 0.0
1337612256.96 0.0
1337612256.96 0.0
1337612256.96 0.0
1337612256.96 0.0
1337612256.96 0.0
1337612256.96 0.0
1337612256.96 0.0
1337612256.96 0.0
1337612256.96 0.0
1337612256.96 0.0
1337612256.96 0.0
1337612256.96 0.0
1337612256.97 0.0
1337612256.97 0.0
1337612256.97 0.0
1337612256.97 0.0
1337612256.97 0.0
1337612256.97 0.0
1337612256.97 0.0
1337612256.97 0.0
1337612256.97 0.0
1337612256.97 0.0
1337612257.02 0.0
1337612257.02 0.0
1337612257.02 0.0
1337612257.02 0.0
1337612257.02 0.0
1337612257.02 0.0
1337612257.02 0.0
1337612257.02 0.0
1337612257.03 0.0
1337612257.03 0.0
1337612257.03 0.0
1337612257.03 0.0
1337612257.03 0.0
1337612257.03 0.0
1337612257.03 0.0
1337612257.03 0.0
1337612257.03 0.0
1337612257.03 0.0
1337612257.03 0.0
1337612257.03 0.0
1337612257.03 0.0
1337612257.03 0.0
1337612257.03 0.0
1337612257.03 0.0
1337612257.03 0.0
1337612257.03 0.0
1337612257.03 0.0
1337612257.03 0.0
1337612257.03 0.0
1337612257.03 0.0
1337612257.03 0.0
1337612257.03 0.0
1337612257.03 0.0
1337612257.03 0.0
1337612257.03 0.0
1337612257.03 0.0
1337612257.03 0.0
1337612257.03 0.0
1337612257.03 0.0
1337612257.03 0.0
1337612257.04 0.0
1337612257.04 0.0
1337612257.04 0.0
1337612257.04 0.0
1337612257.04 0.0
1337612257.04 0.0
1337612257.04 0.0
1337612257.04 0.0
1337612257.04 0.0
1337612257.04 0.0
1337612257.04 0.0
1337612257.04 0.0
1337612257.04 0.0
1337612257.04 0.0
1337612257.04 0.0
1337612257.04 0.0
1337612257.04 0.0
1337612257.04 0.0
1337612257.04 0.0
1337612257.04 0.0
1337612257.04 0.0
1337612257.04 0.0
1337612257.04 0.0
1337612257.04 0.0
1337612257.04 0.0
1337612257.04 0.0
1337612257.04 0.0
1337612257.04 0.0
1337612257.04 0.0
1337612257.04 0.0
1337612257.04 0.0
1337612257.04 0.0
1337612257.04 0.0
1337612257.05 0.0
1337612257.05 0.0
1337612257.05 0.0
1337612257.05 0.0
1337612257.05 0.0
1337612257.05 0.0
1337612257.05 0.0
1337612257.09 0.0
