1337612248.12 269.0
1337612248.18 233.0
1337612248.18 -816.0
1337612248.18 -789.0
1337612248.18 -832.0
1337612248.19 -880.0
1337612248.19 -836.0
1337612248.2 -866.0
1337612248.2 -814.0
1337612248.21 -846.0
1337612248.22 -872.0
1337612248.22 -827.0
1337612248.23 -848.0
1337612248.23 -837.0
1337612248.24 -814.0
1337612248.24 -840.0
1337612248.25 -847.0
1337612248.25 -812.0
1337612248.25 -827.0
1337612248.26 -826.0
1337612248.26 -793.0
1337612248.26 -803.0
1337612248.26 -797.0
1337612248.27 -763.0
1337612248.27 -758.0
1337612248.28 -744.0
1337612248.28 -721.0
1337612248.29 -715.0
1337612248.29 -678.0
1337612248.29 -671.0
1337612248.29 -639.0
1337612248.3 -619.0
1337612248.3 -624.0
1337612248.31 -594.0
1337612248.32 -591.0
1337612248.32 -576.0
1337612248.32 -540.0
1337612248.32 -544.0
1337612248.32 -555.0
1337612248.33 -506.0
1337612248.33 -522.0
1337612248.35 -535.0
1337612248.35 -493.0
1337612248.53 -519.0
1337612248.53 587.0
1337612248.53 589.0
1337612248.54 528.0
1337612248.55 567.0
1337612248.56 565.0
1337612248.56 510.0
1337612248.56 532.0
1337612248.57 544.0
1337612248.57 495.0
1337612248.57 530.0
1337612248.58 533.0
1337612248.58 487.0
1337612248.58 494.0
1337612248.59 495.0
1337612248.59 472.0
1337612248.59 464.0
1337612248.6 447.0
1337612248.61 443.0
1337612248.62 444.0
1337612248.62 430.0
1337612248.62 416.0
1337612248.63 442.0
1337612248.64 444.0
1337612248.65 408.0
1337612248.65 470.0
1337612248.65 450.0
1337612248.66 409.0
1337612248.66 473.0
1337612248.66 454.0
1337612248.67 409.0
1337612248.67 480.0
1337612248.67 462.0
1337612248.68 406.0
1337612248.68 489.0
1337612248.69 457.0
1337612248.69 440.0
1337612248.7 511.0
1337612248.7 485.0
1337612248.7 472.0
1337612248.71 531.0
1337612248.72 516.0
1337612248.74 506.0
1337612248.74 592.0
1337612248.74 567.0
1337612248.79 566.0
1337612248.79 613.0
1337612248.79 600.0
1337612248.8 587.0
1337612248.8 625.0
1337612248.8 626.0
1337612248.8 601.0
1337612248.86 637.0
1337612248.86 626.0
1337612248.87 634.0
1337612248.87 637.0
1337612248.87 622.0
1337612248.87 604.0
1337612248.87 582.0
1337612248.93 584.0
1337612248.93 582.0
1337612248.93 575.0
1337612248.93 588.0
1337612248.94 566.0
1337612248.94 517.0
1337612248.94 541.0
1337612248.94 496.0
1337612248.95 450.0
1337612249.01 504.0
1337612249.02 467.0
1337612249.02 419.0
1337612249.03 482.0
1337612249.03 433.0
1337612249.03 386.0
1337612249.03 462.0
1337612249.04 380.0
1337612249.04 374.0
1337612249.08 435.0
1337612249.09 362.0
1337612249.09 380.0
1337612249.1 407.0
1337612249.11 338.0
1337612249.11 332.0
1337612249.11 367.0
1337612249.12 301.0
1337612249.13 291.0
1337612249.14 306.0
1337612249.14 238.0
1337612249.15 204.0
1337612249.2 200.0
1337612249.2 136.0
1337612249.21 113.0
1337612249.21 118.0
1337612249.21 81.0
1337612249.22 106.0
1337612249.22 104.0
1337612249.22 78.0
1337612249.23 57.0
1337612249.23 16.0
1337612249.23 -7.0
1337612249.24 -17.0
1337612249.25 -13.0
1337612249.25 4.0
1337612249.25 -2.0
1337612249.26 -16.0
1337612249.27 9.0
1337612249.27 -35.0
1337612249.27 -74.0
1337612249.28 -56.0
1337612249.28 -95.0
1337612249.28 -116.0
1337612249.28 -56.0
1337612249.29 -104.0
1337612249.29 -130.0
1337612249.29 -90.0
1337612249.29 -162.0
1337612249.3 -152.0
1337612249.3 -122.0
1337612249.51 -186.0
1337612249.52 -544.0
1337612249.53 -562.0
1337612249.6 -608.0
1337612249.6 -573.0
1337612249.6 -593.0
1337612249.61 -632.0
1337612249.61 -598.0
1337612249.62 -608.0
1337612249.63 -643.0
1337612249.63 -615.0
1337612249.63 -643.0
1337612249.63 -645.0
1337612249.68 -623.0
1337612249.69 -626.0
1337612249.69 -613.0
1337612249.69 -605.0
1337612249.7 -615.0
1337612249.71 -604.0
1337612249.71 -578.0
1337612249.72 -583.0
1337612249.72 -558.0
1337612249.73 -558.0
1337612249.73 -549.0
1337612249.74 -520.0
1337612249.81 -526.0
1337612249.81 -501.0
1337612249.81 -465.0
1337612249.82 -481.0
1337612249.82 -438.0
1337612249.82 -410.0
1337612249.82 -446.0
1337612249.83 -414.0
1337612249.83 -402.0
1337612249.84 -426.0
1337612249.84 -392.0
1337612249.84 -392.0
1337612249.84 -433.0
1337612249.85 -397.0
1337612249.85 -423.0
1337612249.85 -472.0
1337612249.85 -456.0
1337612249.85 -498.0
1337612249.86 -558.0
1337612249.86 -522.0
1337612249.86 -550.0
1337612249.87 -586.0
1337612249.87 -541.0
1337612249.87 -586.0
1337612249.91 -578.0
1337612249.91 -536.0
1337612249.92 -556.0
1337612249.92 -516.0
1337612249.92 -469.0
1337612249.92 -492.0
1337612249.92 -445.0
1337612249.92 -396.0
1337612249.93 -360.0
1337612249.93 -315.0
1337612249.93 -318.0
1337612249.93 -254.0
1337612249.94 -226.0
1337612249.94 -235.0
1337612249.95 -168.0
1337612249.95 -135.0
1337612249.95 -139.0
1337612249.96 -71.0
1337612249.96 -49.0
1337612249.97 -82.0
1337612249.97 -21.0
1337612249.97 6.0
1337612250.3 -11.0
1337612250.3 -372.0
1337612250.3 -423.0
1337612250.31 -469.0
1337612250.32 -433.0
1337612250.32 -484.0
1337612250.32 -481.0
1337612250.33 -428.0
1337612250.33 -479.0
1337612250.33 -491.0
1337612250.33 -431.0
1337612250.34 -488.0
1337612250.34 -511.0
1337612250.34 -454.0
1337612250.35 -522.0
1337612250.35 -559.0
1337612250.35 -486.0
1337612250.36 -567.0
1337612250.36 -582.0
1337612250.37 -527.0
1337612250.4 -620.0
1337612250.4 -614.0
1337612250.4 -601.0
1337612250.41 -680.0
1337612250.41 -692.0
1337612250.41 -668.0
1337612250.41 -736.0
1337612250.41 -736.0
1337612250.41 -697.0
1337612250.41 -762.0
1337612250.47 -775.0
1337612250.47 -753.0
1337612250.47 -799.0
1337612250.47 -817.0
1337612250.47 -788.0
1337612250.47 -837.0
1337612250.47 -841.0
1337612250.48 -813.0
1337612250.48 -832.0
1337612250.48 -800.0
1337612250.48 -791.0
1337612250.48 -788.0
1337612250.48 -801.0
1337612250.48 -795.0
1337612250.53 -785.0
1337612250.53 -798.0
1337612250.53 -773.0
1337612250.53 -754.0
1337612250.53 -778.0
1337612250.53 -768.0
1337612250.53 -724.0
1337612250.53 -764.0
1337612250.54 -758.0
1337612250.64 -718.0
1337612250.64 -757.0
1337612250.64 -751.0
1337612250.65 -690.0
1337612250.65 -742.0
1337612250.65 -753.0
1337612250.65 -714.0
1337612250.65 -791.0
1337612250.65 -788.0
1337612250.65 -756.0
1337612250.65 -826.0
1337612250.65 -827.0
1337612250.66 -778.0
1337612250.66 -844.0
1337612250.7 -843.0
1337612250.7 -797.0
1337612250.71 -865.0
1337612250.71 -879.0
1337612250.71 -813.0
1337612250.71 -868.0
1337612250.84 -877.0
1337612250.84 -911.0
1337612250.84 -840.0
1337612250.84 -866.0
1337612250.84 -815.0
1337612250.84 -799.0
1337612250.84 -858.0
1337612250.85 -817.0
1337612250.85 -797.0
1337612250.85 -833.0
1337612250.85 -793.0
1337612250.85 -809.0
1337612250.85 -868.0
1337612250.91 -818.0
1337612250.91 -852.0
1337612250.92 -911.0
1337612250.92 -896.0
1337612250.92 -930.0
1337612250.92 -977.0
1337612250.92 -909.0
1337612250.93 -928.0
1337612250.93 -966.0
1337612250.93 -922.0
1337612250.94 -981.0
1337612250.94 -971.0
1337612250.94 -941.0
1337612250.94 -976.0
1337612250.94 -967.0
1337612250.94 -963.0
1337612250.94 -1001.0
1337612250.94 -993.0
1337612250.94 -968.0
1337612250.94 -1017.0
1337612250.94 -1003.0
1337612250.94 -990.0
1337612250.94 -1035.0
1337612250.94 -1019.0
1337612250.98 -1031.0
1337612250.98 -1076.0
1337612250.99 -1060.0
1337612250.99 -1075.0
1337612250.99 -1102.0
1337612250.99 -1061.0
1337612250.99 -1085.0
1337612250.99 -1077.0
1337612250.99 -1043.0
1337612250.99 -1080.0
1337612250.99 -1082.0
1337612251.0 -1091.0
1337612251.0 -1119.0
1337612251.0 -1116.0
1337612251.0 -1122.0
1337612251.0 -1132.0
1337612251.0 -1108.0
1337612251.0 -1111.0
1337612251.03 -1114.0
1337612251.03 -1082.0
1337612251.03 -1115.0
1337612251.03 -1136.0
1337612251.03 -1131.0
1337612251.04 -1166.0
1337612251.04 -1179.0
1337612251.13 -1158.0
1337612251.13 -1188.0
1337612251.13 -1185.0
1337612251.14 -1160.0
1337612251.14 -1205.0
1337612251.14 -1173.0
1337612251.14 -1180.0
1337612251.14 -1222.0
1337612251.14 -1180.0
1337612251.14 -1189.0
1337612251.19 -1221.0
1337612251.26 -1177.0
1337612251.26 -1021.0
1337612251.26 -1032.0
1337612251.26 -1014.0
1337612251.26 -998.0
1337612251.26 -1009.0
1337612251.27 -973.0
1337612251.27 -954.0
1337612251.32 -946.0
1337612251.32 -904.0
1337612251.33 -898.0
1337612251.33 -913.0
1337612251.33 -858.0
1337612251.33 -872.0
1337612251.33 -883.0
1337612251.39 -825.0
1337612251.39 -836.0
1337612251.4 -834.0
1337612251.4 -754.0
1337612251.4 -761.0
1337612251.4 -782.0
1337612251.4 -726.0
1337612251.4 -773.0
1337612251.4 -765.0
1337612251.41 -708.0
1337612251.41 -735.0
1337612251.41 -716.0
1337612251.52 -683.0
1337612251.52 -717.0
1337612251.52 -709.0
1337612251.52 -666.0
1337612251.52 -704.0
1337612251.52 -683.0
1337612251.52 -643.0
1337612251.53 -673.0
1337612251.53 -666.0
1337612251.53 -659.0
1337612251.53 -690.0
1337612251.53 -689.0
1337612251.53 -682.0
1337612251.53 -709.0
1337612251.53 -679.0
1337612251.53 -678.0
1337612251.54 -692.0
1337612251.54 -662.0
1337612251.54 -686.0
1337612251.54 -701.0
1337612251.54 -672.0
1337612251.54 -673.0
1337612251.54 -658.0
1337612251.54 -623.0
1337612251.54 -634.0
1337612251.54 -609.0
1337612251.54 -594.0
1337612251.54 -616.0
1337612251.54 -582.0
1337612251.54 -559.0
1337612251.55 -569.0
1337612251.55 -504.0
1337612251.55 -468.0
1337612251.65 -493.0
1337612251.65 -438.0
1337612251.65 -453.0
1337612251.65 -478.0
1337612251.65 -437.0
1337612251.65 -449.0
1337612251.65 -461.0
1337612251.65 -420.0
1337612251.7 -440.0
1337612251.7 -466.0
1337612251.7 -410.0
1337612251.7 -447.0
1337612251.7 -466.0
1337612251.71 -426.0
1337612251.71 -462.0
1337612251.71 -488.0
1337612251.71 -432.0
1337612251.71 -467.0
1337612251.71 -488.0
1337612251.71 -450.0
1337612251.71 -512.0
1337612251.71 -501.0
1337612251.71 -485.0
1337612251.71 -534.0
1337612251.71 -540.0
1337612251.71 -553.0
1337612251.71 -605.0
1337612251.82 -615.0
1337612251.82 -617.0
1337612251.82 -682.0
1337612251.82 -705.0
1337612251.82 -736.0
1337612251.82 -785.0
1337612251.82 -797.0
1337612251.83 -826.0
1337612251.83 -850.0
1337612251.83 -865.0
1337612251.83 -889.0
1337612251.83 -898.0
1337612251.83 -877.0
1337612251.9 -905.0
1337612251.9 -1035.0
1337612251.9 -981.0
1337612251.9 -1017.0
1337612251.9 -1034.0
1337612251.9 -1018.0
1337612251.91 -1048.0
1337612251.91 -1075.0
1337612251.91 -1060.0
1337612251.91 -1083.0
1337612251.91 -1120.0
1337612251.95 -1082.0
1337612251.95 -1110.0
1337612251.96 -1141.0
1337612251.96 -1134.0
1337612251.96 -1145.0
1337612251.96 -1189.0
1337612251.96 -1178.0
1337612251.96 -1184.0
1337612251.96 -1216.0
1337612251.96 -1207.0
1337612251.96 -1208.0
1337612251.96 -1218.0
1337612251.96 -1248.0
1337612251.96 -1236.0
1337612251.96 -1277.0
1337612251.97 -1284.0
1337612251.97 -1253.0
1337612251.97 -1285.0
1337612251.97 -1288.0
1337612251.97 -1269.0
1337612251.97 -1307.0
1337612251.97 -1324.0
1337612251.97 -1279.0
1337612252.02 -1307.0
1337612252.02 -1323.0
1337612252.02 -1266.0
1337612252.02 -1267.0
1337612252.02 -1288.0
1337612252.02 -1204.0
1337612252.07 -1213.0
1337612252.07 -1238.0
1337612252.07 -1159.0
1337612252.07 -1178.0
1337612252.07 -1180.0
1337612252.07 -1115.0
1337612252.07 -1133.0
1337612252.08 -1152.0
1337612252.08 -1084.0
1337612252.08 -1104.0
1337612252.08 -1129.0
1337612252.08 -1070.0
1337612252.12 -1099.0
1337612252.13 -1147.0
1337612252.13 -1088.0
1337612252.13 -1098.0
1337612252.13 -1153.0
1337612252.13 -1075.0
1337612252.13 -1097.0
1337612252.13 -1132.0
1337612252.2 -1064.0
1337612252.2 -1098.0
1337612252.2 -1122.0
1337612252.2 -1069.0
1337612252.2 -1113.0
1337612252.2 -1151.0
1337612252.21 -1110.0
1337612252.21 -1154.0
1337612252.21 -1189.0
1337612252.21 -1153.0
1337612252.21 -1161.0
1337612252.26 -1192.0
1337612252.27 -1138.0
1337612252.27 -1144.0
1337612252.27 -1180.0
1337612252.27 -1152.0
1337612252.27 -1162.0
1337612252.27 -1185.0
1337612252.27 -1164.0
1337612252.27 -1179.0
1337612252.27 -1210.0
1337612252.27 -1172.0
1337612252.38 -1187.0
1337612252.38 -1198.0
1337612252.38 -1203.0
1337612252.38 -1228.0
1337612252.38 -1259.0
1337612252.38 -1278.0
1337612252.38 -1262.0
1337612252.38 -1297.0
1337612252.38 -1315.0
1337612252.38 -1302.0
1337612252.38 -1316.0
1337612252.38 -1348.0
1337612252.38 -1336.0
1337612252.38 -1373.0
1337612252.39 -1412.0
1337612252.39 -1384.0
1337612252.48 -1404.0
1337612252.48 -1419.0
1337612252.48 -1403.0
1337612252.48 -1428.0
1337612252.48 -1470.0
1337612252.48 -1417.0
1337612252.48 -1438.0
1337612252.49 -1472.0
1337612252.49 -1413.0
1337612252.49 -1440.0
1337612252.56 -1488.0
1337612252.56 -1425.0
1337612252.57 -1465.0
1337612252.57 -1538.0
1337612252.57 -1479.0
1337612252.57 -1543.0
1337612252.57 -1574.0
1337612252.57 -1520.0
1337612252.68 -1581.0
1337612252.69 -1609.0
1337612252.69 -1562.0
1337612252.69 -1602.0
1337612252.69 -1619.0
1337612252.69 -1552.0
1337612252.69 -1590.0
1337612252.69 -1615.0
1337612252.69 -1556.0
1337612252.7 -1565.0
1337612252.7 -1586.0
1337612252.7 -1514.0
1337612252.7 -1520.0
1337612252.7 -1545.0
1337612252.7 -1488.0
1337612252.75 -1494.0
1337612252.75 -1505.0
1337612252.75 -1467.0
1337612252.75 -1463.0
1337612252.76 -1485.0
1337612252.76 -1420.0
1337612252.76 -1412.0
1337612252.76 -1412.0
1337612252.76 -1363.0
1337612252.76 -1361.0
1337612252.81 -1368.0
1337612252.82 -1353.0
1337612252.82 -1313.0
1337612252.82 -1334.0
1337612252.82 -1313.0
1337612252.82 -1278.0
1337612252.82 -1296.0
1337612252.83 -1295.0
1337612252.96 -1261.0
1337612252.96 -1281.0
1337612252.96 -1301.0
1337612252.96 -1257.0
1337612252.96 -1283.0
1337612252.96 -1267.0
1337612252.97 -1243.0
1337612252.97 -1262.0
1337612252.97 -1270.0
1337612252.97 -1259.0
1337612252.97 -1267.0
1337612252.97 -1305.0
1337612252.97 -1284.0
1337612252.97 -1308.0
1337612252.98 -1352.0
1337612252.98 -1313.0
1337612252.98 -1302.0
1337612252.98 -1350.0
1337612252.99 -1313.0
1337612253.04 -1315.0
1337612253.04 -1386.0
1337612253.05 -1351.0
1337612253.05 -1348.0
1337612253.05 -1391.0
1337612253.05 -1357.0
1337612253.05 -1357.0
1337612253.05 -1418.0
1337612253.05 -1388.0
1337612253.05 -1397.0
1337612253.05 -1457.0
1337612253.06 -1416.0
1337612253.06 -1425.0
1337612253.13 -1469.0
1337612253.13 -1618.0
1337612253.14 -1605.0
1337612253.14 -1669.0
1337612253.14 -1644.0
1337612253.14 -1593.0
1337612253.15 -1657.0
1337612253.21 -1618.0
1337612253.21 -1587.0
1337612253.21 -1646.0
1337612253.21 -1627.0
1337612253.21 -1588.0
1337612253.22 -1647.0
1337612253.22 -1633.0
1337612253.22 -1594.0
1337612253.22 -1662.0
1337612253.22 -1619.0
1337612253.32 -1604.0
1337612253.32 -1657.0
1337612253.32 -1623.0
1337612253.32 -1602.0
1337612253.32 -1648.0
1337612253.32 -1621.0
1337612253.32 -1567.0
1337612253.32 -1602.0
1337612253.33 -1563.0
1337612253.33 -1506.0
1337612253.33 -1536.0
1337612253.33 -1502.0
1337612253.33 -1455.0
1337612253.46 -1491.0
1337612253.46 -1478.0
1337612253.46 -1467.0
1337612253.46 -1420.0
1337612253.46 -1373.0
1337612253.46 -1382.0
1337612253.46 -1337.0
1337612253.46 -1300.0
1337612253.47 -1303.0
1337612253.47 -1299.0
1337612253.47 -1236.0
1337612253.53 -1255.0
1337612253.53 -1194.0
1337612253.53 -1220.0
1337612253.54 -1199.0
1337612253.54 -1149.0
1337612253.54 -1149.0
1337612253.54 -1165.0
1337612253.54 -1094.0
1337612253.54 -1132.0
1337612253.54 -1131.0
1337612253.54 -1070.0
1337612253.55 -1092.0
1337612253.55 -1053.0
1337612253.55 -1022.0
1337612253.55 -1016.0
1337612253.55 -1044.0
1337612253.55 -1024.0
1337612253.61 -1098.0
1337612253.61 -1217.0
1337612253.61 -1294.0
1337612253.61 -1462.0
1337612253.61 -1667.0
1337612253.61 -1828.0
1337612253.61 -2044.0
1337612253.77 -2604.0
1337612253.77 -2919.0
1337612253.78 -3303.0
1337612253.78 -3581.0
1337612253.78 -3933.0
1337612253.78 -4315.0
1337612253.78 -4584.0
1337612253.78 -4972.0
1337612253.88 -5270.0
1337612253.88 -5535.0
1337612253.89 -5910.0
1337612253.89 -6208.0
1337612253.89 -6540.0
1337612253.89 -6889.0
1337612253.89 -7186.0
1337612253.89 -7490.0
1337612253.89 -7796.0
1337612253.89 -8045.0
1337612253.89 -8322.0
1337612253.89 -8597.0
1337612253.89 -8787.0
1337612253.89 -9075.0
1337612253.95 -9297.0
1337612253.95 -10979.0
1337612253.95 -10973.0
1337612253.95 -10850.0
1337612253.95 -10810.0
1337612253.96 -10744.0
1337612253.96 -10645.0
1337612253.96 -10606.0
1337612253.96 -10519.0
1337612253.96 -10451.0
1337612253.96 -10406.0
1337612253.96 -10315.0
1337612253.96 -10270.0
1337612253.96 -10229.0
1337612253.97 -10124.0
1337612253.97 -10103.0
1337612253.97 -10048.0
1337612253.97 -9941.0
1337612253.97 -9954.0
1337612253.97 -9874.0
1337612254.04 -9808.0
1337612254.04 -9797.0
1337612254.04 -9710.0
1337612254.05 -9655.0
1337612254.05 -9592.0
1337612254.05 -9539.0
1337612254.05 -9478.0
1337612254.05 -9447.0
1337612254.05 -9423.0
1337612254.12 -9388.0
1337612254.12 -9369.0
1337612254.12 -9361.0
1337612254.13 -9320.0
1337612254.13 -9300.0
1337612254.13 -9326.0
1337612254.13 -9269.0
1337612254.13 -9273.0
1337612254.14 -9268.0
1337612254.17 -9247.0
1337612254.17 -9252.0
1337612254.17 -9236.0
1337612254.18 -9255.0
1337612254.18 -9284.0
1337612254.18 -9248.0
1337612254.18 -9292.0
1337612254.3 -9329.0
1337612254.31 -9311.0
1337612254.31 -9378.0
1337612254.31 -9428.0
1337612254.31 -9417.0
1337612254.31 -9482.0
1337612254.31 -9495.0
1337612254.31 -9483.0
1337612254.31 -9521.0
1337612254.31 -9537.0
1337612254.42 -9563.0
1337612254.42 -9601.0
1337612254.42 -9641.0
1337612254.43 -9660.0
1337612254.43 -9679.0
1337612254.43 -9729.0
1337612254.43 -9745.0
1337612254.43 -9747.0
1337612254.44 -9608.0
1337612254.44 -9568.0
1337612254.44 -9613.0
1337612254.44 -9618.0
1337612254.44 -9563.0
1337612254.44 -9610.0
1337612254.44 -9583.0
1337612254.44 -9528.0
1337612254.44 -9567.0
1337612254.44 -9553.0
1337612254.44 -9540.0
1337612254.44 -9588.0
1337612254.44 -9596.0
1337612254.44 -9578.0
1337612254.44 -9619.0
1337612254.44 -9637.0
1337612254.45 -9624.0
1337612254.45 -9657.0
1337612254.54 -9654.0
1337612254.54 -9624.0
1337612254.54 -9650.0
1337612254.54 -9651.0
1337612254.54 -9593.0
1337612254.54 -9617.0
1337612254.6 -9575.0
1337612254.6 -9611.0
1337612254.7 -9609.0
1337612254.7 -9558.0
1337612254.7 -9605.0
1337612254.7 -9610.0
1337612254.71 -9590.0
1337612254.71 -9653.0
1337612254.71 -9649.0
1337612254.71 -9639.0
1337612254.71 -9704.0
1337612254.77 -9698.0
1337612254.77 -9684.0
1337612254.77 -9746.0
1337612254.77 -9734.0
1337612254.77 -9749.0
1337612254.77 -9794.0
1337612254.77 -9778.0
1337612254.78 -9795.0
1337612254.78 -9819.0
1337612254.86 -9801.0
1337612254.86 -9845.0
1337612254.86 -9871.0
1337612254.86 -9856.0
1337612254.86 -9866.0
1337612254.87 -9835.0
1337612254.87 -9859.0
1337612254.87 -9810.0
1337612254.87 -9811.0
1337612254.87 -9842.0
1337612254.92 -9774.0
1337612254.92 -9772.0
1337612254.92 -9782.0
1337612254.92 -9727.0
1337612254.92 -9749.0
1337612254.92 -9793.0
1337612254.93 -9771.0
1337612254.93 -9773.0
1337612254.93 -9798.0
1337612255.0 -9722.0
1337612255.0 3029.0
1337612255.0 3044.0
1337612255.01 3112.0
1337612255.01 3070.0
1337612255.01 3111.0
1337612255.01 3133.0
1337612255.02 3087.0
1337612255.02 3175.0
1337612255.14 3145.0
1337612255.14 3139.0
1337612255.14 3207.0
1337612255.14 3150.0
1337612255.14 3216.0
1337612255.14 3235.0
1337612255.14 3190.0
1337612255.15 3211.0
1337612255.15 3169.0
1337612255.15 3126.0
1337612255.15 3104.0
1337612255.15 3066.0
1337612255.15 3057.0
1337612255.15 3027.0
1337612255.15 2997.0
1337612255.16 3026.0
1337612255.16 2954.0
1337612255.16 2954.0
1337612255.16 2966.0
1337612255.16 2865.0
1337612255.21 2883.0
1337612255.21 2847.0
1337612255.21 2764.0
1337612255.21 2789.0
1337612255.21 2723.0
1337612255.21 2665.0
1337612255.22 2693.0
1337612255.23 2645.0
1337612255.23 2631.0
1337612255.23 2647.0
1337612255.27 2582.0
1337612255.27 2596.0
1337612255.27 2580.0
1337612255.27 2520.0
1337612255.27 2553.0
1337612255.27 2540.0
1337612255.27 2494.0
1337612255.28 2520.0
1337612255.28 2467.0
1337612255.28 2386.0
1337612255.28 2391.0
1337612255.33 2338.0
1337612255.33 2282.0
1337612255.33 2298.0
1337612255.33 2254.0
1337612255.4 2208.0
1337612255.4 2247.0
1337612255.4 2213.0
1337612255.41 2162.0
1337612255.41 2177.0
1337612255.41 2131.0
1337612255.41 2085.0
1337612255.41 2117.0
1337612255.41 2089.0
1337612255.41 2081.0
1337612255.41 2098.0
1337612255.41 2061.0
1337612255.41 2083.0
1337612255.42 2082.0
1337612255.42 2058.0
1337612255.42 2106.0
1337612255.42 2094.0
1337612255.42 2100.0
1337612255.42 2139.0
1337612255.42 2104.0
1337612255.42 2135.0
1337612255.42 2147.0
1337612255.46 2120.0
1337612255.46 2135.0
1337612255.47 2111.0
1337612255.47 2070.0
1337612255.47 2043.0
1337612255.47 2015.0
1337612255.47 2026.0
1337612255.47 2018.0
1337612255.47 2013.0
1337612255.47 2025.0
1337612255.47 1985.0
1337612255.53 1972.0
1337612255.53 1987.0
1337612255.54 1959.0
1337612255.54 1952.0
1337612255.54 1964.0
1337612255.54 1935.0
1337612255.54 1936.0
1337612255.54 1974.0
1337612255.54 1941.0
1337612255.54 1959.0
1337612255.66 1982.0
1337612255.66 1929.0
1337612255.66 1850.0
1337612255.66 1847.0
1337612255.67 1780.0
1337612255.67 1714.0
1337612255.67 1694.0
1337612255.67 1642.0
1337612255.67 1574.0
1337612255.67 1547.0
1337612255.67 1492.0
1337612255.67 1427.0
1337612255.67 1420.0
1337612255.67 1370.0
1337612255.67 1341.0
1337612255.67 1333.0
1337612255.67 1268.0
1337612255.67 1274.0
1337612255.67 1249.0
1337612255.68 1204.0
1337612255.68 1237.0
1337612255.68 1184.0
1337612255.68 1149.0
1337612255.73 1165.0
1337612255.73 1121.0
1337612255.74 1105.0
1337612255.74 1119.0
1337612255.74 1094.0
1337612255.74 1068.0
1337612255.74 1114.0
1337612255.75 1077.0
1337612255.75 1050.0
1337612255.75 1103.0
1337612255.75 1052.0
1337612255.75 1064.0
1337612255.75 1092.0
1337612255.85 1057.0
1337612255.85 1086.0
1337612255.85 1090.0
1337612255.86 1068.0
1337612255.86 1063.0
1337612255.86 1045.0
1337612255.86 1019.0
1337612255.86 1019.0
1337612255.86 1045.0
1337612255.86 1041.0
1337612255.86 1065.0
1337612255.86 1051.0
1337612255.87 1010.0
1337612255.87 1026.0
1337612255.87 1001.0
1337612255.87 997.0
1337612255.87 1023.0
1337612255.87 1000.0
1337612255.87 996.0
1337612255.87 1011.0
1337612255.87 1000.0
1337612255.88 980.0
1337612255.88 1016.0
1337612255.88 991.0
1337612255.88 976.0
1337612255.88 1046.0
1337612255.88 1017.0
1337612255.93 1048.0
1337612255.93 1126.0
1337612255.93 1082.0
1337612255.93 1104.0
1337612255.93 1114.0
1337612255.93 1057.0
1337612255.93 1080.0
1337612255.93 1089.0
1337612255.93 1067.0
1337612255.93 1062.0
1337612255.93 1070.0
1337612255.94 1043.0
1337612255.94 1042.0
1337612255.94 1059.0
1337612255.94 1005.0
1337612255.99 1016.0
1337612255.99 987.0
1337612255.99 941.0
1337612255.99 966.0
1337612255.99 912.0
1337612255.99 903.0
1337612255.99 911.0
1337612256.0 829.0
1337612256.0 828.0
1337612256.04 800.0
1337612256.05 717.0
1337612256.05 722.0
1337612256.05 684.0
1337612256.05 634.0
1337612256.05 639.0
1337612256.05 607.0
1337612256.05 556.0
1337612256.05 553.0
1337612256.05 546.0
1337612256.05 485.0
1337612256.06 497.0
1337612256.06 472.0
1337612256.14 404.0
1337612256.14 429.0
1337612256.14 394.0
1337612256.14 336.0
1337612256.14 344.0
1337612256.14 297.0
1337612256.15 256.0
1337612256.15 252.0
1337612256.15 228.0
1337612256.15 184.0
1337612256.15 176.0
1337612256.16 172.0
1337612256.16 128.0
1337612256.16 160.0
1337612256.16 147.0
1337612256.16 111.0
1337612256.2 133.0
1337612256.21 98.0
1337612256.21 121.0
1337612256.21 144.0
1337612256.21 109.0
1337612256.21 127.0
1337612256.21 102.0
1337612256.21 68.0
1337612256.21 108.0
1337612256.21 92.0
1337612256.22 64.0
1337612256.22 83.0
1337612256.22 65.0
1337612256.22 49.0
1337612256.23 83.0
1337612256.23 110.0
1337612256.24 63.0
1337612256.24 109.0
1337612256.27 111.0
1337612256.27 48.0
1337612256.28 97.0
1337612256.28 87.0
1337612256.28 54.0
1337612256.28 112.0
1337612256.28 100.0
1337612256.29 67.0
1337612256.29 95.0
1337612256.29 82.0
1337612256.4 63.0
1337612256.4 108.0
1337612256.4 115.0
1337612256.4 120.0
1337612256.4 167.0
1337612256.41 136.0
1337612256.41 138.0
1337612256.41 180.0
1337612256.41 156.0
1337612256.41 176.0
1337612256.41 198.0
1337612256.41 153.0
1337612256.41 184.0
1337612256.42 183.0
1337612256.42 141.0
1337612256.42 179.0
1337612256.42 197.0
1337612256.42 178.0
1337612256.42 223.0
1337612256.42 211.0
1337612256.49 176.0
1337612256.49 194.0
1337612256.49 203.0
1337612256.49 217.0
1337612256.49 220.0
1337612256.5 245.0
1337612256.5 254.0
1337612256.5 259.0
1337612256.5 298.0
1337612256.5 300.0
1337612256.5 267.0
1337612256.5 305.0
1337612256.56 291.0
1337612256.56 238.0
1337612256.56 201.0
1337612256.57 267.0
1337612256.57 202.0
1337612256.57 178.0
1337612256.57 272.0
1337612256.57 155.0
1337612256.57 168.0
1337612256.57 202.0
1337612256.63 92.0
1337612256.63 150.0
1337612256.63 138.0
1337612256.63 48.0
1337612256.63 67.0
1337612256.64 60.0
1337612256.64 -46.0
1337612256.64 -16.0
1337612256.64 -63.0
1337612256.64 -151.0
1337612256.64 -147.0
1337612256.64 -227.0
1337612256.64 -300.0
1337612256.65 -334.0
1337612256.7 -410.0
1337612256.7 -468.0
1337612256.7 -489.0
1337612256.7 -577.0
1337612256.7 -624.0
1337612256.7 -710.0
1337612256.71 -799.0
1337612256.71 -865.0
1337612256.71 -956.0
1337612256.71 -1001.0
1337612256.71 -1054.0
1337612256.71 -1140.0
1337612256.71 -1190.0
1337612256.76 -1224.0
1337612256.76 -1320.0
1337612256.76 -1348.0
1337612256.76 -1395.0
1337612256.76 -1471.0
1337612256.76 -1487.0
1337612256.77 -1508.0
1337612256.77 -1568.0
1337612256.77 -1599.0
1337612256.77 -1645.0
1337612256.77 -1728.0
1337612256.77 -1742.0
1337612256.82 -1786.0
1337612256.82 -1857.0
1337612256.82 -1882.0
1337612256.82 -1917.0
1337612256.83 -1992.0
1337612256.83 -2017.0
1337612256.83 -2054.0
1337612256.83 -2129.0
1337612256.83 -2169.0
1337612256.83 -2177.0
1337612256.83 -2246.0
1337612256.83 -2239.0
1337612256.83 -2220.0
1337612256.84 -2262.0
1337612256.85 -2247.0
1337612256.85 -2282.0
1337612256.85 -2363.0
1337612256.85 -2395.0
1337612256.85 -2431.0
1337612256.86 -2519.0
1337612256.86 -2581.0
1337612256.89 -2649.0
1337612256.89 -2751.0
1337612256.89 -2835.0
1337612256.89 -2874.0
1337612256.95 -2966.0
1337612256.95 -3014.0
1337612256.95 -3028.0
1337612256.95 -3113.0
1337612256.95 -3141.0
1337612256.95 -3153.0
1337612256.95 -3223.0
1337612256.95 -3211.0
1337612256.95 -3248.0
1337612256.96 -3339.0
1337612256.96 -3333.0
1337612256.96 -3399.0
1337612256.96 -3424.0
1337612256.96 -3425.0
1337612256.96 -3503.0
1337612256.96 -3505.0
1337612256.96 -3523.0
1337612256.96 -3576.0
1337612256.97 -3564.0
1337612256.97 -3598.0
1337612257.02 -3606.0
1337612257.02 -3582.0
1337612257.03 -3621.0
1337612257.03 -3612.0
1337612257.03 -3617.0
1337612257.03 -3621.0
1337612257.03 -3570.0
1337612257.03 -3577.0
1337612257.03 -3544.0
1337612257.03 -3497.0
1337612257.04 -3488.0
1337612257.04 -3424.0
1337612257.04 -3406.0
1337612257.04 -3364.0
1337612257.04 -3277.0
1337612257.04 -3237.0
1337612257.04 -3177.0
1337612257.04 -3149.0
1337612257.04 -3115.0
1337612257.05 -3065.0
1337612257.09 -3042.0
