1337616785.49 737.0
1337616785.49 690.0
1337616785.49 683.0
1337616785.5 682.0
1337616785.5 659.0
1337616785.51 605.0
1337616785.51 616.0
1337616785.52 582.0
1337616785.53 518.0
1337616785.55 559.0
1337616785.56 506.0
1337616785.57 463.0
1337616785.57 493.0
1337616785.57 440.0
1337616785.58 408.0
1337616785.58 413.0
1337616785.58 370.0
1337616785.59 313.0
1337616785.59 328.0
1337616785.63 304.0
1337616785.63 221.0
1337616785.64 246.0
1337616785.64 223.0
1337616785.64 158.0
1337616785.64 175.0
1337616785.64 153.0
1337616785.64 75.0
1337616785.65 85.0
1337616785.65 80.0
1337616785.65 0.0
1337616785.65 5.0
1337616785.65 6.0
1337616785.66 -92.0
1337616785.69 -66.0
1337616785.69 -51.0
1337616785.69 -149.0
1337616785.69 -133.0
1337616785.69 -114.0
1337616785.69 -197.0
1337616785.7 -167.0
1337616785.7 -143.0
1337616785.7 -214.0
1337616785.71 -198.0
1337616785.71 -169.0
1337616785.72 -252.0
1337616785.72 -239.0
1337616785.76 -219.0
1337616785.76 -290.0
1337616785.76 -286.0
1337616785.76 -254.0
1337616785.76 -318.0
1337616785.76 -333.0
1337616785.77 -296.0
1337616785.77 -344.0
1337616785.77 -355.0
1337616785.77 -309.0
1337616785.77 -373.0
1337616785.77 -402.0
1337616785.77 -368.0
1337616785.78 -412.0
1337616785.78 -431.0
1337616785.78 -408.0
1337616785.78 -437.0
1337616785.79 -464.0
1337616785.79 -410.0
1337616785.79 -413.0
1337616785.81 -463.0
1337616785.81 -413.0
1337616785.81 -410.0
1337616785.81 -448.0
1337616785.81 -405.0
1337616785.82 -390.0
1337616785.82 -456.0
1337616785.82 -404.0
1337616785.82 -390.0
1337616785.82 -469.0
1337616785.82 -414.0
1337616785.82 -421.0
1337616785.82 -494.0
1337616785.83 -458.0
1337616785.83 -443.0
1337616785.83 -502.0
1337616785.84 -468.0
1337616785.84 -438.0
1337616785.85 -509.0
1337616785.85 -473.0
1337616785.86 -444.0
1337616785.86 -512.0
1337616785.87 -461.0
1337616785.87 -430.0
1337616785.88 -491.0
1337616785.88 -482.0
1337616785.89 -439.0
1337616785.89 -486.0
1337616785.9 -467.0
1337616785.91 -436.0
1337616785.92 -488.0
1337616785.92 -479.0
1337616785.92 -446.0
1337616785.92 -496.0
1337616785.93 -491.0
1337616785.93 -458.0
1337616785.94 -487.0
1337616785.94 -475.0
1337616785.95 -427.0
1337616785.95 -455.0
1337616785.96 -446.0
1337616785.96 -407.0
1337616785.97 -416.0
1337616785.97 -423.0
1337616785.98 -409.0
1337616785.98 -408.0
1337616785.99 -417.0
1337616785.99 -386.0
1337616786.0 -385.0
1337616786.02 -396.0
1337616786.02 -388.0
1337616786.02 -387.0
1337616786.02 -395.0
1337616786.02 -359.0
1337616786.03 -355.0
1337616786.03 -367.0
1337616786.04 -373.0
1337616786.04 -356.0
1337616786.05 -367.0
1337616786.05 -371.0
1337616786.06 -353.0
1337616786.06 -359.0
1337616786.07 -365.0
1337616786.07 -335.0
1337616786.08 -326.0
1337616786.08 -332.0
1337616786.09 -306.0
1337616786.09 -301.0
1337616786.1 -301.0
1337616786.11 -270.0
1337616786.11 -241.0
1337616786.11 -263.0
1337616786.12 -216.0
1337616786.12 -179.0
1337616786.13 -191.0
1337616786.13 -162.0
1337616786.14 -126.0
1337616786.14 -167.0
1337616786.15 -140.0
1337616786.15 -91.0
1337616786.16 -119.0
1337616786.16 -94.0
1337616786.17 -30.0
1337616786.17 -74.0
1337616786.18 -33.0
1337616786.18 28.0
1337616786.2 -27.0
1337616786.2 12.0
1337616786.2 58.0
1337616786.2 46.0
1337616786.21 60.0
1337616786.21 111.0
1337616786.22 69.0
1337616786.22 61.0
1337616786.23 124.0
1337616786.23 84.0
1337616786.24 69.0
1337616786.24 131.0
1337616786.25 76.0
1337616786.25 73.0
1337616786.26 118.0
1337616786.26 104.0
1337616786.27 100.0
1337616786.27 144.0
1337616786.28 154.0
1337616786.28 114.0
1337616786.3 191.0
1337616786.3 198.0
1337616786.3 151.0
1337616786.3 226.0
1337616786.31 218.0
1337616786.31 176.0
1337616786.32 257.0
1337616786.32 264.0
1337616786.33 218.0
1337616786.33 268.0
1337616786.34 282.0
1337616786.34 239.0
1337616786.35 303.0
1337616786.35 310.0
1337616786.36 266.0
1337616786.36 306.0
1337616786.37 314.0
1337616786.37 289.0
1337616786.38 316.0
1337616786.38 324.0
1337616786.4 280.0
1337616786.4 312.0
1337616786.4 336.0
1337616786.4 312.0
1337616786.41 311.0
1337616786.41 338.0
1337616786.42 336.0
1337616786.42 320.0
1337616786.42 353.0
1337616786.43 355.0
1337616786.44 337.0
1337616786.44 360.0
1337616786.45 339.0
1337616786.45 337.0
1337616786.46 348.0
1337616786.46 348.0
1337616786.47 341.0
1337616786.47 336.0
1337616786.48 343.0
1337616786.48 296.0
1337616786.5 299.0
1337616786.5 300.0
1337616786.5 263.0
1337616786.5 248.0
1337616786.51 244.0
1337616786.51 225.0
1337616786.52 196.0
1337616786.52 198.0
1337616786.52 217.0
1337616786.53 180.0
1337616786.53 181.0
1337616786.54 194.0
1337616786.54 139.0
1337616786.55 143.0
1337616786.55 152.0
1337616786.57 123.0
1337616786.57 125.0
1337616786.59 148.0
1337616786.59 97.0
1337616786.59 113.0
1337616786.59 160.0
1337616786.59 102.0
1337616786.6 114.0
1337616786.6 154.0
1337616786.61 113.0
1337616786.61 105.0
1337616786.62 144.0
1337616786.62 126.0
1337616786.62 104.0
1337616786.63 142.0
1337616786.63 151.0
1337616786.64 112.0
1337616786.65 155.0
1337616786.65 141.0
1337616786.67 113.0
1337616786.68 170.0
1337616786.68 166.0
1337616786.68 138.0
1337616786.68 160.0
1337616786.68 183.0
1337616786.69 115.0
1337616786.69 163.0
1337616786.7 213.0
1337616786.71 134.0
1337616786.71 161.0
1337616786.71 186.0
1337616786.72 143.0
1337616786.72 177.0
1337616786.73 196.0
1337616786.73 185.0
1337616786.74 185.0
1337616786.75 209.0
1337616786.75 198.0
1337616786.77 165.0
1337616786.78 203.0
1337616786.78 169.0
1337616786.78 147.0
1337616786.78 206.0
1337616786.78 194.0
1337616786.79 144.0
1337616786.79 182.0
1337616786.79 185.0
1337616786.8 126.0
1337616786.8 150.0
1337616786.8 136.0
1337616786.81 94.0
1337616786.82 138.0
1337616786.82 133.0
1337616786.82 115.0
1337616786.84 122.0
1337616786.88 103.0
1337616786.88 118.0
1337616786.88 111.0
1337616786.88 137.0
1337616786.88 117.0
1337616786.89 104.0
1337616786.89 153.0
1337616786.89 141.0
1337616786.89 125.0
1337616786.89 127.0
1337616786.91 122.0
1337616786.91 96.0
1337616786.91 110.0
1337616786.91 121.0
1337616786.91 98.0
1337616786.91 85.0
1337616786.91 89.0
1337616786.92 85.0
1337616786.93 81.0
1337616786.93 75.0
1337616786.94 93.0
1337616786.94 82.0
1337616786.94 63.0
1337616786.96 102.0
1337616786.97 59.0
1337616786.97 73.0
1337616786.97 115.0
1337616786.97 68.0
1337616786.98 98.0
1337616786.98 140.0
1337616786.99 89.0
1337616786.99 112.0
1337616786.99 158.0
1337616787.0 112.0
1337616787.03 129.0
1337616787.03 196.0
1337616787.03 184.0
1337616787.03 169.0
1337616787.03 242.0
1337616787.04 229.0
1337616787.05 224.0
1337616787.05 271.0
1337616787.05 271.0
1337616787.05 238.0
1337616787.06 261.0
1337616787.07 271.0
1337616787.07 237.0
1337616787.08 283.0
1337616787.08 276.0
1337616787.08 224.0
1337616787.1 250.0
1337616787.1 262.0
1337616787.1 182.0
1337616787.1 219.0
1337616787.1 226.0
1337616787.11 158.0
1337616787.11 160.0
1337616787.12 175.0
1337616787.12 142.0
1337616787.13 112.0
1337616787.13 148.0
1337616787.14 120.0
1337616787.14 108.0
1337616787.15 126.0
1337616787.15 106.0
1337616787.16 81.0
1337616787.16 112.0
1337616787.17 79.0
1337616787.17 61.0
1337616787.18 84.0
1337616787.19 30.0
1337616787.2 18.0
1337616787.2 26.0
1337616787.2 10.0
1337616787.2 -19.0
1337616787.21 -19.0
1337616787.21 -30.0
1337616787.22 -18.0
1337616787.22 -44.0
1337616787.23 -33.0
1337616787.23 -20.0
1337616787.24 -64.0
1337616787.24 -56.0
1337616787.25 -56.0
1337616787.25 -77.0
1337616787.26 -113.0
1337616787.26 -109.0
1337616787.27 -132.0
1337616787.27 -149.0
1337616787.28 -140.0
1337616787.3 -134.0
1337616787.3 -138.0
1337616787.3 -130.0
1337616787.3 -115.0
1337616787.3 -155.0
1337616787.31 -120.0
1337616787.31 -105.0
1337616787.32 -140.0
1337616787.32 -99.0
1337616787.33 -70.0
1337616787.33 -136.0
1337616787.34 -98.0
1337616787.34 -73.0
1337616787.35 -130.0
1337616787.35 -101.0
1337616787.36 -112.0
1337616787.37 -106.0
1337616787.37 -113.0
1337616787.37 -95.0
1337616787.38 -65.0
1337616787.38 -103.0
1337616787.39 -77.0
1337616787.4 -61.0
1337616787.41 -98.0
1337616787.41 -51.0
1337616787.42 -45.0
1337616787.42 -108.0
1337616787.42 -81.0
1337616787.42 -101.0
1337616787.43 -134.0
1337616787.43 -106.0
1337616787.44 -81.0
1337616787.44 -122.0
1337616787.45 -129.0
1337616787.45 -103.0
1337616787.46 -130.0
1337616787.46 -140.0
1337616787.47 -121.0
1337616787.47 -127.0
1337616787.48 -190.0
1337616787.48 -146.0
1337616787.49 -163.0
1337616787.49 -222.0
1337616787.51 -205.0
1337616787.51 -228.0
1337616787.51 -258.0
1337616787.51 -245.0
1337616787.52 -249.0
1337616787.52 -280.0
1337616787.53 -273.0
1337616787.53 -297.0
1337616787.54 -310.0
1337616787.54 -343.0
1337616787.55 -324.0
1337616787.55 -354.0
1337616787.56 -371.0
1337616787.56 -352.0
1337616787.57 -404.0
1337616787.57 -414.0
1337616787.58 -420.0
1337616787.58 -431.0
1337616787.59 -468.0
1337616787.59 -477.0
1337616787.61 -474.0
1337616787.61 -485.0
1337616787.61 -525.0
1337616787.61 -508.0
1337616787.62 -506.0
1337616787.62 -544.0
1337616787.63 -528.0
1337616787.63 -528.0
1337616787.64 -567.0
1337616787.64 -579.0
1337616787.65 -592.0
1337616787.65 -622.0
1337616787.66 -614.0
1337616787.66 -628.0
1337616787.67 -634.0
1337616787.67 -656.0
1337616787.68 -666.0
1337616787.69 -679.0
1337616787.7 -698.0
1337616787.7 -680.0
1337616787.7 -677.0
1337616787.7 -744.0
1337616787.71 -715.0
1337616787.71 -695.0
1337616787.72 -770.0
1337616787.72 -720.0
1337616787.73 -723.0
1337616787.73 -763.0
1337616787.74 -766.0
1337616787.74 -766.0
1337616787.75 -799.0
1337616787.75 -808.0
1337616787.76 -794.0
1337616787.76 -820.0
1337616787.78 -845.0
1337616787.78 -834.0
1337616787.78 -852.0
1337616787.78 -880.0
1337616787.79 -841.0
1337616787.79 -853.0
1337616787.8 -912.0
1337616787.8 -870.0
1337616787.81 -853.0
1337616787.81 -931.0
1337616787.82 -876.0
1337616787.82 -881.0
1337616787.83 -932.0
1337616787.83 -897.0
1337616787.84 -890.0
1337616787.84 -919.0
1337616787.85 -898.0
1337616787.87 -889.0
1337616787.87 -905.0
1337616787.87 -896.0
1337616787.87 -868.0
1337616787.87 -867.0
1337616787.88 -887.0
1337616787.88 -834.0
1337616787.89 -837.0
1337616787.89 -843.0
1337616787.9 -785.0
1337616787.9 -761.0
1337616787.91 -796.0
1337616787.91 -745.0
1337616787.92 -713.0
1337616787.92 -761.0
1337616787.93 -709.0
1337616787.93 -699.0
1337616787.94 -732.0
1337616787.94 -692.0
1337616787.96 -673.0
1337616787.96 -708.0
1337616787.96 -686.0
1337616787.96 -663.0
1337616787.97 -690.0
1337616787.97 -671.0
1337616787.98 -648.0
1337616787.98 -659.0
1337616787.98 -671.0
1337616787.99 -644.0
1337616788.0 -651.0
1337616788.0 -665.0
1337616788.01 -636.0
1337616788.01 -631.0
1337616788.05 -659.0
1337616788.05 -637.0
1337616788.05 -639.0
1337616788.05 -672.0
1337616788.05 -655.0
1337616788.05 -678.0
1337616788.05 -675.0
1337616788.06 -674.0
1337616788.06 -671.0
1337616788.07 -669.0
1337616788.07 -691.0
1337616788.07 -682.0
1337616788.08 -673.0
1337616788.08 -673.0
1337616788.08 -657.0
1337616788.09 -624.0
1337616788.09 -666.0
1337616788.1 -652.0
1337616788.11 -615.0
1337616788.11 -646.0
1337616788.13 -617.0
1337616788.14 -574.0
1337616788.14 -611.0
1337616788.14 -606.0
1337616788.14 -563.0
1337616788.14 -571.0
1337616788.15 -552.0
1337616788.15 -525.0
1337616788.15 -499.0
1337616788.16 -525.0
1337616788.17 -462.0
1337616788.17 -431.0
1337616788.18 -439.0
1337616788.18 -368.0
1337616788.19 -341.0
1337616788.19 -359.0
1337616788.19 -296.0
1337616788.2 -241.0
1337616788.21 -304.0
1337616788.21 -229.0
1337616788.24 -200.0
1337616788.24 -210.0
1337616788.24 -162.0
1337616788.24 -126.0
1337616788.24 -125.0
1337616788.24 -101.0
1337616788.25 -34.0
1337616788.26 -9.0
1337616788.26 2.0
1337616788.26 58.0
1337616788.27 80.0
1337616788.28 65.0
1337616788.28 151.0
1337616788.28 154.0
1337616788.29 132.0
1337616788.29 184.0
1337616788.29 196.0
1337616788.3 162.0
1337616788.31 218.0
1337616788.31 225.0
1337616788.33 199.0
1337616788.33 223.0
1337616788.33 247.0
1337616788.33 258.0
1337616788.34 263.0
1337616788.34 318.0
1337616788.34 305.0
1337616788.35 331.0
1337616788.35 367.0
1337616788.36 360.0
1337616788.36 368.0
1337616788.37 411.0
1337616788.37 411.0
1337616788.38 421.0
1337616788.38 442.0
1337616788.39 455.0
1337616788.39 448.0
1337616788.42 459.0
1337616788.42 485.0
1337616788.42 483.0
1337616788.42 492.0
1337616788.42 500.0
1337616788.42 512.0
1337616788.43 508.0
1337616788.44 523.0
1337616788.44 542.0
1337616788.45 523.0
1337616788.45 514.0
1337616788.45 557.0
1337616788.46 485.0
1337616788.46 508.0
1337616788.47 535.0
1337616788.47 468.0
1337616788.48 493.0
1337616788.48 519.0
1337616788.49 454.0
1337616788.49 452.0
1337616788.5 473.0
1337616788.51 414.0
1337616788.51 411.0
1337616788.53 441.0
1337616788.53 410.0
1337616788.53 383.0
1337616788.53 424.0
1337616788.53 398.0
1337616788.54 374.0
1337616788.54 413.0
1337616788.55 404.0
1337616788.56 369.0
1337616788.56 418.0
1337616788.57 406.0
1337616788.57 370.0
1337616788.57 412.0
1337616788.58 443.0
1337616788.58 379.0
1337616788.59 411.0
1337616788.59 428.0
1337616788.6 358.0
1337616788.6 408.0
1337616788.61 428.0
1337616788.62 361.0
1337616788.62 377.0
1337616788.62 389.0
1337616788.63 346.0
1337616788.63 347.0
1337616788.64 354.0
1337616788.64 330.0
1337616788.65 299.0
1337616788.65 326.0
1337616788.66 293.0
1337616788.66 267.0
1337616788.67 292.0
1337616788.67 267.0
1337616788.68 222.0
1337616788.68 256.0
1337616788.69 234.0
1337616788.69 169.0
1337616788.71 206.0
1337616788.71 194.0
1337616788.72 128.0
1337616788.72 136.0
1337616788.72 131.0
1337616788.73 71.0
1337616788.73 75.0
1337616788.73 75.0
1337616788.74 31.0
1337616788.74 28.0
1337616788.75 24.0
1337616788.75 -19.0
1337616788.76 -20.0
1337616788.76 -17.0
1337616788.77 -42.0
1337616788.77 -52.0
1337616788.78 -18.0
1337616788.78 -38.0
1337616788.79 -57.0
1337616788.79 -37.0
1337616788.81 -56.0
1337616788.81 -93.0
1337616788.81 -90.0
1337616788.81 -101.0
1337616788.82 -123.0
1337616788.83 -118.0
1337616788.83 -130.0
1337616788.83 -135.0
1337616788.84 -145.0
1337616788.84 -160.0
1337616788.85 -164.0
1337616788.85 -179.0
1337616788.86 -177.0
1337616788.86 -185.0
1337616788.87 -221.0
1337616788.87 -213.0
1337616788.88 -207.0
1337616788.88 -235.0
1337616788.89 -231.0
1337616788.89 -236.0
1337616788.91 -288.0
1337616788.91 -298.0
1337616788.91 -292.0
1337616788.91 -302.0
1337616788.92 -325.0
1337616788.92 -304.0
1337616788.93 -313.0
1337616788.93 -333.0
1337616788.94 -295.0
1337616788.94 -305.0
1337616788.95 -329.0
1337616788.95 -277.0
1337616788.96 -276.0
1337616788.96 -311.0
1337616788.97 -249.0
1337616788.97 -236.0
1337616788.98 -277.0
1337616789.0 -215.0
1337616789.0 -203.0
1337616789.0 -253.0
1337616789.0 -188.0
1337616789.0 -174.0
1337616789.01 -201.0
1337616789.01 -170.0
1337616789.02 -141.0
1337616789.02 -190.0
1337616789.03 -162.0
1337616789.03 -118.0
1337616789.04 -194.0
1337616789.04 -167.0
1337616789.05 -128.0
1337616789.05 -199.0
1337616789.06 -170.0
1337616789.06 -137.0
1337616789.07 -188.0
1337616789.07 -189.0
1337616789.09 -137.0
1337616789.09 -157.0
1337616789.09 -161.0
1337616789.09 -83.0
1337616789.1 -140.0
1337616789.1 -135.0
1337616789.11 -69.0
1337616789.11 -102.0
1337616789.12 -91.0
1337616789.12 -31.0
1337616789.13 -52.0
1337616789.13 -57.0
1337616789.14 0.0
1337616789.14 5.0
1337616789.15 -26.0
1337616789.15 37.0
1337616789.16 47.0
1337616789.18 26.0
1337616789.18 83.0
1337616789.18 77.0
1337616789.18 79.0
1337616789.19 133.0
1337616789.19 117.0
1337616789.2 106.0
1337616789.2 128.0
1337616789.2 120.0
1337616789.22 128.0
1337616789.22 145.0
1337616789.22 144.0
1337616789.22 136.0
1337616789.23 130.0
1337616789.24 140.0
1337616789.24 160.0
1337616789.24 140.0
1337616789.31 150.0
1337616789.31 164.0
1337616789.32 149.0
1337616789.32 128.0
1337616789.32 153.0
1337616789.33 135.0
1337616789.33 123.0
1337616789.34 159.0
1337616789.34 142.0
1337616789.35 138.0
1337616789.35 181.0
1337616789.35 154.0
1337616789.36 148.0
1337616789.42 183.0
1337616789.43 163.0
1337616789.43 120.0
1337616789.43 181.0
1337616789.43 187.0
1337616789.43 144.0
1337616789.43 202.0
1337616789.43 200.0
1337616789.43 164.0
1337616789.44 202.0
1337616789.44 219.0
1337616789.44 189.0
1337616789.44 234.0
1337616789.44 265.0
1337616789.49 215.0
1337616789.49 245.0
1337616789.5 289.0
1337616789.5 196.0
1337616789.5 267.0
1337616789.5 303.0
1337616789.51 232.0
1337616789.52 260.0
1337616789.52 287.0
1337616789.52 249.0
1337616789.52 268.0
1337616789.52 298.0
1337616789.52 268.0
1337616789.56 276.0
1337616789.56 312.0
1337616789.57 283.0
1337616789.58 266.0
1337616789.58 308.0
1337616789.58 260.0
1337616789.58 262.0
1337616789.58 322.0
1337616789.58 301.0
1337616789.58 266.0
1337616789.58 295.0
1337616789.59 284.0
1337616789.59 275.0
1337616789.59 312.0
1337616789.59 308.0
1337616789.59 290.0
1337616789.61 315.0
1337616789.61 277.0
1337616789.61 224.0
1337616789.61 143.0
1337616789.61 -29.0
1337616789.61 -186.0
1337616789.61 -385.0
1337616789.61 -645.0
1337616789.62 -858.0
1337616789.62 -1171.0
1337616789.62 -1482.0
1337616789.62 -1742.0
1337616789.62 -2125.0
1337616789.62 -2462.0
1337616789.62 -2777.0
1337616789.62 -3158.0
1337616789.62 -3504.0
1337616789.62 -3805.0
1337616789.63 -4157.0
1337616789.63 -4520.0
1337616789.63 -4787.0
1337616789.64 -5141.0
1337616789.64 -5451.0
1337616789.64 -5687.0
1337616789.65 -6032.0
1337616789.65 -6329.0
1337616789.66 -6582.0
1337616789.66 -6878.0
1337616789.67 -7174.0
1337616789.67 -7415.0
1337616789.68 -7695.0
1337616789.68 -7945.0
1337616789.69 -8187.0
1337616789.69 -8419.0
1337616789.7 -8642.0
1337616789.7 -8875.0
1337616789.71 -9092.0
1337616789.71 -9265.0
1337616789.72 -9467.0
1337616789.72 -9662.0
1337616789.73 -9812.0
1337616789.73 -10013.0
1337616789.74 -10161.0
1337616789.74 -10301.0
1337616789.76 -10479.0
1337616789.76 -10613.0
1337616789.76 -10699.0
1337616789.76 -10876.0
1337616789.77 -10983.0
1337616789.77 -11041.0
1337616789.78 -11223.0
1337616789.78 -11297.0
1337616789.79 -11343.0
1337616789.79 -11462.0
1337616789.8 -11550.0
1337616789.8 -11580.0
1337616789.81 -11647.0
1337616789.81 -11729.0
1337616789.82 -11734.0
1337616789.82 -11789.0
1337616789.83 -11868.0
1337616789.83 -11868.0
1337616789.84 -11901.0
1337616789.84 -11967.0
1337616789.86 -11924.0
1337616789.86 -11943.0
1337616789.86 -12002.0
1337616789.86 -11943.0
1337616789.87 -11939.0
1337616789.87 -11993.0
1337616789.88 -11925.0
1337616789.88 -11878.0
1337616789.89 -11941.0
1337616789.89 -11866.0
1337616789.9 -11826.0
1337616789.9 -11856.0
1337616789.91 -11798.0
1337616789.91 -11742.0
1337616789.92 -11751.0
1337616789.92 -11688.0
1337616789.93 -11627.0
1337616789.93 -11635.0
1337616789.94 -11560.0
1337616789.94 -11521.0
1337616789.96 -11503.0
1337616789.96 -11467.0
1337616789.96 -11383.0
1337616789.96 -11371.0
1337616789.97 -11331.0
1337616789.97 -11251.0
1337616789.98 -11205.0
1337616789.98 -11185.0
1337616789.99 -11107.0
1337616789.99 -11041.0
1337616790.0 -11057.0
1337616790.0 -10960.0
1337616790.01 -10927.0
1337616790.01 -10922.0
1337616790.02 -10837.0
1337616790.02 -10799.0
1337616790.03 -10707.0
1337616790.03 -10538.0
1337616790.03 -10394.0
1337616790.04 -10161.0
1337616790.06 -9950.0
1337616790.06 -9687.0
1337616790.06 -9405.0
1337616790.06 -9149.0
1337616790.07 -8799.0
1337616790.07 -8477.0
1337616790.08 -8166.0
1337616790.08 -7783.0
1337616790.08 -7408.0
1337616790.09 -7119.0
1337616790.09 -6695.0
1337616790.1 -6320.0
1337616790.11 -6026.0
1337616790.11 -5637.0
1337616790.11 -5290.0
1337616790.12 -5006.0
1337616790.12 -4611.0
1337616790.13 -4277.0
1337616790.13 -4020.0
1337616790.14 -3635.0
1337616790.14 -3359.0
1337616790.15 -3088.0
1337616790.15 -2755.0
1337616790.17 -2506.0
1337616790.17 -2262.0
1337616790.18 -1973.0
1337616790.18 -1707.0
1337616790.18 -1501.0
1337616790.19 -1227.0
1337616790.19 -1017.0
1337616790.19 -830.0
1337616790.2 -605.0
1337616790.2 -418.0
1337616790.21 -218.0
1337616790.21 -56.0
1337616790.22 122.0
1337616790.22 275.0
1337616790.23 421.0
1337616790.24 565.0
1337616790.24 663.0
1337616790.26 811.0
1337616790.26 893.0
1337616790.26 979.0
1337616790.26 1102.0
1337616790.26 1148.0
1337616790.27 1232.0
1337616790.27 1314.0
1337616790.28 1356.0
1337616790.28 1420.0
1337616790.29 1515.0
1337616790.29 1495.0
1337616790.3 1557.0
1337616790.3 1612.0
1337616790.31 1579.0
1337616790.31 1634.0
1337616790.32 1680.0
1337616790.32 1602.0
1337616790.33 1636.0
1337616790.33 1679.0
1337616790.34 1607.0
1337616790.35 1635.0
1337616790.35 1636.0
1337616790.36 1626.0
1337616790.36 1632.0
1337616790.36 1661.0
1337616790.37 1675.0
1337616790.37 1641.0
1337616790.38 1705.0
1337616790.38 1706.0
1337616790.39 1679.0
1337616790.39 1755.0
1337616790.4 1749.0
1337616790.4 1714.0
1337616790.41 1795.0
1337616790.41 1803.0
1337616790.42 1738.0
1337616790.42 1813.0
1337616790.45 1811.0
1337616790.45 1760.0
1337616790.45 1799.0
1337616790.45 1789.0
1337616790.45 1722.0
1337616790.46 1766.0
1337616790.46 1751.0
1337616790.47 1707.0
1337616790.47 1717.0
1337616790.47 1713.0
1337616790.48 1679.0
1337616790.48 1692.0
1337616790.49 1690.0
1337616790.49 1640.0
1337616790.5 1654.0
1337616790.5 1661.0
1337616790.51 1641.0
1337616790.51 1662.0
1337616790.52 1672.0
1337616790.52 1665.0
1337616790.53 1666.0
1337616790.53 1674.0
1337616790.54 1707.0
1337616790.56 1704.0
1337616790.56 1716.0
1337616790.56 1735.0
1337616790.56 1732.0
1337616790.57 1722.0
1337616790.57 1756.0
1337616790.57 1755.0
1337616790.6 1751.0
1337616790.62 1773.0
1337616790.62 1757.0
1337616790.62 1727.0
1337616790.63 1766.0
1337616790.63 1747.0
1337616790.64 1710.0
1337616790.64 1751.0
1337616790.64 1713.0
1337616790.67 1653.0
1337616790.67 1729.0
1337616790.68 1688.0
1337616790.68 1640.0
1337616790.68 1696.0
1337616790.69 1647.0
1337616790.69 1608.0
1337616790.69 1649.0
1337616790.69 1600.0
1337616790.69 1557.0
1337616790.7 1614.0
1337616790.7 1574.0
1337616790.71 1544.0
1337616790.71 1599.0
1337616790.73 1541.0
1337616790.74 1528.0
1337616790.74 1577.0
1337616790.75 1553.0
1337616790.75 1552.0
1337616790.76 1570.0
1337616790.77 1551.0
1337616790.78 1558.0
1337616790.78 1571.0
1337616790.79 1579.0
1337616790.81 1594.0
1337616790.81 1582.0
1337616790.81 1617.0
1337616790.81 1616.0
1337616790.82 1625.0
1337616790.82 1660.0
1337616790.82 1659.0
1337616790.82 1645.0
1337616790.82 1702.0
1337616790.84 1712.0
1337616790.84 1708.0
1337616790.84 1754.0
1337616790.84 1796.0
1337616790.84 1754.0
1337616790.85 1812.0
1337616790.85 1849.0
1337616790.85 1784.0
1337616790.85 1876.0
1337616790.86 1880.0
1337616790.86 1803.0
1337616790.86 1888.0
1337616790.87 1858.0
1337616790.88 1815.0
1337616790.89 1869.0
1337616790.89 1836.0
1337616790.9 1854.0
1337616790.9 1870.0
1337616790.92 1902.0
1337616790.94 1874.0
1337616790.94 1887.0
1337616790.94 1907.0
1337616790.98 1863.0
1337616790.98 1896.0
1337616790.98 1867.0
1337616790.98 1831.0
1337616790.98 1865.0
1337616790.99 1835.0
1337616790.99 1849.0
1337616790.99 1889.0
1337616790.99 1841.0
1337616791.0 1860.0
1337616791.0 1887.0
1337616791.0 1830.0
1337616791.0 1857.0
1337616791.0 1878.0
1337616791.0 1834.0
1337616791.01 1868.0
1337616791.01 1888.0
1337616791.01 1875.0
1337616791.01 1886.0
1337616791.01 1927.0
1337616791.01 1919.0
1337616791.01 1923.0
1337616791.02 2008.0
1337616791.02 1960.0
1337616791.02 1970.0
1337616791.02 2011.0
1337616791.03 1958.0
1337616791.03 1999.0
1337616791.05 2009.0
1337616791.05 1979.0
1337616791.05 2018.0
1337616791.05 2005.0
1337616791.06 2015.0
1337616791.06 2043.0
1337616791.07 2022.0
1337616791.07 2007.0
1337616791.08 2030.0
1337616791.08 2017.0
1337616791.09 1988.0
1337616791.1 2016.0
1337616791.1 1973.0
1337616791.11 1956.0
1337616791.11 2000.0
1337616791.11 1966.0
1337616791.12 1921.0
1337616791.12 1956.0
1337616791.13 1893.0
1337616791.13 1853.0
1337616791.14 1873.0
1337616791.15 1820.0
1337616791.15 1765.0
1337616791.16 1766.0
1337616791.16 1730.0
1337616791.16 1689.0
1337616791.17 1678.0
1337616791.17 1643.0
1337616791.18 1591.0
1337616791.18 1566.0
1337616791.19 1519.0
1337616791.2 1444.0
1337616791.2 1428.0
1337616791.2 1367.0
1337616791.21 1309.0
1337616791.21 1328.0
1337616791.22 1267.0
1337616791.22 1237.0
1337616791.23 1252.0
1337616791.23 1194.0
1337616791.24 1194.0
1337616791.25 1202.0
1337616791.25 1127.0
1337616791.26 1130.0
1337616791.26 1116.0
1337616791.26 1065.0
1337616791.27 1045.0
1337616791.27 1054.0
1337616791.28 1008.0
1337616791.28 969.0
1337616791.29 1008.0
1337616791.29 944.0
1337616791.3 898.0
1337616791.31 918.0
1337616791.32 850.0
1337616791.32 773.0
1337616791.32 789.0
1337616791.32 711.0
1337616791.33 668.0
1337616791.33 647.0
1337616791.33 597.0
1337616791.34 560.0
1337616791.35 541.0
1337616791.35 510.0
1337616791.37 464.0
1337616791.37 436.0
1337616791.37 395.0
1337616791.37 340.0
1337616791.38 333.0
1337616791.38 292.0
1337616791.39 250.0
1337616791.39 256.0
1337616791.4 206.0
1337616791.4 187.0
1337616791.42 185.0
1337616791.42 159.0
1337616791.42 151.0
1337616791.42 173.0
1337616791.43 106.0
1337616791.43 100.0
1337616791.44 115.0
1337616791.44 19.0
1337616791.44 38.0
1337616791.45 44.0
1337616791.46 -46.0
1337616791.47 -32.0
1337616791.47 -30.0
1337616791.47 -67.0
1337616791.48 -98.0
1337616791.48 -87.0
1337616791.49 -99.0
1337616791.49 -139.0
1337616791.5 -99.0
1337616791.5 -125.0
1337616791.51 -178.0
1337616791.52 -152.0
1337616791.52 -182.0
1337616791.52 -226.0
1337616791.53 -181.0
1337616791.53 -233.0
1337616791.54 -265.0
1337616791.54 -249.0
1337616791.55 -259.0
1337616791.55 -300.0
1337616791.56 -278.0
1337616791.56 -255.0
1337616791.57 -294.0
1337616791.58 -281.0
1337616791.58 -280.0
1337616791.58 -278.0
1337616791.58 -305.0
1337616791.59 -272.0
1337616791.59 -280.0
1337616791.6 -309.0
1337616791.61 -307.0
1337616791.61 -344.0
1337616791.62 -348.0
1337616791.63 -340.0
1337616791.63 -376.0
1337616791.63 -343.0
1337616791.63 -355.0
1337616791.64 -368.0
1337616791.64 -319.0
1337616791.65 -349.0
1337616791.66 -324.0
1337616791.66 -320.0
1337616791.67 -361.0
1337616791.68 -336.0
1337616791.68 -320.0
1337616791.68 -354.0
1337616791.68 -368.0
1337616791.69 -333.0
1337616791.69 -369.0
1337616791.7 -391.0
1337616791.71 -325.0
1337616791.71 -362.0
1337616791.71 -360.0
1337616791.73 -319.0
1337616791.73 -301.0
1337616791.73 -311.0
1337616791.73 -278.0
1337616791.74 -265.0
1337616791.74 -303.0
1337616791.75 -258.0
1337616791.75 -257.0
1337616791.76 -285.0
1337616791.76 -248.0
1337616791.77 -240.0
1337616791.77 -264.0
1337616791.78 -230.0
1337616791.8 -196.0
1337616791.8 -183.0
1337616791.8 -193.0
1337616791.8 -125.0
1337616791.8 -145.0
1337616791.81 -168.0
1337616791.81 -114.0
1337616791.82 -157.0
1337616791.82 -138.0
1337616791.83 -101.0
1337616791.83 -100.0
1337616791.84 -85.0
1337616791.84 -53.0
1337616791.85 -43.0
1337616791.87 -22.0
1337616791.87 -7.0
1337616791.87 19.0
1337616791.87 16.0
1337616791.87 30.0
1337616791.88 64.0
1337616791.89 54.0
1337616791.89 95.0
1337616791.89 100.0
1337616791.9 129.0
1337616791.9 178.0
1337616791.92 176.0
1337616791.92 212.0
1337616791.92 244.0
1337616791.93 228.0
1337616791.93 247.0
1337616791.94 277.0
1337616791.94 271.0
1337616791.94 273.0
1337616791.95 314.0
1337616791.97 322.0
1337616791.97 338.0
1337616791.97 375.0
1337616791.97 391.0
1337616791.97 387.0
1337616791.98 420.0
1337616791.99 430.0
1337616791.99 381.0
1337616791.99 444.0
1337616792.0 404.0
1337616792.02 372.0
1337616792.02 411.0
1337616792.02 381.0
1337616792.03 364.0
1337616792.03 386.0
1337616792.03 406.0
1337616792.03 367.0
1337616792.04 376.0
1337616792.05 383.0
1337616792.06 341.0
1337616792.08 318.0
1337616792.08 333.0
1337616792.08 291.0
1337616792.08 304.0
1337616792.08 288.0
1337616792.08 263.0
1337616792.09 293.0
1337616792.09 245.0
1337616792.09 260.0
1337616792.1 247.0
1337616792.21 214.0
1337616792.21 190.0
1337616792.21 171.0
1337616792.22 175.0
1337616792.22 137.0
1337616792.23 123.0
1337616792.23 133.0
1337616792.23 106.0
1337616792.24 103.0
1337616792.29 101.0
1337616792.29 54.0
1337616792.29 39.0
1337616792.29 11.0
1337616792.29 -28.0
1337616792.29 -30.0
1337616792.29 -52.0
1337616792.29 -92.0
1337616792.29 -100.0
1337616792.3 -108.0
1337616792.3 -160.0
1337616792.3 -205.0
1337616792.3 -204.0
1337616792.3 -241.0
1337616792.3 -290.0
1337616792.3 -278.0
1337616792.3 -305.0
1337616792.3 -344.0
1337616792.3 -343.0
1337616792.3 -351.0
1337616792.3 -371.0
1337616792.3 -396.0
1337616792.3 -409.0
1337616792.3 -439.0
1337616792.3 -465.0
1337616792.3 -482.0
1337616792.3 -501.0
1337616792.3 -500.0
1337616792.31 -514.0
1337616792.31 -530.0
1337616792.31 -525.0
1337616792.31 -538.0
1337616792.32 -551.0
1337616792.32 -576.0
1337616792.32 -597.0
1337616792.33 -599.0
1337616792.34 -623.0
1337616792.34 -594.0
1337616792.34 -610.0
1337616792.34 -616.0
1337616792.35 -592.0
1337616792.36 -629.0
1337616792.36 -609.0
1337616792.36 -624.0
1337616792.37 -640.0
1337616792.37 -622.0
1337616792.38 -636.0
1337616792.39 -621.0
1337616792.4 -621.0
1337616792.41 -608.0
1337616792.41 -585.0
1337616792.41 -613.0
1337616792.41 -577.0
1337616792.41 -596.0
1337616792.42 -597.0
1337616792.42 -560.0
1337616792.43 -584.0
1337616792.43 -544.0
1337616792.44 -562.0
1337616792.44 -525.0
1337616792.45 -526.0
1337616792.46 -549.0
1337616792.46 -501.0
1337616792.46 -543.0
1337616792.47 -535.0
1337616792.47 -521.0
1337616792.48 -523.0
1337616792.48 -520.0
1337616792.49 -518.0
1337616792.49 -509.0
1337616792.5 -503.0
1337616792.51 -516.0
1337616792.51 -507.0
1337616792.51 -531.0
1337616792.52 -549.0
1337616792.52 -542.0
1337616792.53 -551.0
1337616792.53 -529.0
1337616792.54 -569.0
1337616792.54 -555.0
1337616792.55 -573.0
1337616792.57 -589.0
1337616792.57 -582.0
1337616792.57 -606.0
1337616792.57 -604.0
1337616792.57 -614.0
1337616792.58 -609.0
1337616792.58 -583.0
1337616792.59 -575.0
1337616792.59 -566.0
1337616792.6 -546.0
1337616792.62 -575.0
1337616792.62 -551.0
1337616792.62 -573.0
1337616792.62 -562.0
1337616792.62 -551.0
1337616792.63 -567.0
1337616792.63 -542.0
1337616792.64 -558.0
1337616792.64 -538.0
1337616792.65 -529.0
1337616792.67 -523.0
1337616792.67 -489.0
1337616792.67 -474.0
1337616792.67 -511.0
1337616792.67 -499.0
1337616792.68 -498.0
1337616792.68 -538.0
1337616792.69 -505.0
1337616792.69 -491.0
1337616792.7 -505.0
1337616792.7 -487.0
1337616792.72 -457.0
1337616792.72 -442.0
1337616792.72 -443.0
1337616792.72 -423.0
1337616792.73 -422.0
1337616792.73 -450.0
1337616792.74 -441.0
1337616792.74 -441.0
1337616792.75 -437.0
1337616792.76 -426.0
1337616792.76 -400.0
1337616792.76 -385.0
1337616792.77 -389.0
1337616792.77 -357.0
1337616792.78 -371.0
1337616792.78 -384.0
1337616792.79 -334.0
1337616792.79 -345.0
1337616792.8 -356.0
1337616792.81 -298.0
1337616792.82 -335.0
1337616792.82 -315.0
1337616792.82 -280.0
1337616792.82 -271.0
1337616792.83 -248.0
1337616792.83 -267.0
1337616792.84 -218.0
1337616792.84 -245.0
1337616792.85 -246.0
1337616792.85 -223.0
1337616792.87 -244.0
1337616792.87 -241.0
1337616792.87 -235.0
1337616792.87 -218.0
1337616792.88 -201.0
1337616792.9 -195.0
1337616792.9 -183.0
1337616792.9 -201.0
1337616792.9 -221.0
1337616792.91 -199.0
1337616792.91 -227.0
1337616792.91 -200.0
1337616792.92 -216.0
1337616792.92 -216.0
1337616792.93 -187.0
1337616792.93 -225.0
1337616792.94 -187.0
1337616792.94 -202.0
1337616792.95 -221.0
1337616792.95 -207.0
1337616792.96 -261.0
1337616792.96 -271.0
1337616793.0 -287.0
1337616793.0 -316.0
1337616793.0 -286.0
1337616793.0 -316.0
1337616793.0 -315.0
1337616793.0 -326.0
1337616793.01 -361.0
1337616793.01 -355.0
1337616793.01 -388.0
1337616793.01 -388.0
1337616793.02 -419.0
1337616793.03 -430.0
1337616793.03 -465.0
1337616793.03 -511.0
1337616793.04 -495.0
1337616793.04 -554.0
1337616793.05 -571.0
1337616793.05 -565.0
1337616793.06 -610.0
1337616793.06 -658.0
1337616793.07 -662.0
1337616793.07 -688.0
1337616793.08 -764.0
1337616793.09 -759.0
1337616793.09 -786.0
1337616793.09 -855.0
1337616793.1 -839.0
1337616793.1 -858.0
1337616793.11 -877.0
1337616793.11 -879.0
1337616793.12 -903.0
1337616793.12 -905.0
1337616793.13 -957.0
1337616793.13 -963.0
1337616793.15 -996.0
1337616793.15 -1040.0
1337616793.15 -1031.0
1337616793.15 -1065.0
1337616793.16 -1067.0
1337616793.16 -1076.0
1337616793.17 -1092.0
1337616793.17 -1098.0
1337616793.18 -1105.0
1337616793.18 -1103.0
1337616793.2 -1115.0
1337616793.2 -1125.0
1337616793.2 -1108.0
1337616793.2 -1124.0
1337616793.21 -1138.0
1337616793.21 -1112.0
1337616793.22 -1131.0
1337616793.22 -1114.0
1337616793.23 -1111.0
1337616793.23 -1087.0
1337616793.25 -1063.0
1337616793.25 -1092.0
1337616793.25 -1030.0
1337616793.25 -1044.0
1337616793.26 -1073.0
1337616793.26 -1038.0
1337616793.27 -1065.0
1337616793.27 -1066.0
1337616793.28 -1059.0
1337616793.28 -1061.0
1337616793.34 -1029.0
1337616793.35 -1046.0
1337616793.35 -1034.0
1337616793.35 -1042.0
1337616793.35 -1082.0
1337616793.35 -1072.0
1337616793.36 -1090.0
1337616793.37 -1076.0
1337616793.74 -1078.0
1337616793.75 -1090.0
1337616793.75 -1083.0
1337616793.75 -1099.0
1337616793.76 -1106.0
1337616793.77 -1098.0
1337616793.77 -1101.0
1337616793.78 -1093.0
1337616793.78 -1093.0
1337616793.79 -1146.0
1337616793.79 -1145.0
1337616793.79 -1163.0
1337616793.8 -1221.0
1337616793.8 -1220.0
1337616793.85 -1207.0
1337616793.85 -1225.0
1337616793.85 -1240.0
1337616793.85 -1203.0
1337616793.85 -1245.0
1337616793.85 -1286.0
1337616793.85 -1254.0
1337616793.85 -1289.0
1337616793.85 -1322.0
1337616793.85 -1311.0
1337616793.89 -1321.0
1337616793.89 -1324.0
1337616793.89 -1309.0
1337616793.89 -1311.0
1337616793.89 -1323.0
1337616793.89 -1330.0
1337616793.9 -1341.0
1337616793.9 -1355.0
1337616793.9 -1367.0
1337616793.9 -1383.0
1337616793.94 -1419.0
1337616793.94 -1436.0
1337616793.94 -1431.0
1337616793.94 -1455.0
1337616793.94 -1460.0
1337616793.94 -1484.0
1337616793.95 -1502.0
1337616793.95 -1525.0
1337616793.95 -1540.0
1337616793.95 -1546.0
1337616793.98 -1559.0
1337616793.99 -1535.0
1337616793.99 -1535.0
1337616793.99 -1515.0
1337616793.99 -1516.0
1337616793.99 -1520.0
1337616793.99 -1490.0
1337616794.0 -1499.0
1337616794.0 -1497.0
1337616794.0 -1497.0
1337616794.0 -1513.0
1337616794.0 -1531.0
1337616794.0 -1513.0
1337616794.0 -1524.0
1337616794.02 -1525.0
1337616794.02 -1532.0
1337616794.02 -1549.0
1337616794.03 -1550.0
1337616794.03 -1632.0
1337616794.04 -1633.0
1337616794.04 -1688.0
1337616794.04 -1750.0
1337616794.04 -1759.0
1337616794.07 -1808.0
1337616794.07 -1813.0
1337616794.07 -1886.0
1337616794.08 -1904.0
1337616794.08 -1950.0
1337616794.08 -2045.0
1337616794.09 -2058.0
1337616794.09 -2126.0
1337616794.09 -2168.0
1337616794.09 -2216.0
1337616794.1 -2266.0
1337616794.1 -2287.0
1337616794.14 -2331.0
1337616794.14 -3064.0
1337616794.14 -3023.0
1337616794.14 -3005.0
1337616794.14 -2966.0
1337616794.14 -2941.0
1337616794.14 -2899.0
1337616794.14 -2850.0
1337616794.14 -2853.0
1337616794.15 -2801.0
1337616794.15 -2762.0
1337616794.15 -2730.0
1337616794.15 -2658.0
1337616794.15 -2627.0
1337616794.15 -2572.0
1337616794.15 -2537.0
1337616794.15 -2482.0
1337616794.15 -2455.0
1337616794.15 -2423.0
1337616794.16 -2354.0
1337616794.16 -2336.0
1337616794.16 -2278.0
1337616794.16 -2233.0
1337616794.16 -2174.0
1337616794.16 -2137.0
1337616794.16 -2099.0
1337616794.17 -2014.0
1337616794.17 -1995.0
1337616794.17 -1947.0
1337616794.17 -1883.0
1337616794.17 -1859.0
1337616794.17 -1826.0
1337616794.17 -1753.0
1337616794.17 -1712.0
1337616794.17 -1701.0
1337616794.17 -1626.0
1337616794.19 -1619.0
1337616794.19 -1605.0
1337616794.19 -1570.0
1337616794.19 -1571.0
1337616794.19 -1541.0
1337616794.19 -1524.0
1337616794.19 -1479.0
1337616794.19 -1436.0
1337616794.2 -1415.0
1337616794.2 -1347.0
1337616794.2 -1314.0
1337616794.2 -1310.0
1337616794.2 -1252.0
1337616794.2 -1231.0
1337616794.2 -1230.0
1337616794.2 -1176.0
1337616794.21 -1160.0
1337616794.21 -1172.0
1337616794.21 -1122.0
1337616794.21 -1081.0
1337616794.21 -1099.0
1337616794.22 -1038.0
1337616794.22 -1001.0
1337616794.24 -1040.0
1337616794.24 -950.0
1337616794.24 -917.0
1337616794.24 -941.0
1337616794.25 -861.0
1337616794.25 -806.0
1337616794.26 -819.0
1337616794.26 -744.0
1337616794.27 -673.0
1337616794.27 -708.0
1337616794.28 -631.0
1337616794.29 -575.0
1337616794.29 -596.0
1337616794.29 -503.0
1337616794.3 -442.0
1337616794.3 -460.0
1337616794.31 -366.0
1337616794.31 -314.0
1337616794.32 -341.0
1337616794.32 -263.0
1337616794.33 -207.0
1337616794.33 -239.0
1337616794.34 -183.0
1337616794.34 -112.0
1337616794.37 -145.0
1337616794.37 -90.0
1337616794.37 -43.0
1337616794.37 -35.0
1337616794.37 -11.0
1337616794.37 35.0
1337616794.38 57.0
1337616794.38 66.0
1337616794.39 129.0
1337616794.39 117.0
1337616794.4 132.0
1337616794.41 191.0
1337616794.41 176.0
1337616794.41 200.0
1337616794.42 239.0
1337616794.42 234.0
1337616794.43 271.0
1337616794.43 282.0
1337616794.44 316.0
1337616794.44 327.0
1337616794.45 320.0
1337616794.45 347.0
1337616794.46 351.0
1337616794.46 335.0
1337616794.47 345.0
1337616794.47 333.0
1337616794.48 334.0
1337616794.48 342.0
1337616794.49 346.0
1337616794.49 388.0
1337616794.51 397.0
1337616794.51 406.0
1337616794.51 446.0
1337616794.51 413.0
1337616794.52 436.0
1337616794.52 477.0
1337616794.53 456.0
1337616794.53 500.0
1337616794.54 508.0
1337616794.54 508.0
1337616794.56 534.0
1337616794.56 569.0
1337616794.56 582.0
1337616794.56 579.0
1337616794.57 615.0
1337616794.57 637.0
1337616794.58 646.0
1337616794.58 682.0
1337616794.59 697.0
1337616794.59 711.0
1337616794.6 730.0
1337616794.61 766.0
1337616794.61 762.0
1337616794.61 777.0
1337616794.62 801.0
1337616794.62 788.0
1337616794.63 822.0
1337616794.63 844.0
1337616794.64 845.0
1337616794.64 872.0
1337616794.66 871.0
1337616794.66 892.0
1337616794.66 889.0
1337616794.67 894.0
1337616794.67 903.0
1337616794.67 892.0
1337616794.68 892.0
1337616794.68 874.0
1337616794.69 890.0
1337616794.69 875.0
1337616794.7 840.0
1337616794.71 841.0
1337616794.71 819.0
1337616794.72 816.0
1337616794.72 792.0
1337616794.72 773.0
1337616794.73 759.0
1337616794.73 729.0
1337616794.74 725.0
1337616794.74 711.0
1337616794.75 680.0
1337616794.75 639.0
1337616794.76 624.0
1337616794.76 585.0
1337616794.78 557.0
1337616794.78 533.0
1337616794.78 484.0
1337616794.78 441.0
1337616794.79 432.0
1337616794.79 364.0
1337616794.8 338.0
1337616794.8 343.0
1337616794.8 279.0
1337616794.81 225.0
1337616794.82 226.0
1337616794.84 187.0
1337616794.84 95.0
1337616794.84 103.0
1337616794.84 70.0
1337616794.84 -6.0
1337616794.85 -11.0
1337616794.85 -36.0
1337616794.86 -124.0
1337616794.87 -136.0
1337616794.87 -180.0
1337616794.87 -242.0
1337616794.88 -260.0
1337616794.88 -300.0
1337616794.89 -363.0
1337616794.89 -404.0
1337616794.9 -395.0
1337616794.9 -459.0
1337616794.91 -480.0
1337616794.92 -459.0
1337616794.92 -483.0
1337616794.92 -545.0
1337616794.93 -515.0
1337616794.93 -535.0
1337616794.93 -610.0
1337616794.94 -587.0
1337616794.95 -616.0
1337616794.95 -654.0
1337616794.96 -649.0
1337616794.97 -661.0
1337616794.97 -683.0
1337616794.97 -684.0
1337616794.97 -690.0
1337616794.98 -694.0
1337616794.98 -710.0
1337616794.99 -677.0
1337616795.0 -695.0
1337616795.0 -722.0
1337616795.01 -674.0
1337616795.01 -690.0
1337616795.02 -696.0
1337616795.03 -663.0
1337616795.03 -661.0
1337616795.03 -655.0
1337616795.04 -632.0
1337616795.04 -606.0
1337616795.05 -575.0
1337616795.05 -582.0
1337616795.06 -537.0
1337616795.06 -521.0
1337616795.07 -525.0
1337616795.08 -467.0
1337616795.08 -469.0
1337616795.08 -428.0
1337616795.09 -405.0
1337616795.09 -371.0
1337616795.09 -344.0
1337616795.1 -329.0
1337616795.11 -266.0
1337616795.11 -267.0
1337616795.12 -252.0
1337616795.13 -221.0
1337616795.13 -228.0
1337616795.13 -177.0
1337616795.14 -142.0
1337616795.14 -137.0
1337616795.15 -91.0
1337616795.15 -106.0
1337616795.15 -63.0
1337616795.16 -43.0
1337616795.16 -42.0
1337616795.17 -19.0
1337616795.17 -24.0
1337616795.24 -14.0
1337616795.24 -11.0
1337616795.27 3.0
1337616795.28 1.0
1337616795.29 15.0
1337616795.32 38.0
1337616795.32 50.0
1337616795.33 17.0
1337616795.44 35.0
1337616795.44 16.0
1337616795.45 -30.0
1337616795.45 -3.0
1337616795.45 -10.0
1337616795.45 -18.0
1337616795.45 -25.0
1337616795.45 -5.0
1337616795.45 -23.0
1337616795.45 -26.0
1337616795.46 -9.0
1337616795.49 -17.0
1337616795.49 -47.0
1337616795.49 -17.0
1337616795.49 -33.0
1337616795.49 -75.0
1337616795.5 -35.0
1337616795.5 -76.0
1337616795.5 -44.0
1337616795.5 -31.0
1337616795.5 -22.0
1337616795.5 -23.0
1337616795.5 -37.0
1337616795.5 0.0
1337616795.5 -18.0
1337616795.5 8.0
1337616795.5 8.0
1337616795.5 14.0
1337616795.5 39.0
1337616795.5 55.0
1337616795.5 66.0
1337616795.5 58.0
1337616795.51 62.0
1337616795.51 53.0
1337616795.51 50.0
1337616795.51 46.0
1337616795.51 47.0
1337616795.51 19.0
1337616795.51 12.0
1337616795.51 13.0
1337616795.51 -2.0
1337616795.51 19.0
1337616795.51 -15.0
1337616795.51 -11.0
1337616795.52 -17.0
1337616795.52 -82.0
1337616795.52 -72.0
1337616795.52 -104.0
1337616795.53 -165.0
1337616795.53 -183.0
1337616795.53 -192.0
1337616795.53 -238.0
1337616795.53 -262.0
1337616795.53 -248.0
1337616795.53 -282.0
1337616795.54 -313.0
1337616795.54 -313.0
1337616795.54 -334.0
1337616795.55 -375.0
1337616795.55 -366.0
1337616795.55 -382.0
1337616795.56 -417.0
1337616795.56 -419.0
1337616795.56 -436.0
1337616795.56 -454.0
1337616795.56 -462.0
1337616795.56 -461.0
1337616795.56 -482.0
1337616795.57 -494.0
1337616795.57 -497.0
1337616795.57 -512.0
1337616795.57 -553.0
1337616795.58 -537.0
1337616795.58 -548.0
1337616795.59 -624.0
1337616795.59 -584.0
1337616795.6 -634.0
1337616795.6 -704.0
1337616795.61 -692.0
1337616795.61 -733.0
1337616795.62 -786.0
1337616795.64 -803.0
1337616795.64 -792.0
1337616795.64 -857.0
1337616795.64 -875.0
1337616795.65 -865.0
1337616795.65 -908.0
1337616795.65 -926.0
1337616795.66 -944.0
1337616795.66 -956.0
1337616795.67 -1012.0
1337616795.68 -1005.0
1337616795.68 -1036.0
1337616795.68 -1097.0
1337616795.69 -1089.0
1337616795.69 -1140.0
1337616795.7 -1140.0
1337616795.7 -1141.0
1337616795.71 -1151.0
1337616795.72 -1175.0
1337616795.72 -1194.0
1337616795.72 -1172.0
1337616795.73 -1215.0
1337616795.73 -1212.0
1337616795.74 -1200.0
1337616795.74 -1220.0
1337616795.75 -1250.0
1337616795.75 -1223.0
1337616795.77 -1221.0
1337616795.77 -1291.0
1337616795.77 -1258.0
1337616795.77 -1272.0
1337616795.78 -1316.0
1337616795.78 -1310.0
1337616795.79 -1325.0
1337616795.79 -1339.0
1337616795.8 -1338.0
1337616795.8 -1332.0
1337616795.81 -1322.0
1337616795.81 -1329.0
1337616795.82 -1323.0
1337616795.82 -1326.0
1337616795.84 -1347.0
1337616795.84 -1328.0
1337616795.84 -1342.0
1337616795.84 -1376.0
1337616795.85 -1354.0
1337616795.85 -1361.0
1337616795.86 -1396.0
1337616795.86 -1371.0
1337616795.87 -1382.0
1337616795.87 -1423.0
1337616795.88 -1413.0
1337616795.88 -1405.0
1337616795.89 -1386.0
1337616795.89 -1393.0
1337616795.9 -1368.0
1337616795.9 -1340.0
1337616795.91 -1380.0
1337616795.91 -1324.0
1337616795.92 -1309.0
1337616795.92 -1334.0
1337616795.93 -1287.0
1337616795.93 -1275.0
1337616795.94 -1277.0
1337616795.94 -1276.0
1337616795.96 -1249.0
1337616795.96 -1277.0
1337616795.96 -1244.0
1337616795.96 -1209.0
1337616795.97 -1218.0
1337616795.97 -1184.0
1337616795.98 -1166.0
1337616795.98 -1122.0
1337616795.99 -1120.0
1337616795.99 -1075.0
1337616796.0 -1050.0
1337616796.0 -1047.0
1337616796.02 -974.0
1337616796.02 -941.0
1337616796.02 -955.0
1337616796.02 -921.0
1337616796.03 -891.0
1337616796.03 -923.0
1337616796.04 -882.0
1337616796.05 -845.0
1337616796.05 -858.0
1337616796.05 -847.0
1337616796.06 -809.0
1337616796.06 -782.0
1337616796.07 -786.0
1337616796.07 -725.0
1337616796.08 -694.0
1337616796.08 -686.0
1337616796.09 -636.0
1337616796.1 -604.0
1337616796.1 -594.0
1337616796.1 -571.0
1337616796.11 -559.0
1337616796.11 -566.0
1337616796.12 -543.0
1337616796.12 -518.0
1337616796.13 -514.0
1337616796.13 -517.0
1337616796.14 -466.0
1337616796.15 -479.0
1337616796.15 -490.0
1337616796.15 -414.0
1337616796.16 -444.0
1337616796.16 -459.0
1337616796.17 -408.0
1337616796.17 -404.0
1337616796.18 -434.0
1337616796.18 -392.0
1337616796.19 -378.0
1337616796.2 -397.0
1337616796.2 -377.0
1337616796.2 -362.0
1337616796.21 -354.0
1337616796.21 -366.0
1337616796.22 -313.0
1337616796.22 -310.0
1337616796.23 -310.0
1337616796.23 -270.0
1337616796.24 -280.0
1337616796.25 -283.0
1337616796.25 -252.0
1337616796.25 -259.0
1337616796.26 -288.0
1337616796.26 -240.0
1337616796.27 -255.0
1337616796.27 -262.0
1337616796.28 -242.0
1337616796.28 -225.0
1337616796.29 -236.0
1337616796.29 -245.0
1337616796.3 -195.0
1337616796.3 -213.0
1337616796.32 -211.0
1337616796.32 -180.0
1337616796.32 -174.0
1337616796.32 -202.0
1337616796.33 -177.0
1337616796.33 -179.0
1337616796.34 -206.0
1337616796.34 -191.0
1337616796.35 -204.0
1337616796.35 -209.0
1337616796.36 -220.0
1337616796.36 -198.0
1337616796.37 -219.0
1337616796.37 -215.0
1337616796.38 -194.0
1337616796.38 -220.0
1337616796.39 -225.0
1337616796.39 -224.0
1337616796.4 -237.0
1337616796.4 -272.0
1337616796.41 -256.0
1337616796.41 -282.0
1337616796.42 -297.0
1337616796.42 -312.0
