1337616785.49 13.0893344879
1337616785.49 11.6509780884
1337616785.49 10.5719938278
1337616785.5 8.63356971741
1337616785.5 5.75410842896
1337616785.51 6.74836969376
1337616785.51 7.53984594345
1337616785.52 4.48083972931
1337616785.53 5.6589512825
1337616785.55 5.84869527817
1337616785.56 2.72167754173
1337616785.57 6.01924848557
1337616785.57 4.75340604782
1337616785.57 0.349383831024
1337616785.58 -0.486355602741
1337616785.58 -4.10028505325
1337616785.58 -9.22431659698
1337616785.59 -11.0170726776
1337616785.59 -16.0903053284
1337616785.63 -23.7006168365
1337616785.63 -25.1600894928
1337616785.64 -25.4730148315
1337616785.64 -25.6488132477
1337616785.64 -22.9040527344
1337616785.64 -24.2660675049
1337616785.64 -27.3711853027
1337616785.64 -27.3033237457
1337616785.65 -24.0749988556
1337616785.65 -25.0456981659
1337616785.65 -26.3552150726
1337616785.65 -24.0376586914
1337616785.65 -25.5463581085
1337616785.66 -24.7971000671
1337616785.69 -21.1603412628
1337616785.69 -23.148443222
1337616785.69 -24.2229938507
1337616785.69 -18.6713676453
1337616785.69 -19.0211181641
1337616785.69 -25.5407104492
1337616785.7 -26.7188205719
1337616785.7 -32.0039520264
1337616785.7 -33.2169647217
1337616785.71 -26.9061069489
1337616785.71 -27.168680191
1337616785.72 -31.4930076599
1337616785.72 -29.7100257874
1337616785.76 -32.5216178894
1337616785.76 -37.441318512
1337616785.76 -33.3309364319
1337616785.76 -34.7738723755
1337616785.76 -38.3924102783
1337616785.76 -30.3325214386
1337616785.77 -29.5319709778
1337616785.77 -32.0502624512
1337616785.77 -26.3300952911
1337616785.77 -28.7845058441
1337616785.77 -31.8283424377
1337616785.77 -26.6646080017
1337616785.77 -25.8316383362
1337616785.78 -28.6686763763
1337616785.78 -24.705696106
1337616785.78 -23.1073551178
1337616785.78 -24.4009456635
1337616785.79 -19.2689170837
1337616785.79 -19.3321914673
1337616785.79 -25.6422309875
1337616785.81 -25.076675415
1337616785.81 -24.5164794922
1337616785.81 -28.2293186188
1337616785.81 -28.2899551392
1337616785.81 -27.5468406677
1337616785.82 -31.9146976471
1337616785.82 -29.2334957123
1337616785.82 -20.4937477112
1337616785.82 -20.4127616882
1337616785.82 -21.8887825012
1337616785.82 -21.0181388855
1337616785.82 -24.2534103394
1337616785.82 -23.6335983276
1337616785.83 -18.1947383881
1337616785.83 -20.3738574982
1337616785.83 -20.171081543
1337616785.84 -14.4113683701
1337616785.84 -17.7704391479
1337616785.85 -18.6377658844
1337616785.85 -13.2571249008
1337616785.86 -17.8226013184
1337616785.86 -19.3540077209
1337616785.87 -17.7570877075
1337616785.87 -23.5719261169
1337616785.88 -25.4577293396
1337616785.88 -18.3109054565
1337616785.89 -18.3143234253
1337616785.89 -18.6798915863
1337616785.9 -12.2678756714
1337616785.91 -12.9238777161
1337616785.92 -12.0253381729
1337616785.92 -6.15440559387
1337616785.92 -8.12850379944
1337616785.92 -10.1250801086
1337616785.93 -6.66630983353
1337616785.93 -7.02469921112
1337616785.94 -6.61944818497
1337616785.94 -4.43169498444
1337616785.95 -6.36405944824
1337616785.95 -6.91294002533
1337616785.96 -3.02095794678
1337616785.96 -2.17996263504
1337616785.97 -5.60524654388
1337616785.97 -4.73147392273
1337616785.98 -4.6298365593
1337616785.98 -4.37566232681
1337616785.99 -1.40877103806
1337616785.99 -0.394916802645
1337616786.0 -2.61432361603
1337616786.02 -2.20430040359
1337616786.02 -1.50056922436
1337616786.02 -1.52709889412
1337616786.02 -2.94273161888
1337616786.02 -3.66091609001
1337616786.03 -5.62671470642
1337616786.03 -4.83252239227
1337616786.04 0.479862928391
1337616786.04 2.49047780037
1337616786.05 3.09394454956
1337616786.05 5.96663618088
1337616786.06 7.80557966232
1337616786.06 10.9847269058
1337616786.07 17.2132282257
1337616786.07 18.2284011841
1337616786.08 16.8977603912
1337616786.08 16.8280715942
1337616786.09 17.1473808289
1337616786.09 15.9558134079
1337616786.1 16.526342392
1337616786.11 14.6729459763
1337616786.11 12.4371452332
1337616786.11 12.5996904373
1337616786.12 14.7585601807
1337616786.12 14.2995615005
1337616786.13 13.4876537323
1337616786.13 14.0158720016
1337616786.14 12.0811471939
1337616786.14 11.9237785339
1337616786.15 14.3567934036
1337616786.15 13.9008207321
1337616786.16 11.6578378677
1337616786.16 15.2560119629
1337616786.17 15.5095319748
1337616786.17 15.2285852432
1337616786.18 17.6493434906
1337616786.18 13.9336385727
1337616786.2 9.32786655426
1337616786.2 13.6079177856
1337616786.2 12.9125404358
1337616786.2 10.9792957306
1337616786.21 13.663942337
1337616786.21 13.9994039536
1337616786.22 11.9774389267
1337616786.22 17.8391151428
1337616786.23 17.2308979034
1337616786.23 11.6806097031
1337616786.24 16.1723880768
1337616786.24 16.0685634613
1337616786.25 15.1668176651
1337616786.25 22.6454811096
1337616786.26 23.4077339172
1337616786.26 19.6416511536
1337616786.27 23.573682785
1337616786.27 25.0487957001
1337616786.28 23.1215209961
1337616786.28 26.6525859833
1337616786.3 27.7419242859
1337616786.3 22.5886707306
1337616786.3 25.5350246429
1337616786.3 25.4685878754
1337616786.31 22.6635494232
1337616786.31 24.575761795
1337616786.32 24.8080062866
1337616786.32 20.1087799072
1337616786.33 20.4361057281
1337616786.33 24.2693405151
1337616786.34 18.4266147614
1337616786.34 14.6651725769
1337616786.35 13.9814004898
1337616786.35 11.8504486084
1337616786.36 13.1533279419
1337616786.36 19.7971458435
1337616786.37 17.9375953674
1337616786.37 17.6112747192
1337616786.38 20.8589248657
1337616786.38 19.5597343445
1337616786.4 20.3181762695
1337616786.4 24.2203559875
1337616786.4 20.1002521515
1337616786.4 19.0903587341
1337616786.41 22.4842472076
1337616786.41 21.3862133026
1337616786.42 21.185256958
1337616786.42 21.4088935852
1337616786.42 16.6997966766
1337616786.43 13.1092700958
1337616786.44 13.7168264389
1337616786.44 12.7366323471
1337616786.45 12.583814621
1337616786.45 11.7058572769
1337616786.46 11.6718664169
1337616786.46 11.7813682556
1337616786.47 10.2986679077
1337616786.47 12.5328006744
1337616786.48 14.2712984085
1337616786.48 15.0778713226
1337616786.5 17.7711277008
1337616786.5 15.8157281876
1337616786.5 16.296339035
1337616786.5 19.0766143799
1337616786.51 20.0839252472
1337616786.51 20.063041687
1337616786.52 21.9130535126
1337616786.52 23.3195571899
1337616786.52 21.4980983734
1337616786.53 23.5500240326
1337616786.53 24.4924316406
1337616786.54 22.4598312378
1337616786.54 22.1083984375
1337616786.55 21.1166362762
1337616786.55 17.7561912537
1337616786.57 15.0549259186
1337616786.57 14.5322914124
1337616786.59 14.009188652
1337616786.59 10.3992061615
1337616786.59 9.99540805817
1337616786.59 6.56001758575
1337616786.59 1.45915102959
1337616786.6 3.71559882164
1337616786.6 -0.81192445755
1337616786.61 -6.1946349144
1337616786.61 -5.54526948929
1337616786.62 -7.04105949402
1337616786.62 -10.5337362289
1337616786.63 -5.67816591263
1337616786.63 -4.39372730255
1337616786.63 -8.11856651306
1337616786.64 -5.07785558701
1337616786.65 -2.12897324562
1337616786.65 -0.127951145172
1337616786.67 5.22985219955
1337616786.68 8.8848028183
1337616786.68 7.07810497284
1337616786.68 7.58375501633
1337616786.68 10.2729234695
1337616786.68 9.82725524902
1337616786.69 10.8608055115
1337616786.69 14.0385189056
1337616786.7 9.49829292297
1337616786.71 1.22077763081
1337616786.71 -0.0605695135891
1337616786.71 -8.41847896576
1337616786.72 -15.6276473999
1337616786.72 -12.6290941238
1337616786.73 -15.3162736893
1337616786.73 -19.2962722778
1337616786.74 -12.8878793716
1337616786.75 -12.493522644
1337616786.75 -14.6343402863
1337616786.77 -10.4608211517
1337616786.78 -10.2163763046
1337616786.78 -10.0409288406
1337616786.78 -5.94561767578
1337616786.78 -5.83042144775
1337616786.78 -6.7977347374
1337616786.79 -1.55579292774
1337616786.79 3.14469504356
1337616786.79 3.20100665092
1337616786.8 5.89827156067
1337616786.8 11.1187095642
1337616786.8 10.0804243088
1337616786.81 13.2455129623
1337616786.82 17.3096523285
1337616786.82 14.3163127899
1337616786.82 13.6120977402
1337616786.84 16.7714118958
1337616786.88 15.5179347992
1337616786.88 13.9758710861
1337616786.88 11.5997619629
1337616786.88 4.59004449844
1337616786.88 3.00752162933
1337616786.89 4.89723157883
1337616786.89 2.90678620338
1337616786.89 0.355246961117
1337616786.89 -2.28043293953
1337616786.89 -6.60612201691
1337616786.91 -6.76394939423
1337616786.91 -7.88633584976
1337616786.91 -8.08567714691
1337616786.91 -12.383228302
1337616786.91 -12.8623123169
1337616786.91 -8.19920825958
1337616786.91 -7.38013219833
1337616786.92 -8.1127872467
1337616786.93 -7.08184337616
1337616786.93 -5.66646718979
1337616786.94 -4.47896242142
1337616786.94 0.581981599331
1337616786.94 4.27561473846
1337616786.96 5.78596591949
1337616786.97 7.27241516113
1337616786.97 10.9985027313
1337616786.97 12.4649553299
1337616786.97 12.9295425415
1337616786.98 13.533208847
1337616786.98 11.5230226517
1337616786.99 5.64493656158
1337616786.99 3.92796874046
1337616786.99 1.53449678421
1337616787.0 -3.56829309464
1337616787.03 -0.737679302692
1337616787.03 -5.51639175415
1337616787.03 -12.7531337738
1337616787.03 -10.6167392731
1337616787.03 -12.7041292191
1337616787.04 -16.51171875
1337616787.05 -12.6939430237
1337616787.05 -14.1205434799
1337616787.05 -18.2000751495
1337616787.05 -16.2878780365
1337616787.06 -12.7265338898
1337616787.07 -12.7159490585
1337616787.07 -13.1234083176
1337616787.08 -9.55562400818
1337616787.08 -12.6524009705
1337616787.08 -10.9753293991
1337616787.1 -6.90330553055
1337616787.1 -8.74905109406
1337616787.1 -8.45772838593
1337616787.1 -4.77927303314
1337616787.1 -8.98322200775
1337616787.11 -9.45749759674
1337616787.11 -5.07433509827
1337616787.12 -8.51753139496
1337616787.12 -8.20232009888
1337616787.13 -3.90367054939
1337616787.13 -4.28017473221
1337616787.14 -5.40651369095
1337616787.14 -0.72770512104
1337616787.15 -0.303719609976
1337616787.15 -0.416019022465
1337616787.16 0.761090219021
1337616787.16 1.52037370205
1337616787.17 0.957356929779
1337616787.17 -0.569279134274
1337616787.18 -1.37011992931
1337616787.19 -6.45307922363
1337616787.2 -8.74013519287
1337616787.2 -10.8461065292
1337616787.2 -15.6373281479
1337616787.2 -16.4664611816
1337616787.21 -15.5652637482
1337616787.21 -21.2164554596
1337616787.22 -22.9768772125
1337616787.22 -23.4560184479
1337616787.23 -27.4978256226
1337616787.23 -26.337972641
1337616787.24 -27.0489807129
1337616787.24 -27.6480426788
1337616787.25 -28.9049854279
1337616787.25 -30.180273056
1337616787.26 -27.2312793732
1337616787.26 -24.5649642944
1337616787.27 -26.1551837921
1337616787.27 -23.3773517609
1337616787.28 -21.3480262756
1337616787.3 -21.8782901764
1337616787.3 -17.9652233124
1337616787.3 -15.6858825684
1337616787.3 -15.0456628799
1337616787.3 -14.7452220917
1337616787.31 -11.2993879318
1337616787.31 -11.4984884262
1337616787.32 -11.1314563751
1337616787.32 -10.3735523224
1337616787.33 -12.8408584595
1337616787.33 -15.152671814
1337616787.34 -14.1507759094
1337616787.34 -17.1005535126
1337616787.35 -21.8012905121
1337616787.35 -17.598575592
1337616787.36 -21.0191764832
1337616787.37 -23.4577503204
1337616787.37 -20.5233783722
1337616787.37 -23.3887577057
1337616787.38 -28.7887401581
1337616787.38 -28.5215873718
1337616787.39 -28.8447818756
1337616787.4 -32.2915763855
1337616787.41 -31.4557056427
1337616787.41 -32.6285705566
1337616787.42 -33.7401885986
1337616787.42 -34.5081100464
1337616787.42 -28.7508029938
1337616787.42 -27.9647369385
1337616787.43 -29.7917613983
1337616787.43 -24.5979652405
1337616787.44 -27.4233951569
1337616787.44 -27.7556705475
1337616787.45 -20.4006328583
1337616787.45 -23.2988300323
1337616787.46 -24.814535141
1337616787.46 -19.9797668457
1337616787.47 -21.5999469757
1337616787.47 -20.0343914032
1337616787.48 -17.3139572144
1337616787.48 -14.5995416641
1337616787.49 -16.4686031342
1337616787.49 -13.6400175095
1337616787.51 -8.81378650665
1337616787.51 -10.8518648148
1337616787.51 -11.0541772842
1337616787.51 -10.5117387772
1337616787.52 -14.0808982849
1337616787.52 -14.5821809769
1337616787.53 -8.95506286621
1337616787.53 -11.5532598495
1337616787.54 -11.3587322235
1337616787.54 -10.9137401581
1337616787.55 -12.8950767517
1337616787.55 -11.5148992538
1337616787.56 -11.3256502151
1337616787.56 -11.7781114578
1337616787.57 -13.8971347809
1337616787.57 -14.0158023834
1337616787.58 -16.4982013702
1337616787.58 -19.5280628204
1337616787.59 -21.5420894623
1337616787.59 -20.7334041595
1337616787.61 -21.9195652008
1337616787.61 -18.5046062469
1337616787.61 -14.5192747116
1337616787.61 -17.7013397217
1337616787.62 -16.2792835236
1337616787.62 -16.1300048828
1337616787.63 -16.2279129028
1337616787.63 -19.2646026611
1337616787.64 -22.1449298859
1337616787.64 -22.1122837067
1337616787.65 -17.7742958069
1337616787.65 -19.2555408478
1337616787.66 -15.6599960327
1337616787.66 -15.3164787292
1337616787.67 -18.0544319153
1337616787.67 -15.3192911148
1337616787.68 -14.0365610123
1337616787.69 -16.9689235687
1337616787.7 -17.2273025513
1337616787.7 -18.8409843445
1337616787.7 -21.9733181
1337616787.7 -18.6983280182
1337616787.71 -20.3163948059
1337616787.71 -22.5563354492
1337616787.72 -23.1347236633
1337616787.72 -22.151014328
1337616787.73 -22.782535553
1337616787.73 -24.1707725525
1337616787.74 -22.2170848846
1337616787.74 -23.7981185913
1337616787.75 -29.3295173645
1337616787.75 -26.8249473572
1337616787.76 -27.2322006226
1337616787.76 -32.0608139038
1337616787.78 -25.8152828217
1337616787.78 -24.6500549316
1337616787.78 -26.4151649475
1337616787.78 -22.9748325348
1337616787.79 -21.2082500458
1337616787.79 -21.6377849579
1337616787.8 -14.4168300629
1337616787.8 -11.1212654114
1337616787.81 -11.5332717896
1337616787.81 -10.1447734833
1337616787.82 -7.08316802979
1337616787.82 -8.86796855927
1337616787.83 -8.62456226349
1337616787.83 -3.33713173866
1337616787.84 -5.92782354355
1337616787.84 -7.75156927109
1337616787.85 -2.60608267784
1337616787.87 -4.80331039429
1337616787.87 -8.53129959106
1337616787.87 -3.72131037712
1337616787.87 -7.34692049026
1337616787.87 -9.17936992645
1337616787.88 -6.52075242996
1337616787.88 -8.64620685577
1337616787.89 -11.9174547195
1337616787.89 -10.3965778351
1337616787.9 -9.26015281677
1337616787.9 -7.3011932373
1337616787.91 -1.4313685894
1337616787.91 3.02524995804
1337616787.92 2.11975693703
1337616787.92 1.0231962204
1337616787.93 5.06980133057
1337616787.93 2.59216094017
1337616787.94 2.82818412781
1337616787.94 5.56239080429
1337616787.96 1.24608039856
1337616787.96 -0.57908898592
1337616787.96 3.93191671371
1337616787.96 2.27679038048
1337616787.97 0.440849691629
1337616787.97 2.59976434708
1337616787.98 -1.15082204342
1337616787.98 0.216911315918
1337616787.99 5.27810335159
1337616787.99 5.62579202652
1337616788.0 7.30057907104
1337616788.0 10.4648971558
1337616788.01 11.3779563904
1337616788.01 13.0582342148
1337616788.05 15.182009697
1337616788.05 16.5140533447
1337616788.05 17.1804008484
1337616788.05 16.0543365479
1337616788.05 19.9868602753
1337616788.05 21.3559074402
1337616788.05 21.25066185
1337616788.06 24.1803264618
1337616788.06 23.1144275665
1337616788.07 19.8172893524
1337616788.07 22.7585926056
1337616788.07 21.1524848938
1337616788.08 19.1247158051
1337616788.08 19.7843723297
1337616788.08 15.9896659851
1337616788.09 17.145029068
1337616788.09 16.7490081787
1337616788.1 17.1826324463
1337616788.11 16.7402153015
1337616788.11 12.3309020996
1337616788.14 12.7673311234
1337616788.14 11.4156560898
1337616788.14 8.9812078476
1337616788.14 12.3413057327
1337616788.14 11.9007968903
1337616788.14 7.64725780487
1337616788.15 12.1393461227
1337616788.15 12.9778900146
1337616788.15 11.4784574509
1337616788.16 15.3477401733
1337616788.17 16.8132419586
1337616788.17 14.0876808167
1337616788.18 16.3363742828
1337616788.18 20.9130687714
1337616788.19 20.7058734894
1337616788.19 23.8781890869
1337616788.19 24.1931171417
1337616788.2 22.4439144135
1337616788.21 20.034072876
1337616788.21 25.264503479
1337616788.24 22.1078052521
1337616788.24 18.7915935516
1337616788.24 22.5167388916
1337616788.24 19.5900382996
1337616788.24 17.7690029144
1337616788.24 24.0614738464
1337616788.25 23.3366069794
1337616788.26 20.3014431
1337616788.26 27.5496292114
1337616788.26 26.6979312897
1337616788.27 29.7967185974
1337616788.28 33.3387527466
1337616788.28 33.687374115
1337616788.28 31.6068458557
1337616788.29 33.1273231506
1337616788.29 36.8423919678
1337616788.29 36.0080909729
1337616788.3 37.5699043274
1337616788.31 41.0526237488
1337616788.31 39.1742668152
1337616788.33 39.6189460754
1337616788.33 45.6556091309
1337616788.33 41.8064498901
1337616788.33 42.2984962463
1337616788.34 44.9730873108
1337616788.34 43.7784461975
1337616788.34 44.6895637512
1337616788.35 47.6134719849
1337616788.35 46.3348197937
1337616788.36 47.1599006653
1337616788.36 49.0699462891
1337616788.37 50.5617485046
1337616788.37 51.3481750488
1337616788.38 49.1182518005
1337616788.38 49.323135376
1337616788.39 46.4488449097
1337616788.39 46.5606422424
1337616788.42 48.4490394592
1337616788.42 48.2750587463
1337616788.42 47.5975914001
1337616788.42 50.4516105652
1337616788.42 48.3439025879
1337616788.42 46.8083305359
1337616788.43 46.7094993591
1337616788.44 45.8676147461
1337616788.44 44.844127655
1337616788.45 45.8010292053
1337616788.45 45.6625442505
1337616788.45 43.6504936218
1337616788.46 41.4974975586
1337616788.46 40.8918685913
1337616788.47 39.357585907
1337616788.47 38.2551193237
1337616788.48 40.9967575073
1337616788.48 39.0211143494
1337616788.49 35.5806312561
1337616788.49 36.1760902405
1337616788.5 35.9794082642
1337616788.51 32.5871543884
1337616788.51 36.6465034485
1337616788.53 34.212562561
1337616788.53 28.0968360901
1337616788.53 29.5013904572
1337616788.53 28.3757400513
1337616788.53 23.9120254517
1337616788.54 26.3530750275
1337616788.54 25.391374588
1337616788.55 19.6823959351
1337616788.56 19.8383140564
1337616788.56 20.3342456818
1337616788.57 16.1955604553
1337616788.57 17.0774440765
1337616788.57 19.3669261932
1337616788.58 15.5900335312
1337616788.58 14.9436006546
1337616788.59 17.4300632477
1337616788.59 15.945186615
1337616788.6 15.6353149414
1337616788.6 20.6134433746
1337616788.61 17.1506729126
1337616788.62 13.6572370529
1337616788.62 17.683347702
1337616788.62 14.1788272858
1337616788.63 8.95459079742
1337616788.63 11.2645282745
1337616788.64 5.95775842667
1337616788.64 2.21483278275
1337616788.65 5.67790794373
1337616788.65 2.70974969864
1337616788.66 -2.03144979477
1337616788.66 -1.14042317867
1337616788.67 -3.8470287323
1337616788.67 -7.32524013519
1337616788.68 -5.43634605408
1337616788.68 -4.77136468887
1337616788.69 -5.99909114838
1337616788.69 -3.66163063049
1337616788.71 -1.81435096264
1337616788.71 -4.83910322189
1337616788.72 -3.3097615242
1337616788.72 0.789637446404
1337616788.72 -0.637535810471
1337616788.73 -0.428465038538
1337616788.73 4.17215108871
1337616788.73 1.05957496166
1337616788.74 1.03199982643
1337616788.74 5.67780971527
1337616788.75 2.96133828163
1337616788.75 1.27147901058
1337616788.76 3.00569057465
1337616788.76 -1.64993906021
1337616788.77 -2.81515693665
1337616788.77 -2.97388720512
1337616788.78 -9.89560699463
1337616788.78 -15.0222702026
1337616788.79 -17.0799045563
1337616788.79 -19.2550849915
1337616788.81 -20.9140911102
1337616788.81 -20.855047226
1337616788.81 -21.6333560944
1337616788.81 -22.2433223724
1337616788.82 -21.6507110596
1337616788.83 -19.1994819641
1337616788.83 -18.8023796082
1337616788.83 -18.402130127
1337616788.84 -16.2623157501
1337616788.84 -14.0562009811
1337616788.85 -12.4531936646
1337616788.85 -9.40719413757
1337616788.86 -9.0876083374
1337616788.86 -8.23237419128
1337616788.87 -7.0371632576
1337616788.87 -7.25406694412
1337616788.88 -7.65847682953
1337616788.88 -8.95325565338
1337616788.89 -9.15708065033
1337616788.89 -7.45011997223
1337616788.91 -8.41579723358
1337616788.91 -7.07479953766
1337616788.91 -10.0819997787
1337616788.91 -15.0226917267
1337616788.92 -13.2338638306
1337616788.92 -12.440290451
1337616788.93 -13.6542615891
1337616788.93 -11.5871582031
1337616788.94 -11.9474153519
1337616788.94 -17.8114070892
1337616788.95 -16.0456085205
1337616788.95 -16.4714107513
1337616788.96 -19.9220714569
1337616788.96 -23.4372653961
1337616788.97 -26.7774829865
1337616788.97 -31.7481479645
1337616788.98 -26.0739059448
1337616789.0 -22.1726703644
1337616789.0 -22.0843887329
1337616789.0 -21.8954906464
1337616789.0 -18.7077693939
1337616789.0 -21.1742515564
1337616789.01 -21.7647609711
1337616789.01 -18.5119552612
1337616789.02 -20.8518199921
1337616789.02 -24.2143936157
1337616789.03 -20.0097007751
1337616789.03 -22.3454017639
1337616789.04 -23.2023296356
1337616789.04 -13.6472854614
1337616789.05 -13.2835521698
1337616789.05 -13.7031135559
1337616789.06 -9.97327899933
1337616789.06 -12.6473808289
1337616789.07 -13.8279027939
1337616789.07 -6.31032657623
1337616789.09 -5.70117807388
1337616789.09 -7.67221403122
1337616789.09 -2.43811607361
1337616789.09 -4.92950344086
1337616789.1 -8.28647232056
1337616789.1 -4.16315126419
1337616789.11 -6.42187976837
1337616789.11 -12.4141292572
1337616789.12 -12.1903886795
1337616789.12 -12.915353775
1337616789.13 -14.7560682297
1337616789.13 -11.9588375092
1337616789.14 -11.7028217316
1337616789.14 -14.6970767975
1337616789.15 -12.0894842148
1337616789.15 -10.0753536224
1337616789.16 -14.2665281296
1337616789.18 -14.5454072952
1337616789.18 -13.0053949356
1337616789.18 -16.1504688263
1337616789.18 -12.8702144623
1337616789.19 -9.80203914642
1337616789.19 -12.2453117371
1337616789.2 -14.0950832367
1337616789.2 -14.0051927567
1337616789.2 -17.6695919037
1337616789.22 -17.7779006958
1337616789.22 -16.4857177734
1337616789.22 -17.6984977722
1337616789.22 -15.7242803574
1337616789.23 -14.4859972
1337616789.24 -17.512140274
1337616789.24 -18.0152454376
1337616789.24 -17.2947311401
1337616789.31 -16.748134613
1337616789.31 -15.9179401398
1337616789.32 -16.3617591858
1337616789.32 -13.6437416077
1337616789.32 -10.8168153763
1337616789.33 -9.3312702179
1337616789.33 -6.80820465088
1337616789.34 -4.57109594345
1337616789.34 -7.56397008896
1337616789.35 -8.49352169037
1337616789.35 -9.89242744446
1337616789.35 -13.6200942993
1337616789.36 -12.4225273132
1337616789.42 -11.2466506958
1337616789.43 -13.9968328476
1337616789.43 -11.0771312714
1337616789.43 -11.4158153534
1337616789.43 -15.6409168243
1337616789.43 -13.6854763031
1337616789.43 -11.5664701462
1337616789.43 -12.9525718689
1337616789.43 -10.3957500458
1337616789.44 -8.78010654449
1337616789.44 -14.0792970657
1337616789.44 -17.9097900391
1337616789.44 -14.4323749542
1337616789.44 -14.2109451294
1337616789.49 -14.3916130066
1337616789.49 -10.9102630615
1337616789.5 -14.8325548172
1337616789.5 -16.3245639801
1337616789.5 -11.3609256744
1337616789.5 -16.2863368988
1337616789.51 -19.0989398956
1337616789.52 -15.4098958969
1337616789.52 -20.2266731262
1337616789.52 -22.6246299744
1337616789.52 -18.6179409027
1337616789.52 -20.2871208191
1337616789.52 -23.226524353
1337616789.56 -16.9382019043
1337616789.56 -16.9873371124
1337616789.57 -18.0774612427
1337616789.58 -10.6987419128
1337616789.58 -7.93852758408
1337616789.58 -5.98383140564
1337616789.58 -2.54413437843
1337616789.58 -4.14501476288
1337616789.58 -7.14186048508
1337616789.58 -2.95117878914
1337616789.58 -0.987093508244
1337616789.59 -2.1917693615
1337616789.59 -2.82026457787
1337616789.59 -4.61437797546
1337616789.59 -8.33035087585
1337616789.59 -7.39661598206
1337616789.61 -4.62747192383
1337616789.61 -7.23852682114
1337616789.61 -9.33343410492
1337616789.61 -7.45362710953
1337616789.61 -5.95120763779
1337616789.61 -0.619208216667
1337616789.61 5.44872808456
1337616789.62 9.70490264893
1337616789.62 15.3772115707
1337616789.62 20.9534168243
1337616789.62 36.7309799194
1337616789.62 49.2151756287
1337616789.62 57.0453948975
1337616789.62 67.6131057739
1337616789.62 70.7262649536
1337616789.62 73.7549819946
1337616789.62 78.0812149048
1337616789.62 72.6038131714
1337616789.63 66.3171615601
1337616789.63 65.2083282471
1337616789.63 57.3096733093
1337616789.64 47.1332550049
1337616789.64 39.1818199158
1337616789.64 28.2469062805
1337616789.65 20.6528701782
1337616789.65 18.19049263
1337616789.66 14.9013118744
1337616789.66 1.16000437737
1337616789.67 -12.2654085159
1337616789.67 -18.1619701385
1337616789.68 -28.7898826599
1337616789.68 -23.5106105804
1337616789.69 -18.1859989166
1337616789.69 -21.5625209808
1337616789.7 -18.7195625305
1337616789.7 -13.3307743073
1337616789.71 -4.47893190384
1337616789.71 3.55762171745
1337616789.72 9.91841983795
1337616789.72 13.4478845596
1337616789.73 20.8241100311
1337616789.73 22.5368480682
1337616789.74 28.7262039185
1337616789.74 32.8259086609
1337616789.76 32.0384216309
1337616789.76 37.786441803
1337616789.76 41.286529541
1337616789.76 49.0207290649
1337616789.77 60.0518264771
1337616789.77 66.5541000366
1337616789.78 70.3263092041
1337616789.78 80.9675750732
1337616789.79 82.7845687866
1337616789.79 84.9143676758
1337616789.8 97.3069381714
1337616789.8 104.643592834
1337616789.81 109.529312134
1337616789.81 125.382156372
1337616789.82 139.326293945
1337616789.82 145.594543457
1337616789.83 159.592300415
1337616789.83 170.140655518
1337616789.84 176.21887207
1337616789.84 186.273742676
1337616789.86 196.472671509
1337616789.86 203.558624268
1337616789.86 212.644592285
1337616789.86 232.332580566
1337616789.87 243.943237305
1337616789.87 257.766876221
1337616789.88 269.888580322
1337616789.88 276.344238281
1337616789.89 283.420349121
1337616789.89 302.858428955
1337616789.9 311.564910889
1337616789.9 321.678894043
1337616789.91 339.024291992
1337616789.91 350.736419678
1337616789.92 363.563842773
1337616789.92 381.83972168
1337616789.93 396.110351562
1337616789.93 408.274902344
1337616789.94 425.831359863
1337616789.94 434.284301758
1337616789.96 444.97857666
1337616789.96 457.211639404
1337616789.96 464.185577393
1337616789.96 471.98046875
1337616789.97 483.196624756
1337616789.97 489.187255859
1337616789.98 500.686737061
1337616789.98 515.054443359
1337616789.99 523.725402832
1337616789.99 531.611694336
1337616790.0 544.25189209
1337616790.0 557.139953613
1337616790.01 562.542236328
1337616790.01 570.048095703
1337616790.02 578.42779541
1337616790.02 584.528381348
1337616790.03 597.776306152
1337616790.03 609.506164551
1337616790.03 614.756713867
1337616790.04 629.063842773
1337616790.06 644.90222168
1337616790.06 654.357421875
1337616790.06 662.060791016
1337616790.06 664.178344727
1337616790.07 660.714111328
1337616790.07 659.773620605
1337616790.08 670.191894531
1337616790.08 674.441955566
1337616790.08 683.63684082
1337616790.09 691.318725586
1337616790.1 701.173034668
1337616790.1 709.776245117
1337616790.11 718.803710938
1337616790.11 734.015014648
1337616790.11 747.885559082
1337616790.12 759.716430664
1337616790.12 790.68347168
1337616790.13 817.577758789
1337616790.13 839.008483887
1337616790.14 862.697143555
1337616790.14 878.516174316
1337616790.15 890.994934082
1337616790.15 905.00970459
1337616790.17 904.717163086
1337616790.17 907.202636719
1337616790.18 911.753540039
1337616790.18 928.68951416
1337616790.18 945.237304688
1337616790.19 963.315795898
1337616790.19 975.051269531
1337616790.19 978.180664062
1337616790.2 981.503295898
1337616790.2 989.773071289
1337616790.21 999.628540039
1337616790.21 1010.04785156
1337616790.22 1017.14910889
1337616790.22 1014.77960205
1337616790.23 1012.74725342
1337616790.24 1010.91821289
1337616790.24 1010.8215332
1337616790.26 989.788391113
1337616790.26 971.436157227
1337616790.26 955.182983398
1337616790.26 959.993164062
1337616790.27 966.58605957
1337616790.27 972.729064941
1337616790.27 973.536437988
1337616790.28 973.337341309
1337616790.28 971.536987305
1337616790.29 970.497741699
1337616790.29 961.781188965
1337616790.3 957.427856445
1337616790.3 952.358520508
1337616790.31 943.677490234
1337616790.31 940.172119141
1337616790.32 933.951171875
1337616790.32 919.318115234
1337616790.33 914.106018066
1337616790.33 903.974243164
1337616790.34 897.467834473
1337616790.35 902.230834961
1337616790.35 898.213500977
1337616790.36 897.221374512
1337616790.36 903.157287598
1337616790.36 901.915649414
1337616790.37 900.713439941
1337616790.37 891.401550293
1337616790.38 880.836730957
1337616790.38 864.913818359
1337616790.39 859.346130371
1337616790.39 854.100952148
1337616790.4 849.363037109
1337616790.4 848.437133789
1337616790.41 861.339294434
1337616790.41 867.176086426
1337616790.42 874.330078125
1337616790.42 868.059326172
1337616790.45 854.212158203
1337616790.45 844.927001953
1337616790.45 841.776489258
1337616790.45 833.944519043
1337616790.45 831.014038086
1337616790.46 835.487304688
1337616790.46 819.088623047
1337616790.47 810.069763184
1337616790.47 807.397827148
1337616790.47 796.099975586
1337616790.48 804.580688477
1337616790.48 812.110534668
1337616790.49 812.049560547
1337616790.49 804.305114746
1337616790.5 799.553344727
1337616790.5 791.428039551
1337616790.51 784.476013184
1337616790.51 777.18359375
1337616790.52 767.940002441
1337616790.52 773.458374023
1337616790.53 777.558105469
1337616790.53 780.91003418
1337616790.54 776.016845703
1337616790.56 770.024108887
1337616790.56 767.144775391
1337616790.56 763.460449219
1337616790.56 751.869812012
1337616790.57 746.304382324
1337616790.57 737.694519043
1337616790.57 733.985717773
1337616790.6 734.542907715
1337616790.62 733.148620605
1337616790.62 726.739746094
1337616790.62 724.925842285
1337616790.63 720.002624512
1337616790.63 720.489013672
1337616790.64 724.163269043
1337616790.64 724.942504883
1337616790.64 725.673522949
1337616790.67 726.010620117
1337616790.67 722.299255371
1337616790.68 717.544250488
1337616790.68 719.565246582
1337616790.68 718.061706543
1337616790.69 716.064697266
1337616790.69 716.795959473
1337616790.69 721.636413574
1337616790.69 725.915161133
1337616790.69 731.385192871
1337616790.7 726.248474121
1337616790.7 717.936645508
1337616790.71 710.923400879
1337616790.71 715.21472168
1337616790.73 717.614746094
1337616790.74 722.405517578
1337616790.74 725.845275879
1337616790.75 718.873657227
1337616790.75 714.492004395
1337616790.76 714.047607422
1337616790.77 706.542175293
1337616790.78 701.247375488
1337616790.78 711.001281738
1337616790.79 715.749145508
1337616790.81 720.073242188
1337616790.81 719.840820312
1337616790.81 717.203857422
1337616790.81 712.185791016
1337616790.82 712.186950684
1337616790.82 703.648681641
1337616790.82 696.825256348
1337616790.82 696.509399414
1337616790.82 694.835876465
1337616790.84 693.782836914
1337616790.84 695.841491699
1337616790.84 692.648071289
1337616790.84 689.72845459
1337616790.84 688.838928223
1337616790.85 688.331115723
1337616790.85 689.335571289
1337616790.85 692.668395996
1337616790.85 697.269226074
1337616790.86 694.992492676
1337616790.86 695.398620605
1337616790.86 699.272949219
1337616790.87 698.190368652
1337616790.88 704.881225586
1337616790.89 715.947753906
1337616790.89 719.378234863
1337616790.9 719.461242676
1337616790.9 723.926818848
1337616790.92 720.176208496
1337616790.94 710.872619629
1337616790.94 707.162719727
1337616790.94 696.626403809
1337616790.98 688.400878906
1337616790.98 680.080505371
1337616790.98 671.265380859
1337616790.98 668.989807129
1337616790.98 667.331604004
1337616790.99 666.177185059
1337616790.99 662.418029785
1337616790.99 656.35144043
1337616790.99 653.864929199
1337616791.0 652.372741699
1337616791.0 658.380554199
1337616791.0 661.594238281
1337616791.0 666.351379395
1337616791.0 668.948730469
1337616791.0 666.494018555
1337616791.01 669.734985352
1337616791.01 666.954101562
1337616791.01 661.990600586
1337616791.01 662.744506836
1337616791.01 658.420349121
1337616791.01 657.279785156
1337616791.01 663.684570312
1337616791.02 664.079162598
1337616791.02 665.22467041
1337616791.02 669.067932129
1337616791.02 672.895202637
1337616791.03 675.341125488
1337616791.03 679.543640137
1337616791.05 684.924926758
1337616791.05 686.547729492
1337616791.05 690.340209961
1337616791.05 694.185119629
1337616791.06 690.902038574
1337616791.06 691.946166992
1337616791.07 692.698730469
1337616791.07 694.526733398
1337616791.08 697.889770508
1337616791.08 675.869995117
1337616791.09 659.170227051
1337616791.1 644.530212402
1337616791.1 622.1015625
1337616791.11 609.788146973
1337616791.11 592.689331055
1337616791.11 576.74432373
1337616791.12 586.950195312
1337616791.12 593.844726562
1337616791.13 600.563659668
1337616791.13 599.04888916
1337616791.14 597.735961914
1337616791.15 593.945983887
1337616791.15 580.351013184
1337616791.16 570.63848877
1337616791.16 555.111572266
1337616791.16 543.473388672
1337616791.17 540.501159668
1337616791.17 532.848754883
1337616791.18 530.846252441
1337616791.18 558.048034668
1337616791.19 579.670654297
1337616791.2 600.198974609
1337616791.2 625.946472168
1337616791.2 648.344116211
1337616791.21 667.916931152
1337616791.21 683.968139648
1337616791.22 661.058166504
1337616791.22 641.42401123
1337616791.23 622.884216309
1337616791.23 605.350830078
1337616791.24 600.081176758
1337616791.25 595.563476562
1337616791.25 590.863586426
1337616791.26 589.156677246
1337616791.26 586.467529297
1337616791.26 580.556213379
1337616791.27 580.608337402
1337616791.27 577.032653809
1337616791.28 573.726745605
1337616791.28 575.252685547
1337616791.29 570.522399902
1337616791.29 564.831359863
1337616791.3 565.327026367
1337616791.31 560.463562012
1337616791.32 556.392700195
1337616791.32 554.682800293
1337616791.32 547.115478516
1337616791.32 537.637695312
1337616791.33 533.092407227
1337616791.33 531.146362305
1337616791.34 511.089202881
1337616791.34 495.813873291
1337616791.35 478.352386475
1337616791.35 458.991912842
1337616791.37 445.187652588
1337616791.37 434.746795654
1337616791.37 426.699432373
1337616791.37 421.934539795
1337616791.38 415.566497803
1337616791.38 412.899627686
1337616791.39 411.759460449
1337616791.39 409.102783203
1337616791.4 407.145507812
1337616791.4 404.488128662
1337616791.42 402.476165771
1337616791.42 401.16607666
1337616791.42 402.051300049
1337616791.42 404.948059082
1337616791.43 404.437530518
1337616791.43 389.931610107
1337616791.44 376.632965088
1337616791.44 362.488555908
1337616791.44 356.835235596
1337616791.45 347.054534912
1337616791.46 338.729644775
1337616791.47 337.257598877
1337616791.47 316.523895264
1337616791.47 298.258056641
1337616791.48 289.038970947
1337616791.48 275.358032227
1337616791.49 261.942565918
1337616791.49 254.194854736
1337616791.5 245.9009552
1337616791.5 234.995422363
1337616791.51 232.231460571
1337616791.52 229.562759399
1337616791.52 227.214660645
1337616791.52 225.123596191
1337616791.53 226.67350769
1337616791.53 227.875656128
1337616791.54 231.589187622
1337616791.54 238.681747437
1337616791.55 236.760604858
1337616791.55 240.341262817
1337616791.56 245.950927734
1337616791.56 243.730987549
1337616791.57 239.354125977
1337616791.58 237.351409912
1337616791.58 226.847854614
1337616791.58 221.713043213
1337616791.58 218.277511597
1337616791.59 213.67906189
1337616791.59 209.391372681
1337616791.6 198.668624878
1337616791.61 191.278442383
1337616791.61 182.185211182
1337616791.62 176.445053101
1337616791.63 171.844085693
1337616791.63 166.25567627
1337616791.63 163.734100342
1337616791.63 164.435806274
1337616791.64 163.96395874
1337616791.64 163.437759399
1337616791.65 167.592758179
1337616791.66 171.503479004
1337616791.66 177.311126709
1337616791.67 183.924102783
1337616791.68 189.955917358
1337616791.68 195.89704895
1337616791.68 199.014816284
1337616791.68 207.994598389
1337616791.69 213.078216553
1337616791.7 214.075119019
1337616791.7 220.365264893
1337616791.71 219.673324585
1337616791.71 219.130935669
1337616791.72 225.91885376
1337616791.73 226.988800049
1337616791.73 224.058425903
1337616791.73 214.133514404
1337616791.73 207.176315308
1337616791.74 198.926315308
1337616791.74 193.620147705
1337616791.75 192.765701294
1337616791.75 183.158599854
1337616791.76 177.427871704
1337616791.76 183.869628906
1337616791.77 185.01890564
1337616791.78 186.525024414
1337616791.78 193.820068359
1337616791.8 191.586044312
1337616791.8 193.076156616
1337616791.8 200.03894043
1337616791.8 199.980758667
1337616791.8 201.609054565
1337616791.81 205.810958862
1337616791.81 207.637969971
1337616791.82 207.683746338
1337616791.82 211.081497192
1337616791.83 212.127304077
1337616791.83 211.107452393
1337616791.84 210.671875
1337616791.84 213.377960205
1337616791.85 209.216796875
1337616791.87 207.875640869
1337616791.87 205.987045288
1337616791.87 202.161834717
1337616791.87 202.925613403
1337616791.87 203.217025757
1337616791.88 204.721176147
1337616791.89 201.854766846
1337616791.89 198.107192993
1337616791.89 189.567382812
1337616791.9 180.93951416
1337616791.9 172.903610229
1337616791.92 167.066177368
1337616791.92 162.614196777
1337616791.92 160.066635132
1337616791.93 157.565353394
1337616791.93 159.571716309
1337616791.94 161.002426147
1337616791.94 160.186889648
1337616791.94 162.507492065
1337616791.95 161.111236572
1337616791.97 156.886611938
1337616791.97 158.790161133
1337616791.97 159.397537231
1337616791.97 156.800186157
1337616791.97 159.780059814
1337616791.98 154.376327515
1337616791.99 149.992736816
1337616791.99 148.284072876
1337616791.99 150.785018921
1337616792.0 149.084793091
1337616792.02 150.821517944
1337616792.02 153.153091431
1337616792.03 149.310241699
1337616792.03 150.070159912
1337616792.03 149.469528198
1337616792.03 142.550552368
1337616792.03 136.974594116
1337616792.04 135.447479248
1337616792.05 126.50302887
1337616792.06 123.24256134
1337616792.08 123.176353455
1337616792.08 119.879425049
1337616792.08 118.543228149
1337616792.08 118.60370636
1337616792.08 118.574028015
1337616792.08 115.089103699
1337616792.09 114.566383362
1337616792.09 112.45904541
1337616792.09 110.202407837
1337616792.1 105.006286621
1337616792.21 102.174629211
1337616792.21 99.7346801758
1337616792.21 101.14705658
1337616792.22 98.6616592407
1337616792.22 99.5775222778
1337616792.23 103.525886536
1337616792.23 101.568191528
1337616792.23 104.696487427
1337616792.24 104.193359375
1337616792.29 102.677726746
1337616792.29 103.168312073
1337616792.29 105.293693542
1337616792.29 105.032981873
1337616792.29 102.899543762
1337616792.29 103.721794128
1337616792.29 104.004425049
1337616792.29 103.636886597
1337616792.29 106.142585754
1337616792.3 102.797668457
1337616792.3 101.177093506
1337616792.3 103.390716553
1337616792.3 99.3973922729
1337616792.3 95.970954895
1337616792.3 95.6005020142
1337616792.3 93.4087982178
1337616792.3 90.2120666504
1337616792.3 91.3963088989
1337616792.3 90.8158416748
1337616792.3 85.8874969482
1337616792.3 85.0959091187
1337616792.3 86.9527587891
1337616792.3 85.970993042
1337616792.3 84.2881240845
1337616792.3 86.1131744385
1337616792.3 85.9748306274
1337616792.3 90.6541137695
1337616792.3 95.0176391602
1337616792.31 98.9925308228
1337616792.31 101.32244873
1337616792.31 105.827308655
1337616792.31 109.531158447
1337616792.32 112.338066101
1337616792.32 119.491333008
1337616792.32 122.606147766
1337616792.33 127.617546082
1337616792.34 137.676330566
1337616792.34 142.842330933
1337616792.34 150.220809937
1337616792.34 157.116210938
1337616792.35 145.425415039
1337616792.36 134.885131836
1337616792.36 125.191802979
1337616792.36 117.711730957
1337616792.37 112.177886963
1337616792.38 106.637138367
1337616792.38 102.513786316
1337616792.39 96.7818450928
1337616792.4 94.8330383301
1337616792.41 93.1936721802
1337616792.41 90.1060791016
1337616792.41 91.3260955811
1337616792.41 90.1047973633
1337616792.41 89.5792999268
1337616792.42 92.6247253418
1337616792.42 93.8032455444
1337616792.43 92.6310958862
1337616792.43 92.3244476318
1337616792.44 93.1428756714
1337616792.44 93.1769638062
1337616792.45 96.9466094971
1337616792.46 102.75642395
1337616792.46 105.065742493
1337616792.46 102.088562012
1337616792.47 104.967247009
1337616792.47 104.671936035
1337616792.48 105.506523132
1337616792.48 105.0495224
1337616792.49 106.680480957
1337616792.49 101.87726593
1337616792.5 100.672943115
1337616792.51 101.846748352
1337616792.51 98.8031845093
1337616792.51 101.033828735
1337616792.52 103.836097717
1337616792.52 106.358879089
1337616792.53 107.998573303
1337616792.53 112.019241333
1337616792.54 113.355545044
1337616792.54 109.958198547
1337616792.55 106.610397339
1337616792.57 103.731330872
1337616792.57 100.910560608
1337616792.57 96.4322128296
1337616792.57 93.7868881226
1337616792.57 90.0307998657
1337616792.58 78.5132369995
1337616792.58 65.7793121338
1337616792.59 55.9995651245
1337616792.59 31.1865234375
1337616792.6 11.4242620468
1337616792.62 -8.87887573242
1337616792.62 -25.0095367432
1337616792.62 -24.6816482544
1337616792.62 -26.6811408997
1337616792.62 -23.9631404877
1337616792.63 -12.0486574173
1337616792.63 -3.68916273117
1337616792.64 5.45901679993
1337616792.64 7.29091310501
1337616792.65 8.95084571838
1337616792.67 13.1047229767
1337616792.67 13.5728635788
1337616792.67 16.8666954041
1337616792.67 17.4220638275
1337616792.67 19.123342514
1337616792.68 19.5457687378
1337616792.68 18.132900238
1337616792.69 21.9136428833
1337616792.69 31.702747345
1337616792.7 39.9409790039
1337616792.7 51.6111297607
1337616792.72 56.7440757751
1337616792.72 64.1189041138
1337616792.72 74.9574737549
1337616792.72 81.5919342041
1337616792.73 77.4089279175
1337616792.73 77.2775497437
1337616792.74 78.5846328735
1337616792.74 75.7172012329
1337616792.75 74.3023757935
1337616792.76 76.5436172485
1337616792.76 73.7719955444
1337616792.76 71.3698425293
1337616792.77 72.6914749146
1337616792.77 70.4967803955
1337616792.78 65.1571121216
1337616792.78 66.0153503418
1337616792.79 62.9004402161
1337616792.79 51.7980995178
1337616792.8 43.235408783
1337616792.81 33.4619064331
1337616792.82 24.1746025085
1337616792.82 16.4982528687
1337616792.82 9.94559192657
1337616792.82 0.603678584099
1337616792.83 -4.64485311508
1337616792.83 -4.90678739548
1337616792.84 -8.43957901001
1337616792.84 -10.1580963135
1337616792.85 -3.33626627922
1337616792.85 -2.16882348061
1337616792.87 0.670025646687
1337616792.87 8.71974277496
1337616792.87 13.4015979767
1337616792.87 17.0597782135
1337616792.88 21.3986415863
1337616792.9 26.9063339233
1337616792.9 28.177312851
1337616792.9 34.6557540894
1337616792.9 39.0427246094
1337616792.91 42.96849823
1337616792.91 46.6618270874
1337616792.91 52.4195022583
1337616792.92 58.8040771484
1337616792.92 63.6715240479
1337616792.93 66.9150619507
1337616792.93 69.5495300293
1337616792.94 70.7443695068
1337616792.94 70.3568649292
1337616792.95 72.2136611938
1337616792.95 73.2162628174
1337616792.96 77.4111099243
1337616792.96 73.2869720459
1337616793.0 71.626953125
1337616793.0 69.5875930786
1337616793.0 63.9000854492
1337616793.0 66.405128479
1337616793.0 66.0299301147
1337616793.0 65.2132034302
1337616793.01 59.9680633545
1337616793.01 53.7583122253
1337616793.01 50.9196853638
1337616793.01 47.307888031
1337616793.02 47.1272010803
1337616793.03 46.1268730164
1337616793.03 42.1667022705
1337616793.03 44.716506958
1337616793.04 41.8809394836
1337616793.04 39.1032524109
1337616793.05 42.1980819702
1337616793.05 38.8769264221
1337616793.06 38.9480209351
1337616793.06 31.3228263855
1337616793.07 23.2621307373
1337616793.07 13.6147594452
1337616793.08 7.49636554718
1337616793.09 5.49589920044
1337616793.09 -2.26002860069
1337616793.09 0.396136760712
1337616793.1 5.64254140854
1337616793.1 3.65127444267
1337616793.11 4.5469865799
1337616793.11 9.91399669647
1337616793.12 8.88782691956
1337616793.12 8.60097885132
1337616793.13 7.34654808044
1337616793.13 4.70338821411
1337616793.15 1.51537585258
1337616793.15 5.95863819122
1337616793.15 8.58495616913
1337616793.15 8.50185966492
1337616793.16 10.6020669937
1337616793.16 9.34687995911
1337616793.17 8.36375713348
1337616793.17 8.05796527863
1337616793.18 10.6137781143
1337616793.18 9.24845027924
1337616793.2 11.093120575
1337616793.2 15.2381973267
1337616793.2 17.1728363037
1337616793.2 22.0973968506
1337616793.21 23.2633666992
1337616793.21 27.3302574158
1337616793.22 29.3285713196
1337616793.22 32.8183555603
1337616793.23 38.7690620422
1337616793.23 41.9425582886
1337616793.25 47.1549720764
1337616793.25 53.5387420654
1337616793.25 56.0866470337
1337616793.25 59.6899833679
1337616793.26 65.1924591064
1337616793.26 63.0537605286
1337616793.27 62.3173599243
1337616793.27 59.1346244812
1337616793.28 57.4361724854
1337616793.28 53.9427642822
1337616793.35 50.2653388977
1337616793.35 53.4875526428
1337616793.35 51.6968383789
1337616793.35 50.8242340088
1337616793.35 50.262096405
1337616793.35 49.539440155
1337616793.36 49.6525917053
1337616793.37 47.990196228
1337616793.74 47.8596611023
1337616793.75 47.0217933655
1337616793.75 41.1067123413
1337616793.75 39.5420303345
1337616793.76 38.0318031311
1337616793.77 35.0920791626
1337616793.78 37.1686248779
1337616793.78 40.2581558228
1337616793.78 43.9506340027
1337616793.79 46.1150398254
1337616793.79 48.2548942566
1337616793.79 50.0816726685
1337616793.8 52.3716888428
1337616793.8 60.6099281311
1337616793.85 61.9876098633
1337616793.85 63.3713874817
1337616793.85 66.1783218384
1337616793.85 59.8792114258
1337616793.85 56.2755470276
1337616793.85 58.2206268311
1337616793.85 54.866027832
1337616793.85 48.6663894653
1337616793.85 48.0268173218
1337616793.85 54.5947303772
1337616793.89 57.4387168884
1337616793.89 60.1708564758
1337616793.89 64.5631484985
1337616793.89 56.2553138733
1337616793.89 52.0411834717
1337616793.89 53.3176689148
1337616793.9 52.6907501221
1337616793.9 54.174823761
1337616793.9 55.4307136536
1337616793.9 55.6297035217
1337616793.94 56.2974243164
1337616793.94 58.0126419067
1337616793.94 58.0525627136
1337616793.94 56.8644981384
1337616793.94 59.298915863
1337616793.94 59.2130508423
1337616793.95 55.5333747864
1337616793.95 53.2096290588
1337616793.95 49.1951217651
1337616793.95 48.1960029602
1337616793.98 49.6700363159
1337616793.99 50.8194961548
1337616793.99 49.1887893677
1337616793.99 48.672416687
1337616793.99 47.7832641602
1337616793.99 47.8863868713
1337616793.99 48.4207839966
1337616794.0 50.4128837585
1337616794.0 51.6082267761
1337616794.0 53.5454788208
1337616794.0 58.5107307434
1337616794.0 60.6665153503
1337616794.0 63.9310569763
1337616794.0 65.1056442261
1337616794.02 67.6131820679
1337616794.02 71.6468276978
1337616794.03 72.2454681396
1337616794.03 73.831489563
1337616794.03 73.0597991943
1337616794.04 76.3331680298
1337616794.04 80.5587234497
1337616794.04 85.4300384521
1337616794.04 92.3831939697
1337616794.07 97.6360015869
1337616794.07 100.638427734
1337616794.07 106.141731262
1337616794.08 106.36416626
1337616794.08 105.305374146
1337616794.08 108.708267212
1337616794.09 105.837234497
1337616794.09 103.131622314
1337616794.09 102.157501221
1337616794.09 102.898780823
1337616794.1 103.425369263
1337616794.1 99.6097564697
1337616794.14 99.9859161377
1337616794.14 153.002059937
1337616794.14 156.838531494
1337616794.14 159.891525269
1337616794.14 162.65171814
1337616794.14 166.822402954
1337616794.14 165.261322021
1337616794.14 163.197341919
1337616794.14 164.707504272
1337616794.15 165.131759644
1337616794.15 164.201568604
1337616794.15 164.682189941
1337616794.15 166.367950439
1337616794.15 167.576507568
1337616794.15 168.915740967
1337616794.15 170.272964478
1337616794.15 170.098236084
1337616794.15 169.391571045
1337616794.15 171.677825928
1337616794.16 173.678421021
1337616794.16 175.036895752
1337616794.16 177.879745483
1337616794.16 177.943054199
1337616794.16 179.518997192
1337616794.16 181.346237183
1337616794.16 182.067382812
1337616794.17 182.209991455
1337616794.17 182.614151001
1337616794.17 183.800079346
1337616794.17 182.916809082
1337616794.17 184.497467041
1337616794.17 184.709060669
1337616794.17 187.218933105
1337616794.17 187.130142212
1337616794.17 186.809951782
1337616794.17 189.303527832
1337616794.19 187.653457642
1337616794.19 186.558029175
1337616794.19 187.161010742
1337616794.19 187.584991455
1337616794.19 188.633880615
1337616794.19 193.251037598
1337616794.19 194.985977173
1337616794.2 195.760742188
1337616794.2 199.904174805
1337616794.2 201.063827515
1337616794.2 197.95463562
1337616794.2 195.830673218
1337616794.2 192.921844482
1337616794.2 188.555084229
1337616794.2 198.110473633
1337616794.2 207.430175781
1337616794.21 213.880004883
1337616794.21 213.262435913
1337616794.21 214.949798584
1337616794.21 211.583114624
1337616794.21 209.645507812
1337616794.22 207.667388916
1337616794.22 202.441970825
1337616794.24 205.205947876
1337616794.24 207.375808716
1337616794.24 205.823516846
1337616794.24 205.961578369
1337616794.25 206.000915527
1337616794.26 203.771881104
1337616794.26 201.582138062
1337616794.26 202.100097656
1337616794.27 197.801940918
1337616794.27 196.461120605
1337616794.28 201.107559204
1337616794.29 198.60559082
1337616794.29 197.307937622
1337616794.29 200.981933594
1337616794.3 200.529724121
1337616794.3 199.500747681
1337616794.31 197.976394653
1337616794.31 190.268051147
1337616794.32 183.925857544
1337616794.32 185.360992432
1337616794.33 179.433456421
1337616794.33 175.77722168
1337616794.34 175.760955811
1337616794.34 169.874694824
1337616794.37 165.630203247
1337616794.37 170.716339111
1337616794.37 169.538070679
1337616794.37 168.553604126
1337616794.37 172.356689453
1337616794.37 164.113815308
1337616794.38 155.434417725
1337616794.38 153.898010254
1337616794.39 150.545654297
1337616794.39 138.852386475
1337616794.4 132.053741455
1337616794.41 122.169960022
1337616794.41 126.476577759
1337616794.41 131.118637085
1337616794.42 135.364379883
1337616794.42 127.701171875
1337616794.43 123.131340027
1337616794.43 118.43535614
1337616794.44 122.685043335
1337616794.44 129.969207764
1337616794.45 137.005691528
1337616794.45 140.475372314
1337616794.46 135.005142212
1337616794.46 128.439880371
1337616794.47 124.092910767
1337616794.47 121.521469116
1337616794.48 116.666244507
1337616794.48 116.028450012
1337616794.49 111.179550171
1337616794.49 106.245857239
1337616794.51 104.883369446
1337616794.51 102.508323669
1337616794.51 98.384437561
1337616794.51 94.8170166016
1337616794.52 90.192855835
1337616794.52 84.8518981934
1337616794.53 83.6895599365
1337616794.53 88.2065811157
1337616794.54 93.8920516968
1337616794.54 97.1726150513
1337616794.56 99.7335662842
1337616794.56 100.389198303
1337616794.56 93.8908996582
1337616794.56 94.5600738525
1337616794.57 94.9857025146
1337616794.57 91.0744781494
1337616794.58 90.9649734497
1337616794.58 90.3367462158
1337616794.59 88.102180481
1337616794.59 87.9976272583
1337616794.6 88.432510376
1337616794.61 84.8190917969
1337616794.61 80.6573410034
1337616794.61 81.5016937256
1337616794.62 81.7160415649
1337616794.62 80.6188583374
1337616794.63 81.1836929321
1337616794.63 78.8715286255
1337616794.64 77.5886306763
1337616794.64 80.9899368286
1337616794.66 82.4058456421
1337616794.66 81.567779541
1337616794.66 81.7680282593
1337616794.67 81.2858505249
1337616794.67 81.2078094482
1337616794.67 84.1833190918
1337616794.68 86.9607391357
1337616794.68 88.5626678467
1337616794.69 86.889793396
1337616794.69 85.8704147339
1337616794.7 87.1530456543
1337616794.71 86.7397003174
1337616794.71 91.5125274658
1337616794.72 94.208404541
1337616794.72 94.4042663574
1337616794.72 96.7422180176
1337616794.73 96.5305633545
1337616794.73 97.5660324097
1337616794.74 98.6092224121
1337616794.74 119.393089294
1337616794.75 138.336151123
1337616794.75 156.347061157
1337616794.76 172.470825195
1337616794.76 178.225891113
1337616794.78 187.70350647
1337616794.78 192.988586426
1337616794.78 195.337677002
1337616794.78 200.796463013
1337616794.79 202.020126343
1337616794.79 202.861831665
1337616794.8 211.969848633
1337616794.8 218.421981812
1337616794.8 210.512466431
1337616794.81 208.21697998
1337616794.82 200.900024414
1337616794.84 194.773986816
1337616794.84 192.321136475
1337616794.84 190.164627075
1337616794.84 185.230575562
1337616794.84 189.041412354
1337616794.85 193.647598267
1337616794.85 191.961471558
1337616794.86 184.891525269
1337616794.87 182.700637817
1337616794.87 176.852706909
1337616794.87 165.128616333
1337616794.88 162.14730835
1337616794.88 153.781967163
1337616794.89 146.765441895
1337616794.89 147.767532349
1337616794.9 145.595092773
1337616794.9 141.5128479
1337616794.91 145.64213562
1337616794.92 144.023696899
1337616794.92 142.448913574
1337616794.92 138.3644104
1337616794.93 130.808547974
1337616794.93 122.689506531
1337616794.93 118.760452271
1337616794.94 124.923927307
1337616794.95 123.453231812
1337616794.95 125.579048157
1337616794.96 134.301605225
1337616794.97 136.09765625
1337616794.97 137.388153076
1337616794.97 147.190887451
1337616794.97 148.53944397
1337616794.98 150.65447998
1337616794.98 155.823806763
1337616794.99 150.990081787
1337616795.0 149.076034546
1337616795.0 149.003631592
1337616795.01 143.933013916
1337616795.01 138.180526733
1337616795.02 135.123062134
1337616795.03 140.6824646
1337616795.03 143.543609619
1337616795.03 147.785614014
1337616795.04 155.358795166
1337616795.04 150.484481812
1337616795.05 149.923049927
1337616795.05 152.664276123
1337616795.06 145.63067627
1337616795.06 142.584686279
1337616795.07 140.285202026
1337616795.08 143.662017822
1337616795.08 145.957260132
1337616795.08 148.270584106
1337616795.09 149.592636108
1337616795.09 154.27822876
1337616795.09 158.122695923
1337616795.1 164.256637573
1337616795.11 161.938980103
1337616795.11 159.200424194
1337616795.12 159.388549805
1337616795.13 157.025772095
1337616795.13 158.933120728
1337616795.13 158.142868042
1337616795.14 156.132446289
1337616795.14 153.702575684
1337616795.15 152.661148071
1337616795.15 151.610351562
1337616795.15 145.003723145
1337616795.16 139.630050659
1337616795.16 134.139923096
1337616795.17 134.822418213
1337616795.17 136.911209106
1337616795.24 135.111160278
1337616795.24 138.990844727
1337616795.27 142.684661865
1337616795.28 142.586227417
1337616795.29 149.833786011
1337616795.32 142.17930603
1337616795.32 134.837127686
1337616795.33 129.398620605
1337616795.44 123.010658264
1337616795.44 117.98109436
1337616795.45 115.578666687
1337616795.45 121.890228271
1337616795.45 121.989746094
1337616795.45 125.20677948
1337616795.45 129.546081543
1337616795.45 126.49432373
1337616795.45 122.020935059
1337616795.45 123.052505493
1337616795.46 119.047332764
1337616795.49 117.210273743
1337616795.49 119.52028656
1337616795.49 115.374259949
1337616795.49 110.950134277
1337616795.49 108.282943726
1337616795.5 110.926841736
1337616795.5 111.064338684
1337616795.5 112.498771667
1337616795.5 112.87424469
1337616795.5 108.252609253
1337616795.5 114.220031738
1337616795.5 123.151763916
1337616795.5 127.083045959
1337616795.5 130.386627197
1337616795.5 134.898849487
1337616795.5 135.51550293
1337616795.5 140.716751099
1337616795.5 142.996810913
1337616795.5 142.301452637
1337616795.5 140.320495605
1337616795.5 143.258895874
1337616795.51 147.332275391
1337616795.51 143.580749512
1337616795.51 142.470718384
1337616795.51 135.965499878
1337616795.51 132.618377686
1337616795.51 133.064102173
1337616795.51 132.300170898
1337616795.51 133.399932861
1337616795.51 130.195083618
1337616795.51 126.673171997
1337616795.51 124.923957825
1337616795.51 120.106460571
1337616795.52 115.614265442
1337616795.52 112.075370789
1337616795.52 107.251281738
1337616795.52 107.82447052
1337616795.53 109.391479492
1337616795.53 112.699371338
1337616795.53 113.495628357
1337616795.53 113.410545349
1337616795.53 119.150100708
1337616795.53 117.582626343
1337616795.53 114.411247253
1337616795.54 117.970817566
1337616795.54 116.664428711
1337616795.54 114.607887268
1337616795.55 115.784454346
1337616795.55 117.69052124
1337616795.55 116.086135864
1337616795.56 116.974311829
1337616795.56 122.029510498
1337616795.56 120.822753906
1337616795.56 119.936798096
1337616795.56 121.663253784
1337616795.56 118.392250061
1337616795.56 115.214942932
1337616795.57 117.476242065
1337616795.57 114.986068726
1337616795.57 112.87046814
1337616795.57 114.888671875
1337616795.58 112.398483276
1337616795.58 111.280090332
1337616795.59 114.712242126
1337616795.59 118.068954468
1337616795.6 117.830780029
1337616795.61 119.899452209
1337616795.61 123.380065918
1337616795.61 121.033737183
1337616795.62 122.18119812
1337616795.64 119.968681335
1337616795.64 111.8618927
1337616795.64 106.3152771
1337616795.64 115.073646545
1337616795.65 114.44593811
1337616795.65 115.045005798
1337616795.65 120.220619202
1337616795.66 115.230613708
1337616795.66 112.695640564
1337616795.67 112.190216064
1337616795.68 110.121948242
1337616795.68 104.590423584
1337616795.68 103.264724731
1337616795.69 106.958709717
1337616795.69 106.676841736
1337616795.7 108.053367615
1337616795.7 110.275787354
1337616795.71 109.829704285
1337616795.72 111.833480835
1337616795.72 115.823455811
1337616795.72 113.755340576
1337616795.73 114.237464905
1337616795.73 115.897209167
1337616795.74 111.808013916
1337616795.74 113.921386719
1337616795.75 114.011688232
1337616795.75 111.460899353
1337616795.77 108.007347107
1337616795.77 106.708015442
1337616795.77 108.486686707
1337616795.77 105.389610291
1337616795.78 106.381095886
1337616795.78 106.991462708
1337616795.79 104.928833008
1337616795.79 105.180793762
1337616795.8 108.432540894
1337616795.8 110.776702881
1337616795.81 112.79095459
1337616795.81 117.671173096
1337616795.82 115.959396362
1337616795.82 116.934539795
1337616795.84 115.781394958
1337616795.84 114.285766602
1337616795.84 115.968399048
1337616795.84 116.005912781
1337616795.85 119.830932617
1337616795.85 122.103630066
1337616795.86 125.384780884
1337616795.86 129.238296509
1337616795.87 128.890426636
1337616795.87 130.905273438
1337616795.88 136.098999023
1337616795.88 135.40536499
1337616795.89 133.969726562
1337616795.89 135.4662323
1337616795.9 134.270263672
1337616795.9 134.790237427
1337616795.91 146.708099365
1337616795.91 155.456588745
1337616795.92 161.097793579
1337616795.92 165.790283203
1337616795.93 172.689819336
1337616795.93 176.586074829
1337616795.94 176.288818359
1337616795.94 179.042098999
1337616795.96 180.313110352
1337616795.96 178.806976318
1337616795.96 184.224884033
1337616795.96 184.234802246
1337616795.97 184.135025024
1337616795.97 187.79057312
1337616795.98 188.787902832
1337616795.98 188.523376465
1337616795.99 187.433410645
1337616795.99 189.051132202
1337616796.0 188.815582275
1337616796.0 187.155456543
1337616796.02 183.929672241
1337616796.02 177.059341431
1337616796.02 169.250732422
1337616796.02 164.857910156
1337616796.03 160.485198975
1337616796.03 154.230865479
1337616796.04 158.473236084
1337616796.05 157.209197998
1337616796.05 157.396957397
1337616796.05 164.582229614
1337616796.06 165.394500732
1337616796.06 164.707550049
1337616796.07 165.992263794
1337616796.07 167.69039917
1337616796.08 166.341766357
1337616796.08 169.643508911
1337616796.09 173.035171509
1337616796.1 171.353363037
1337616796.1 170.000640869
1337616796.1 173.300308228
1337616796.11 175.780944824
1337616796.11 176.141983032
1337616796.12 183.040908813
1337616796.12 186.955444336
1337616796.13 189.063018799
1337616796.13 195.496170044
1337616796.14 194.157058716
1337616796.15 193.459976196
1337616796.15 196.050354004
1337616796.15 190.45552063
1337616796.16 185.354125977
1337616796.16 185.798049927
1337616796.17 187.099868774
1337616796.17 187.156814575
1337616796.18 187.764984131
1337616796.18 191.58114624
1337616796.19 185.137893677
1337616796.2 180.573165894
1337616796.2 183.860824585
1337616796.2 181.117431641
1337616796.21 182.081817627
1337616796.21 187.48286438
1337616796.22 186.508560181
1337616796.22 184.197387695
1337616796.23 187.346588135
1337616796.23 188.067047119
1337616796.24 186.315261841
1337616796.25 187.836410522
1337616796.25 187.132141113
1337616796.25 187.78225708
1337616796.26 188.239379883
1337616796.26 193.467834473
1337616796.27 191.903869629
1337616796.27 194.96496582
1337616796.28 198.690109253
1337616796.28 195.529678345
1337616796.29 194.37651062
1337616796.29 195.188171387
1337616796.3 191.829330444
1337616796.3 190.336868286
1337616796.32 193.024520874
1337616796.32 189.994812012
1337616796.32 186.280426025
1337616796.32 185.197097778
1337616796.33 184.629501343
1337616796.33 180.363616943
1337616796.34 180.910629272
1337616796.34 185.44569397
1337616796.35 183.052215576
1337616796.35 186.485687256
1337616796.36 189.338973999
1337616796.36 188.240432739
1337616796.37 186.236541748
1337616796.37 185.359436035
1337616796.38 181.565460205
1337616796.38 180.239837646
1337616796.39 181.318832397
1337616796.39 180.766372681
1337616796.4 182.092803955
1337616796.4 181.854995728
1337616796.41 183.724227905
1337616796.41 181.945709229
1337616796.42 185.060256958
1337616796.42 187.370986938
