1337617699.97 0.0
1337617699.99 0.0
1337617699.99 0.0
1337617699.99 0.0
1337617699.99 0.0
1337617700.0 0.0
1337617700.0 0.0
1337617700.0 0.0
1337617700.01 0.0
1337617700.02 0.0
1337617700.02 0.0
1337617700.02 0.0
1337617700.03 0.0
1337617700.03 0.0
1337617700.04 0.0
1337617700.04 0.0
1337617700.05 0.0
1337617700.05 0.0
1337617700.07 0.0
1337617700.07 0.0
1337617700.07 0.0
1337617700.08 0.0
1337617700.08 0.0
1337617700.09 0.0
1337617700.09 0.0
1337617700.09 0.0
1337617700.1 0.0
1337617700.1 0.0
1337617700.11 0.0
1337617700.11 0.0
1337617700.12 0.0
1337617700.12 0.0
1337617700.13 0.0
1337617700.13 0.0
1337617700.14 0.0
1337617700.14 0.0
1337617700.16 0.0
1337617700.16 0.0
1337617700.16 0.0
1337617700.17 0.0
1337617700.17 0.0
1337617700.17 0.0
1337617700.18 0.0
1337617700.18 0.0
1337617700.19 0.0
1337617700.19 0.0
1337617700.2 0.0
1337617700.2 0.0
1337617700.21 0.0
1337617700.21 0.0
1337617700.22 0.0
1337617700.23 0.0
1337617700.24 0.0
1337617700.24 0.0
1337617700.25 0.0
1337617700.25 0.0
1337617700.25 0.0
1337617700.25 0.0
1337617700.26 0.0
1337617700.26 0.0
1337617700.27 0.0
1337617700.27 0.0
1337617700.28 0.0
1337617700.28 0.0
1337617700.29 0.0
1337617700.29 0.0
1337617700.3 0.0
1337617700.3 0.0
1337617700.33 0.0
1337617700.33 0.0
1337617700.33 0.0
1337617700.33 0.0
1337617700.33 0.0
1337617700.34 0.0
1337617700.34 0.0
1337617700.34 0.0
1337617700.35 0.0
1337617700.35 0.0
1337617700.36 0.0
1337617700.36 0.0
1337617700.37 0.0
1337617700.37 0.0
1337617700.39 0.0
1337617700.39 0.0
1337617700.39 0.0
1337617700.39 0.0
1337617700.4 0.0
1337617700.4 0.0
1337617700.41 0.0
1337617700.41 0.0
1337617700.42 0.0
1337617700.42 0.0
1337617700.43 0.0
1337617700.43 0.0
1337617700.44 0.0
1337617700.44 0.0
1337617700.45 0.0
1337617700.45 0.0
1337617700.47 0.0
1337617700.47 0.0
1337617700.47 0.0
1337617700.48 0.0
1337617700.48 0.0
1337617700.48 0.0
1337617700.49 0.0
1337617700.49 0.0
1337617700.5 0.0
1337617700.5 0.0
1337617700.51 0.0
1337617700.51 0.0
1337617700.52 0.0
1337617700.53 0.0
1337617700.53 0.0
1337617700.53 0.0
1337617700.54 0.0
1337617700.55 0.0
1337617700.56 0.0
1337617700.56 0.0
1337617700.56 0.0
1337617700.56 0.0
1337617700.57 0.0
1337617700.57 0.0
1337617700.58 0.0
1337617700.58 0.0
1337617700.59 0.0
1337617700.59 0.0
1337617700.6 0.0
1337617700.6 0.0
1337617700.61 0.0
1337617700.61 0.0
1337617700.62 0.0
1337617700.62 0.0
1337617700.64 0.0
1337617700.64 0.0
1337617700.65 0.0
1337617700.65 0.0
1337617700.65 0.0
1337617700.65 0.0
1337617700.66 0.0
1337617700.66 0.0
1337617700.67 0.0
1337617700.67 0.0
1337617700.68 0.0
1337617700.69 0.0
1337617700.69 0.0
1337617700.69 0.0
1337617700.7 0.0
1337617700.7 0.0
1337617700.73 0.0
1337617700.73 0.0
1337617700.73 0.0
1337617700.73 0.0
1337617700.73 0.0
1337617700.74 0.0
1337617700.74 0.0
1337617700.74 0.0
1337617700.75 0.0
1337617700.75 0.0
1337617700.76 0.0
1337617700.76 0.0
1337617700.77 0.0
1337617700.77 0.0
1337617700.78 0.0
1337617700.78 0.0
1337617700.79 0.0
1337617700.82 0.0
1337617700.82 0.0
1337617700.82 0.0
1337617700.82 0.0
1337617700.82 0.0
1337617700.82 0.0
1337617700.83 0.0
1337617700.83 0.0
1337617700.83 0.0
1337617700.84 0.0
1337617700.84 0.0
1337617700.85 0.0
1337617700.85 0.0
1337617700.86 0.0
1337617700.88 0.0
1337617700.88 0.0
1337617700.88 0.0
1337617700.88 0.0
1337617700.88 0.0
1337617700.89 0.0
1337617700.89 0.0
1337617700.9 0.0
1337617700.9 0.0
1337617700.91 0.0
1337617700.91 0.0
1337617700.92 0.0
1337617700.92 0.0
1337617700.93 0.0
1337617700.93 0.0
1337617700.94 0.0
1337617700.95 0.0
1337617700.95 0.0
1337617700.96 0.0
1337617700.96 0.0
1337617700.96 0.0
1337617700.97 0.0
1337617700.97 0.0
1337617700.98 0.0
1337617700.98 0.0
1337617700.99 0.0
1337617700.99 0.0
1337617701.0 0.0
1337617701.0 0.0
1337617701.01 0.0
1337617701.01 0.0
1337617701.02 0.0
1337617701.03 0.0
1337617701.04 0.0
1337617701.04 0.0
1337617701.04 0.0
1337617701.04 0.0
1337617701.05 0.0
1337617701.05 0.0
1337617701.06 0.0
1337617701.06 0.0
1337617701.07 0.0
1337617701.07 0.0
1337617701.08 0.0
1337617701.08 0.0
1337617701.09 0.0
1337617701.09 0.0
1337617701.1 0.0
1337617701.1 0.0
1337617701.12 0.0
1337617701.12 0.0
1337617701.12 0.0
1337617701.12 0.0
1337617701.13 0.0
1337617701.13 0.0
1337617701.14 0.0
1337617701.14 0.0
1337617701.15 0.0
1337617701.15 0.0
1337617701.16 0.0
1337617701.16 0.0
1337617701.17 0.0
1337617701.17 0.0
1337617701.18 0.0
1337617701.18 0.0
1337617701.19 0.0
1337617701.2 0.0
1337617701.2 0.0
1337617701.21 0.0
1337617701.21 0.0
1337617701.21 0.0
1337617701.22 0.0
1337617701.22 0.0
1337617701.23 0.0
1337617701.23 0.0
1337617701.24 0.0
1337617701.25 0.0
1337617701.25 0.0
1337617701.25 0.0
1337617701.26 0.0
1337617701.26 0.0
1337617701.27 0.0
1337617701.27 0.0
1337617701.28 0.0
1337617701.28 0.0
1337617701.29 0.0
1337617701.31 0.0
1337617701.31 0.0
1337617701.31 0.0
1337617701.31 0.0
1337617701.31 0.0
1337617701.32 0.0
1337617701.32 0.0
1337617701.33 0.0
1337617701.33 0.0
1337617701.33 0.0
1337617701.34 0.0
1337617701.35 0.0
1337617701.35 0.0
1337617701.36 0.0
1337617701.36 0.0
1337617701.37 0.0
1337617701.37 0.0
1337617701.39 0.0
1337617701.39 0.0
1337617701.39 0.0
1337617701.39 0.0
1337617701.4 0.0
1337617701.4 0.0
1337617701.4 0.0
1337617701.41 0.0
1337617701.41 0.0
1337617701.42 0.0
1337617701.43 0.0
1337617701.43 0.0
1337617701.43 0.0
1337617701.44 0.0
1337617701.45 0.0
1337617701.45 0.0
1337617701.46 0.0
1337617701.47 0.0
1337617701.48 0.0
1337617701.48 0.0
1337617701.48 0.0
1337617701.49 0.0
1337617701.49 0.0
1337617701.49 0.0
1337617701.49 0.0
1337617701.5 0.0
1337617701.5 0.0
1337617701.51 0.0
1337617701.51 0.0
1337617701.52 0.0
1337617701.53 0.0
1337617701.53 0.0
1337617701.53 0.0
1337617701.55 0.0
1337617701.56 0.0
1337617701.56 0.0
1337617701.56 0.0
1337617701.56 0.0
1337617701.57 0.0
1337617701.57 0.0
1337617701.58 0.0
1337617701.58 0.0
1337617701.58 0.0
1337617701.59 0.0
1337617701.59 0.0
1337617701.6 0.0
1337617701.6 0.0
1337617701.61 0.0
1337617701.61 0.0
1337617701.62 0.0
1337617701.63 0.0
1337617701.63 0.0
1337617701.63 0.0
1337617701.65 0.0
1337617701.65 0.0
1337617701.65 0.0
1337617701.65 0.0
1337617701.66 0.0
1337617701.66 0.0
1337617701.67 0.0
1337617701.67 0.0
1337617701.68 0.0
1337617701.68 0.0
1337617701.69 0.0
1337617701.69 0.0
1337617701.7 0.0
1337617701.7 0.0
1337617701.71 0.0
1337617701.71 0.0
1337617701.72 0.0
1337617701.73 0.0
1337617701.74 0.0
1337617701.74 0.0
1337617701.74 0.0
1337617701.74 0.0
1337617701.75 0.0
1337617701.75 0.0
1337617701.76 0.0
1337617701.76 0.0
1337617701.77 0.0
1337617701.77 0.0
1337617701.78 0.0
1337617701.78 0.0
1337617701.79 0.0
1337617701.79 0.0
1337617701.8 0.0
1337617701.8 0.0
1337617701.82 0.0
1337617701.82 0.0
1337617701.82 0.0
1337617701.82 0.0
1337617701.83 0.0
1337617701.83 0.0
1337617701.84 0.0
1337617701.84 0.0
1337617701.85 0.0
1337617701.85 0.0
1337617701.86 0.0
1337617701.86 0.0
1337617701.87 0.0
1337617701.87 0.0
1337617701.88 0.0
1337617701.88 0.0
1337617701.89 0.0
1337617701.9 0.0
1337617701.91 0.0
1337617701.91 0.0
1337617701.91 0.0
1337617701.92 0.0
1337617701.92 0.0
1337617701.92 0.0
1337617701.93 0.0
1337617701.93 0.0
1337617701.94 0.0
1337617701.94 0.0
1337617701.95 0.0
1337617701.95 0.0
1337617701.96 0.0
1337617701.96 0.0
1337617701.97 0.0
1337617701.99 0.0
1337617701.99 0.0
1337617701.99 0.0
1337617701.99 0.0
1337617701.99 0.0
1337617702.0 0.0
1337617702.0 0.0
1337617702.01 0.0
1337617702.01 0.0
1337617702.02 0.0
1337617702.02 0.0
1337617702.03 0.0
1337617702.03 0.0
1337617702.04 0.0
1337617702.04 0.0
1337617702.05 0.0
1337617702.05 0.0
1337617702.07 0.0
1337617702.07 0.0
1337617702.07 0.0
1337617702.07 0.0
1337617702.08 0.0
1337617702.08 0.0
1337617702.09 0.0
1337617702.09 0.0
1337617702.1 0.0
1337617702.1 0.0
1337617702.11 0.0
1337617702.11 0.0
1337617702.12 0.0
1337617702.12 0.0
1337617702.13 0.0
1337617702.13 0.0
1337617702.15 0.0
1337617702.15 0.0
1337617702.15 0.0
1337617702.15 0.0
1337617702.16 0.0
1337617702.16 0.0
1337617702.17 0.0
1337617702.17 0.0
1337617702.18 0.0
1337617702.18 0.0
1337617702.19 0.0
1337617702.19 0.0
1337617702.2 0.0
1337617702.2 0.0
1337617702.21 0.0
1337617702.21 0.0
1337617702.22 0.0
1337617702.22 0.0
1337617702.23 0.0
1337617702.23 0.0
1337617702.24 0.0
1337617702.24 0.0
1337617702.25 0.0
1337617702.25 0.0
1337617702.26 0.0
1337617702.26 0.0
1337617702.27 0.0
1337617702.27 0.0
1337617702.28 0.0
1337617702.28 0.0
1337617702.3 0.0
1337617702.3 0.0
1337617702.3 0.0
1337617702.3 0.0
1337617702.31 0.0
1337617702.31 0.0
1337617702.32 0.0
1337617702.32 0.0
1337617702.33 0.0
1337617702.33 0.0
1337617702.34 0.0
1337617702.34 0.0
1337617702.35 0.0
1337617702.35 0.0
1337617702.36 0.0
1337617702.36 0.0
1337617702.37 0.0
1337617702.38 0.0
1337617702.38 0.0
1337617702.39 0.0
1337617702.39 0.0
1337617702.39 0.0
1337617702.4 0.0
1337617702.4 0.0
1337617702.41 0.0
1337617702.41 0.0
1337617702.42 0.0
1337617702.42 0.0
1337617702.43 0.0
1337617702.43 0.0
1337617702.44 0.0
1337617702.44 0.0
1337617702.45 0.0
1337617702.45 0.0
1337617702.46 0.0
1337617702.46 0.0
1337617702.47 0.0
1337617702.49 0.0
1337617702.49 0.0
1337617702.49 0.0
1337617702.49 0.0
1337617702.49 0.0
1337617702.5 0.0
1337617702.5 0.0
1337617702.51 0.0
1337617702.51 0.0
1337617702.52 0.0
1337617702.52 0.0
1337617702.53 0.0
1337617702.53 0.0
1337617702.54 0.0
1337617702.54 0.0
1337617702.55 0.0
1337617702.55 0.0
1337617702.57 0.0
1337617702.57 0.0
1337617702.57 0.0
1337617702.57 0.0
1337617702.58 0.0
1337617702.58 0.0
1337617702.59 0.0
1337617702.59 0.0
1337617702.6 0.0
1337617702.6 0.0
1337617702.6 0.0
1337617702.61 0.0
1337617702.61 0.0
1337617702.62 0.0
1337617702.63 0.0
1337617702.63 0.0
1337617702.64 0.0
1337617702.65 0.0
1337617702.65 0.0
1337617702.66 0.0
1337617702.66 0.0
1337617702.66 0.0
1337617702.67 0.0
1337617702.67 0.0
1337617702.68 0.0
1337617702.68 0.0
1337617702.68 0.0
1337617702.69 0.0
1337617702.7 0.0
1337617702.7 0.0
1337617702.71 0.0
1337617702.71 0.0
1337617702.72 0.0
1337617702.73 0.0
1337617702.73 0.0
1337617702.74 0.0
1337617702.74 0.0
1337617702.74 0.0
1337617702.75 0.0
1337617702.75 0.0
1337617702.76 0.0
1337617702.76 0.0
1337617702.77 0.0
1337617702.77 0.0
1337617702.78 0.0
1337617702.78 0.0
1337617702.79 0.0
1337617702.79 0.0
1337617702.8 0.0
1337617702.8 0.0
1337617702.82 0.0
1337617702.82 0.0
1337617702.82 0.0
1337617702.82 0.0
1337617702.82 0.0
1337617702.83 0.0
1337617702.83 0.0
1337617702.84 0.0
1337617702.84 0.0
1337617702.85 0.0
1337617702.85 0.0
1337617702.86 0.0
1337617702.87 0.0
1337617702.87 0.0
1337617702.87 0.0
1337617702.88 0.0
1337617702.88 0.0
1337617702.9 0.0
1337617702.9 0.0
1337617702.9 0.0
1337617702.9 0.0
1337617702.91 0.0
1337617702.91 0.0
1337617702.92 0.0
1337617702.93 0.0
1337617702.93 0.0
1337617702.94 0.0
1337617702.94 0.0
1337617702.94 0.0
1337617702.95 0.0
1337617702.95 0.0
1337617702.96 0.0
1337617702.96 0.0
1337617702.97 0.0
1337617702.99 0.0
1337617702.99 0.0
1337617702.99 0.0
1337617702.99 0.0
1337617702.99 0.0
1337617703.0 0.0
1337617703.0 0.0
1337617703.01 0.0
1337617703.01 0.0
1337617703.02 0.0
1337617703.02 0.0
1337617703.03 0.0
1337617703.03 0.0
1337617703.04 0.0
1337617703.04 0.0
1337617703.05 0.0
1337617703.06 0.0
1337617703.06 0.0
1337617703.08 0.0
1337617703.08 0.0
1337617703.08 0.0
1337617703.08 0.0
1337617703.09 0.0
1337617703.09 0.0
1337617703.09 0.0
1337617703.1 0.0
1337617703.1 0.0
1337617703.11 0.0
1337617703.11 0.0
1337617703.12 0.0
1337617703.13 0.0
1337617703.13 0.0
1337617703.14 0.0
1337617703.15 0.0
1337617703.15 0.0
1337617703.16 0.0
1337617703.16 0.0
1337617703.16 0.0
1337617703.16 0.0
1337617703.17 0.0
1337617703.17 0.0
1337617703.18 0.0
1337617703.18 0.0
1337617703.19 0.0
1337617703.19 0.0
1337617703.2 0.0
1337617703.2 0.0
1337617703.21 0.0
1337617703.21 0.0
1337617703.22 0.0
1337617703.24 0.0
1337617703.24 0.0
1337617703.24 0.0
1337617703.24 0.0
1337617703.24 0.0
1337617703.25 0.0
1337617703.25 0.0
1337617703.26 0.0
1337617703.27 0.0
1337617703.27 0.0
1337617703.27 0.0
1337617703.28 0.0
1337617703.28 0.0
1337617703.29 0.0
1337617703.29 0.0
1337617703.3 0.0
1337617703.32 0.0
1337617703.32 0.0
1337617703.33 0.0
1337617703.33 0.0
1337617703.33 0.0
1337617703.33 0.0
1337617703.33 0.0
1337617703.34 0.0
1337617703.34 0.0
1337617703.35 0.0
1337617703.36 0.0
1337617703.36 0.0
1337617703.36 0.0
1337617703.37 0.0
1337617703.37 0.0
1337617703.38 0.0
1337617703.38 0.0
1337617703.41 0.0
1337617703.41 0.0
1337617703.41 0.0
1337617703.41 0.0
1337617703.41 0.0
1337617703.42 0.0
1337617703.42 0.0
1337617703.42 0.0
1337617703.43 0.0
1337617703.43 0.0
1337617703.44 0.0
1337617703.44 0.0
1337617703.45 0.0
1337617703.45 0.0
1337617703.46 0.0
1337617703.46 0.0
1337617703.47 0.0
1337617703.5 0.0
1337617703.5 0.0
1337617703.5 0.0
1337617703.5 0.0
1337617703.5 0.0
1337617703.5 0.0
1337617703.51 0.0
1337617703.51 0.0
1337617703.51 0.0
1337617703.52 0.0
1337617703.52 0.0
1337617703.53 0.0
1337617703.53 0.0
1337617703.54 0.0
1337617703.54 0.0
1337617703.55 0.0
1337617703.55 0.0
1337617703.56 0.0
1337617703.58 0.0
1337617703.58 0.0
1337617703.58 0.0
1337617703.58 0.0
1337617703.59 0.0
1337617703.59 0.0
1337617703.6 0.0
1337617703.6 0.0
1337617703.6 0.0
1337617703.61 0.0
1337617703.61 0.0
1337617703.62 0.0
1337617703.62 0.0
1337617703.63 0.0
1337617703.63 0.0
1337617703.65 0.0
1337617703.66 0.0
1337617703.66 0.0
1337617703.66 0.0
1337617703.66 0.0
1337617703.66 0.0
1337617703.67 0.0
1337617703.67 0.0
1337617703.68 0.0
1337617703.68 0.0
1337617703.69 0.0
1337617703.69 0.0
1337617703.7 0.0
1337617703.71 0.0
1337617703.71 0.0
1337617703.71 0.0
1337617703.72 0.0
1337617703.74 0.0
1337617703.74 0.0
1337617703.74 0.0
1337617703.74 0.0
1337617703.74 0.0
1337617703.75 0.0
1337617703.75 0.0
1337617703.76 0.0
1337617703.76 0.0
1337617703.77 0.0
1337617703.77 0.0
1337617703.78 0.0
1337617703.78 0.0
1337617703.79 0.0
1337617703.79 0.0
1337617703.8 0.0
1337617703.8 0.0
1337617703.81 0.0
1337617703.81 0.0
1337617703.83 0.0
1337617703.83 0.0
1337617703.83 0.0
1337617703.83 0.0
1337617703.84 0.0
1337617703.84 0.0
1337617703.85 0.0
1337617703.85 0.0
1337617703.86 0.0
1337617703.86 0.0
1337617703.87 0.0
1337617703.87 0.0
1337617703.88 0.0
1337617703.88 0.0
1337617703.89 0.0
1337617703.89 0.0
1337617703.9 0.0
1337617703.9 0.0
1337617703.92 0.0
1337617703.92 0.0
1337617703.92 0.0
1337617703.92 0.0
1337617703.93 0.0
1337617703.93 0.0
1337617703.94 0.0
1337617703.94 0.0
1337617703.95 0.0
1337617703.95 0.0
1337617703.96 0.0
1337617703.96 0.0
1337617703.97 0.0
1337617703.97 -1.0
1337617703.98 -1.0
1337617703.98 -1.0
1337617704.01 -1.0
1337617704.01 -1.0
1337617704.01 -1.0
1337617704.01 -1.0
1337617704.01 -1.0
1337617704.01 -1.0
1337617704.02 -1.0
1337617704.02 -1.0
1337617704.03 -1.0
1337617704.03 -1.0
1337617704.04 -1.0
1337617704.04 -1.0
1337617704.05 -1.0
1337617704.05 -1.0
1337617704.06 -1.0
1337617704.06 -1.0
1337617704.07 -1.0
1337617704.08 -1.0
1337617704.08 -1.0
1337617704.08 -1.0
1337617704.09 -1.0
1337617704.09 -1.0
1337617704.1 -1.0
1337617704.1 -1.0
1337617704.1 -1.0
1337617704.11 -1.0
1337617704.11 -1.0
1337617704.12 -1.0
1337617704.12 -1.0
1337617704.13 -1.0
1337617704.13 -1.0
1337617704.14 -1.0
1337617704.14 -1.0
1337617704.16 -1.0
1337617704.16 -1.0
1337617704.17 -1.0
1337617704.17 -1.0
1337617704.17 -1.0
1337617704.18 -1.0
1337617704.18 -1.0
1337617704.19 -1.0
1337617704.19 -1.0
1337617704.19 -1.0
1337617704.2 -1.0
1337617704.2 -1.0
1337617704.21 -1.0
1337617704.21 -1.0
1337617704.22 -1.0
1337617704.23 -1.0
1337617704.23 -1.0
1337617704.25 -1.0
1337617704.25 -1.0
1337617704.25 -1.0
1337617704.25 -1.0
1337617704.26 -1.0
1337617704.26 -1.0
1337617704.27 -1.0
1337617704.27 -1.0
1337617704.28 -1.0
1337617704.28 -1.0
1337617704.29 -1.0
1337617704.29 -1.0
1337617704.3 -1.0
1337617704.3 -1.0
1337617704.3 -1.0
1337617704.31 -1.0
1337617704.32 -1.0
1337617704.32 -1.0
1337617704.33 -1.0
1337617704.33 -1.0
1337617704.34 -1.0
1337617704.35 -1.0
1337617704.35 -1.0
1337617704.35 -1.0
1337617704.36 -1.0
1337617704.36 -1.0
1337617704.36 -1.0
1337617704.37 -1.0
1337617704.37 -1.0
1337617704.38 -1.0
1337617704.39 -1.0
1337617704.39 -1.0
1337617704.4 -1.0
1337617704.4 -1.0
1337617704.4 -1.0
1337617704.41 -1.0
1337617704.42 -1.0
1337617704.42 -1.0
1337617704.42 -1.0
1337617704.43 -1.0
1337617704.45 -1.0
1337617704.45 -1.0
1337617704.45 -1.0
1337617704.45 -1.0
1337617704.46 -1.0
1337617704.46 -1.0
1337617704.46 -1.0
1337617704.47 0.0
1337617704.47 0.0
1337617704.48 0.0
1337617704.5 0.0
1337617704.51 0.0
1337617704.51 0.0
1337617704.51 0.0
1337617704.51 0.0
1337617704.51 0.0
1337617704.51 0.0
1337617704.52 0.0
1337617704.52 0.0
1337617704.53 0.0
1337617704.54 0.0
1337617704.54 0.0
1337617704.55 0.0
1337617704.55 0.0
1337617704.55 0.0
1337617704.56 0.0
1337617704.56 0.0
1337617704.57 0.0
1337617704.57 0.0
1337617704.58 0.0
1337617704.59 0.0
1337617704.59 0.0
1337617704.6 0.0
1337617704.6 0.0
1337617704.6 0.0
1337617704.61 0.0
1337617704.61 0.0
1337617704.62 0.0
1337617704.62 0.0
1337617704.63 0.0
1337617704.64 0.0
1337617704.65 0.0
1337617704.65 0.0
1337617704.65 0.0
1337617704.65 0.0
1337617704.66 0.0
1337617704.66 0.0
1337617704.67 0.0
1337617704.67 0.0
1337617704.68 0.0
1337617704.69 0.0
1337617704.69 0.0
1337617704.7 0.0
1337617704.7 0.0
1337617704.7 0.0
1337617704.71 0.0
1337617704.71 0.0
1337617704.72 0.0
1337617704.72 0.0
1337617704.73 0.0
1337617704.74 0.0
1337617704.74 0.0
1337617704.74 0.0
1337617704.75 0.0
1337617704.75 0.0
1337617704.76 0.0
1337617704.76 0.0
1337617704.77 0.0
1337617704.77 0.0
1337617704.78 0.0
1337617704.79 0.0
1337617704.8 0.0
1337617704.8 0.0
1337617704.8 0.0
1337617704.81 0.0
1337617704.81 0.0
1337617704.81 0.0
1337617704.82 0.0
1337617704.82 0.0
1337617704.83 0.0
1337617704.85 0.0
1337617704.85 0.0
1337617704.85 0.0
1337617704.85 0.0
1337617704.85 0.0
1337617704.86 0.0
1337617704.86 0.0
1337617704.87 0.0
1337617704.87 0.0
1337617704.88 0.0
1337617704.89 0.0
1337617704.89 0.0
1337617704.89 0.0
1337617704.9 0.0
1337617704.9 0.0
1337617704.91 0.0
1337617704.92 0.0
1337617704.93 0.0
1337617704.93 0.0
1337617704.93 0.0
1337617704.94 0.0
1337617704.94 0.0
1337617704.94 0.0
1337617704.96 0.0
1337617704.96 0.0
1337617704.96 0.0
1337617704.96 0.0
1337617704.97 0.0
1337617704.97 0.0
1337617704.98 0.0
1337617704.98 0.0
1337617704.99 0.0
1337617704.99 0.0
1337617705.0 0.0
1337617705.01 0.0
1337617705.01 0.0
1337617705.01 0.0
1337617705.02 0.0
1337617705.02 0.0
1337617705.03 0.0
1337617705.03 0.0
1337617705.04 0.0
1337617705.04 0.0
1337617705.06 0.0
1337617705.06 0.0
1337617705.06 0.0
1337617705.06 0.0
1337617705.07 0.0
1337617705.07 0.0
1337617705.08 0.0
1337617705.08 0.0
1337617705.09 0.0
1337617705.09 0.0
1337617705.1 0.0
1337617705.11 0.0
1337617705.12 0.0
1337617705.12 0.0
1337617705.12 0.0
1337617705.12 0.0
1337617705.13 0.0
1337617705.13 0.0
1337617705.14 0.0
1337617705.14 0.0
1337617705.15 0.0
1337617705.16 0.0
1337617705.16 0.0
1337617705.16 0.0
1337617705.17 0.0
1337617705.17 0.0
1337617705.18 0.0
1337617705.18 0.0
1337617705.19 0.0
1337617705.19 0.0
1337617705.21 0.0
1337617705.21 0.0
1337617705.21 0.0
1337617705.21 0.0
1337617705.22 0.0
1337617705.22 0.0
1337617705.23 0.0
1337617705.23 0.0
1337617705.24 0.0
1337617705.24 0.0
1337617705.25 0.0
1337617705.26 0.0
1337617705.26 0.0
1337617705.26 0.0
1337617705.27 0.0
1337617705.27 0.0
1337617705.28 0.0
1337617705.28 0.0
1337617705.29 0.0
1337617705.29 0.0
1337617705.3 0.0
1337617705.3 0.0
1337617705.31 0.0
1337617705.32 0.0
1337617705.32 0.0
1337617705.32 0.0
1337617705.33 0.0
1337617705.33 0.0
1337617705.34 0.0
1337617705.34 0.0
1337617705.35 0.0
1337617705.35 0.0
1337617705.36 0.0
1337617705.37 0.0
1337617705.37 0.0
1337617705.38 0.0
1337617705.38 0.0
1337617705.38 0.0
1337617705.39 0.0
1337617705.39 0.0
1337617705.4 0.0
1337617705.4 0.0
1337617705.41 0.0
1337617705.41 0.0
1337617705.43 0.0
1337617705.43 0.0
1337617705.43 0.0
1337617705.43 0.0
1337617705.44 0.0
1337617705.44 0.0
1337617705.45 0.0
1337617705.45 0.0
1337617705.46 0.0
1337617705.46 0.0
1337617705.47 0.0
1337617705.47 0.0
1337617705.48 0.0
1337617705.5 0.0
1337617705.5 0.0
1337617705.5 0.0
1337617705.5 0.0
1337617705.5 0.0
1337617705.51 0.0
1337617705.51 0.0
1337617705.52 0.0
1337617705.52 0.0
1337617705.53 0.0
1337617705.54 0.0
1337617705.54 0.0
1337617705.54 0.0
1337617705.55 0.0
1337617705.55 0.0
1337617705.56 0.0
1337617705.56 0.0
1337617705.57 0.0
1337617705.57 0.0
1337617705.59 0.0
1337617705.59 0.0
1337617705.59 0.0
1337617705.59 0.0
1337617705.6 0.0
1337617705.6 0.0
1337617705.61 0.0
1337617705.61 0.0
1337617705.62 0.0
1337617705.62 0.0
1337617705.63 0.0
1337617705.64 0.0
1337617705.64 0.0
1337617705.64 0.0
1337617705.65 0.0
1337617705.65 0.0
1337617705.66 0.0
1337617705.66 0.0
1337617705.67 0.0
1337617705.67 0.0
1337617705.68 0.0
1337617705.69 0.0
1337617705.69 0.0
1337617705.69 0.0
1337617705.7 0.0
1337617705.7 0.0
1337617705.7 0.0
1337617705.71 0.0
1337617705.71 0.0
1337617705.72 0.0
1337617705.73 0.0
1337617705.73 0.0
1337617705.74 0.0
1337617705.74 0.0
1337617705.76 0.0
1337617705.76 0.0
1337617705.76 0.0
1337617705.76 0.0
1337617705.77 0.0
1337617705.77 0.0
1337617705.78 0.0
1337617705.78 0.0
1337617705.78 0.0
1337617705.79 0.0
1337617705.81 0.0
1337617705.81 0.0
1337617705.81 0.0
1337617705.81 0.0
1337617705.82 0.0
1337617705.82 0.0
1337617705.83 0.0
1337617705.83 0.0
1337617705.83 0.0
1337617705.84 0.0
1337617705.86 0.0
1337617705.86 0.0
1337617705.86 0.0
1337617705.86 0.0
1337617705.87 0.0
1337617705.87 0.0
1337617705.87 0.0
1337617705.88 0.0
1337617705.88 0.0
1337617705.89 0.0
1337617705.91 0.0
1337617705.91 0.0
1337617705.91 0.0
1337617705.91 0.0
1337617705.91 0.0
1337617705.92 0.0
1337617705.92 0.0
1337617705.93 0.0
1337617705.93 0.0
1337617705.94 0.0
1337617705.94 0.0
1337617705.95 0.0
1337617705.95 0.0
1337617705.97 0.0
1337617705.97 0.0
1337617705.97 0.0
1337617705.97 0.0
1337617705.98 0.0
1337617705.98 0.0
1337617705.99 0.0
1337617705.99 0.0
1337617706.0 0.0
1337617706.01 0.0
1337617706.01 0.0
1337617706.03 0.0
1337617706.03 0.0
1337617706.03 0.0
1337617706.03 0.0
1337617706.04 0.0
1337617706.04 0.0
1337617706.04 0.0
1337617706.05 0.0
1337617706.06 0.0
1337617706.06 0.0
1337617706.06 0.0
1337617706.07 0.0
1337617706.08 0.0
1337617706.09 0.0
1337617706.09 0.0
1337617706.1 0.0
1337617706.1 0.0
1337617706.1 0.0
1337617706.1 0.0
1337617706.12 0.0
1337617706.12 0.0
1337617706.12 0.0
1337617706.13 0.0
1337617706.13 0.0
1337617706.13 0.0
1337617706.14 0.0
1337617706.14 0.0
1337617706.15 0.0
1337617706.15 0.0
1337617706.16 0.0
1337617706.16 0.0
1337617706.17 0.0
1337617706.17 0.0
1337617706.19 0.0
1337617706.19 0.0
1337617706.19 0.0
1337617706.2 0.0
1337617706.2 0.0
1337617706.2 0.0
1337617706.21 0.0
1337617706.21 0.0
1337617706.22 0.0
1337617706.22 0.0
1337617706.24 0.0
1337617706.24 0.0
1337617706.24 0.0
1337617706.24 0.0
1337617706.25 0.0
1337617706.25 0.0
1337617706.26 0.0
1337617706.26 0.0
1337617706.27 0.0
1337617706.27 0.0
1337617706.29 0.0
1337617706.29 0.0
1337617706.3 0.0
1337617706.3 0.0
1337617706.3 0.0
1337617706.31 0.0
1337617706.31 0.0
1337617706.31 0.0
1337617706.32 0.0
1337617706.33 0.0
1337617706.35 0.0
1337617706.35 0.0
1337617706.35 0.0
1337617706.35 0.0
1337617706.35 0.0
1337617706.35 0.0
1337617706.36 0.0
1337617706.37 0.0
1337617706.37 0.0
1337617706.37 0.0
1337617706.39 0.0
1337617706.39 0.0
1337617706.39 0.0
1337617706.4 0.0
1337617706.4 0.0
1337617706.4 0.0
1337617706.41 0.0
1337617706.41 0.0
1337617706.42 0.0
1337617706.42 0.0
1337617706.43 0.0
1337617706.43 0.0
1337617706.44 0.0
1337617706.45 0.0
1337617706.46 0.0
1337617706.46 0.0
1337617706.46 0.0
1337617706.46 0.0
1337617706.47 0.0
1337617706.47 0.0
1337617706.48 0.0
1337617706.48 0.0
1337617706.49 0.0
1337617706.5 0.0
1337617706.51 0.0
1337617706.51 0.0
1337617706.51 0.0
1337617706.52 0.0
1337617706.52 0.0
1337617706.52 0.0
1337617706.53 0.0
1337617706.53 0.0
1337617706.54 0.0
1337617706.55 0.0
1337617706.55 0.0
1337617706.56 0.0
1337617706.56 0.0
1337617706.56 0.0
1337617706.57 0.0
1337617706.57 0.0
1337617706.58 0.0
1337617706.58 0.0
1337617706.59 0.0
1337617706.59 0.0
1337617706.61 0.0
1337617706.61 0.0
1337617706.61 0.0
1337617706.61 0.0
1337617706.62 0.0
1337617706.62 0.0
1337617706.63 0.0
1337617706.63 0.0
1337617706.64 0.0
1337617706.64 0.0
1337617706.65 0.0
1337617706.65 0.0
1337617706.66 0.0
1337617706.66 0.0
1337617706.67 0.0
1337617706.68 0.0
1337617706.68 0.0
1337617706.68 0.0
1337617706.69 0.0
1337617706.69 0.0
1337617706.7 0.0
1337617706.7 0.0
1337617706.71 0.0
1337617706.71 0.0
1337617706.72 0.0
1337617706.72 0.0
1337617706.73 0.0
1337617706.73 0.0
1337617706.74 0.0
1337617706.74 0.0
1337617706.75 0.0
1337617706.75 0.0
1337617706.77 0.0
1337617706.77 0.0
1337617706.77 0.0
1337617706.77 0.0
1337617706.78 0.0
1337617706.78 0.0
1337617706.79 0.0
1337617706.79 0.0
1337617706.8 0.0
1337617706.8 0.0
1337617706.81 0.0
1337617706.82 0.0
1337617706.82 0.0
1337617706.83 0.0
1337617706.83 0.0
1337617706.83 0.0
1337617706.84 0.0
1337617706.84 0.0
1337617706.85 0.0
1337617706.85 0.0
1337617706.86 0.0
1337617706.86 0.0
1337617706.87 0.0
1337617706.87 0.0
1337617706.89 0.0
1337617706.89 0.0
1337617706.89 0.0
1337617706.89 0.0
1337617706.9 0.0
1337617706.9 0.0
1337617706.91 0.0
1337617706.91 0.0
1337617706.92 0.0
1337617706.93 0.0
1337617706.94 0.0
1337617706.94 0.0
1337617706.94 0.0
1337617706.94 0.0
1337617706.95 0.0
1337617706.95 0.0
1337617706.96 0.0
1337617706.96 0.0
1337617706.97 0.0
1337617706.97 0.0
1337617706.99 0.0
1337617706.99 0.0
1337617706.99 0.0
1337617706.99 0.0
1337617707.0 0.0
1337617707.0 0.0
1337617707.01 0.0
1337617707.01 0.0
1337617707.02 0.0
1337617707.02 0.0
1337617707.03 0.0
1337617707.04 0.0
1337617707.04 0.0
1337617707.04 0.0
1337617707.05 0.0
1337617707.05 0.0
1337617707.06 0.0
1337617707.06 0.0
1337617707.07 0.0
1337617707.07 0.0
1337617707.08 0.0
1337617707.08 0.0
1337617707.09 0.0
1337617707.1 0.0
1337617707.1 0.0
1337617707.1 0.0
1337617707.11 0.0
1337617707.11 0.0
1337617707.12 0.0
1337617707.12 0.0
1337617707.12 0.0
1337617707.13 0.0
1337617707.13 0.0
1337617707.14 0.0
1337617707.15 0.0
1337617707.15 0.0
1337617707.16 0.0
1337617707.16 0.0
1337617707.16 0.0
1337617707.17 0.0
1337617707.18 0.0
1337617707.18 0.0
1337617707.19 0.0
1337617707.19 0.0
1337617707.2 0.0
1337617707.2 0.0
1337617707.21 0.0
1337617707.22 0.0
1337617707.22 0.0
1337617707.22 0.0
1337617707.22 0.0
1337617707.23 0.0
1337617707.23 0.0
1337617707.24 0.0
1337617707.24 0.0
1337617707.25 0.0
1337617707.25 0.0
1337617707.26 0.0
1337617707.27 0.0
1337617707.28 0.0
1337617707.28 0.0
1337617707.28 0.0
1337617707.28 0.0
1337617707.29 0.0
1337617707.3 0.0
1337617707.3 0.0
1337617707.3 0.0
1337617707.32 0.0
1337617707.32 0.0
1337617707.32 0.0
1337617707.33 0.0
1337617707.33 0.0
1337617707.33 0.0
1337617707.34 0.0
1337617707.34 0.0
1337617707.35 0.0
1337617707.35 0.0
1337617707.37 0.0
1337617707.37 0.0
1337617707.37 0.0
1337617707.38 0.0
1337617707.38 0.0
1337617707.39 0.0
1337617707.39 0.0
1337617707.39 0.0
1337617707.4 0.0
1337617707.4 0.0
1337617707.42 0.0
1337617707.42 0.0
1337617707.42 0.0
1337617707.43 0.0
1337617707.43 0.0
1337617707.43 0.0
1337617707.44 0.0
1337617707.44 0.0
1337617707.45 0.0
1337617707.45 0.0
1337617707.47 0.0
1337617707.47 0.0
1337617707.47 0.0
1337617707.48 0.0
1337617707.48 0.0
1337617707.49 0.0
1337617707.49 0.0
1337617707.49 0.0
1337617707.5 0.0
1337617707.5 0.0
1337617707.51 0.0
1337617707.51 0.0
1337617707.52 0.0
1337617707.53 0.0
1337617707.54 0.0
1337617707.54 0.0
1337617707.54 0.0
1337617707.54 0.0
1337617707.55 0.0
1337617707.55 0.0
1337617707.56 0.0
1337617707.56 0.0
1337617707.57 0.0
1337617707.57 0.0
1337617707.59 0.0
1337617707.59 0.0
1337617707.59 0.0
1337617707.6 0.0
1337617707.6 0.0
1337617707.61 0.0
1337617707.61 0.0
1337617707.61 0.0
1337617707.62 0.0
1337617707.63 0.0
1337617707.63 0.0
1337617707.64 0.0
1337617707.64 0.0
1337617707.64 0.0
1337617707.65 0.0
1337617707.65 0.0
1337617707.66 0.0
1337617707.67 0.0
1337617707.67 0.0
1337617707.69 0.0
1337617707.69 0.0
1337617707.69 0.0
1337617707.69 0.0
1337617707.7 0.0
1337617707.7 0.0
1337617707.71 0.0
1337617707.72 0.0
1337617707.72 0.0
1337617707.72 0.0
1337617707.74 0.0
1337617707.74 0.0
1337617707.74 0.0
1337617707.75 0.0
1337617707.75 0.0
1337617707.75 0.0
1337617707.75 0.0
1337617707.76 0.0
1337617707.76 0.0
1337617707.77 0.0
1337617707.79 0.0
1337617707.8 0.0
1337617707.84 0.0
1337617707.84 0.0
1337617707.84 0.0
1337617707.85 0.0
1337617708.06 0.0
1337617708.07 0.0
1337617708.07 0.0
1337617708.07 0.0
1337617708.07 0.0
1337617708.07 0.0
1337617708.07 0.0
1337617708.07 0.0
1337617708.07 0.0
1337617708.08 0.0
1337617708.08 0.0
1337617708.08 0.0
1337617708.08 0.0
1337617708.08 0.0
1337617708.08 0.0
1337617708.08 0.0
1337617708.08 0.0
1337617708.08 0.0
1337617708.09 0.0
1337617708.09 0.0
1337617708.09 0.0
1337617708.09 0.0
1337617708.1 0.0
1337617708.1 0.0
1337617708.1 0.0
1337617708.1 0.0
1337617708.1 0.0
1337617708.1 0.0
1337617708.11 0.0
1337617708.11 0.0
1337617708.12 0.0
1337617708.12 0.0
1337617708.12 0.0
1337617708.12 0.0
1337617708.13 0.0
1337617708.13 0.0
1337617708.13 0.0
1337617708.13 0.0
1337617708.13 0.0
1337617708.14 0.0
1337617708.17 0.0
1337617708.17 0.0
1337617708.18 0.0
1337617708.18 0.0
1337617708.18 0.0
1337617708.18 0.0
1337617708.18 0.0
1337617708.18 0.0
1337617708.18 0.0
1337617708.21 0.0
1337617708.21 0.0
1337617708.21 0.0
1337617708.21 0.0
1337617708.21 0.0
1337617708.21 0.0
1337617708.22 0.0
1337617708.22 0.0
1337617708.22 0.0
1337617708.22 0.0
1337617708.22 0.0
1337617708.22 0.0
1337617708.23 0.0
1337617708.23 0.0
1337617708.23 0.0
1337617708.25 0.0
1337617708.25 0.0
1337617708.25 0.0
1337617708.25 0.0
1337617708.26 0.0
1337617708.26 0.0
1337617708.27 0.0
1337617708.27 0.0
1337617708.27 0.0
1337617708.27 0.0
1337617708.27 0.0
1337617708.28 0.0
1337617708.28 0.0
1337617708.28 0.0
1337617708.28 0.0
1337617708.29 0.0
1337617708.29 0.0
1337617708.29 0.0
1337617708.3 0.0
1337617708.3 0.0
1337617708.3 0.0
1337617708.32 0.0
1337617708.32 0.0
1337617708.32 0.0
1337617708.33 0.0
1337617708.33 0.0
1337617708.33 0.0
1337617708.33 0.0
1337617708.33 0.0
1337617708.33 0.0
1337617708.34 0.0
1337617708.34 0.0
1337617708.34 0.0
1337617708.34 0.0
1337617708.34 0.0
1337617708.34 0.0
1337617708.34 0.0
1337617708.35 0.0
1337617708.35 0.0
1337617708.35 0.0
1337617708.35 0.0
1337617708.36 0.0
1337617708.36 0.0
1337617708.36 0.0
1337617708.36 0.0
1337617708.36 0.0
1337617708.36 0.0
1337617708.36 0.0
1337617708.37 0.0
1337617708.37 0.0
1337617708.37 0.0
1337617708.38 0.0
1337617708.38 0.0
1337617708.39 0.0
1337617708.39 0.0
1337617708.4 0.0
1337617708.4 0.0
1337617708.41 0.0
1337617708.41 0.0
1337617708.43 0.0
1337617708.43 0.0
1337617708.43 0.0
1337617708.43 0.0
1337617708.44 0.0
1337617708.44 0.0
1337617708.45 0.0
1337617708.45 0.0
1337617708.47 0.0
1337617708.47 0.0
1337617708.47 0.0
1337617708.47 0.0
1337617708.48 0.0
1337617708.48 0.0
1337617708.49 0.0
1337617708.49 0.0
1337617708.49 0.0
1337617708.5 0.0
1337617708.52 0.0
1337617708.52 0.0
1337617708.52 0.0
1337617708.52 0.0
1337617708.53 0.0
1337617708.53 0.0
1337617708.54 0.0
1337617708.54 0.0
1337617708.55 0.0
1337617708.55 0.0
1337617708.57 0.0
1337617708.57 0.0
1337617708.57 0.0
1337617708.57 0.0
1337617708.58 0.0
1337617708.58 0.0
1337617708.58 0.0
1337617708.59 0.0
1337617708.59 0.0
1337617708.6 0.0
1337617708.61 0.0
1337617708.61 0.0
1337617708.61 0.0
1337617708.62 0.0
1337617708.62 0.0
1337617708.63 0.0
1337617708.64 0.0
1337617708.64 0.0
1337617708.65 0.0
1337617708.65 0.0
1337617708.67 0.0
1337617708.67 0.0
1337617708.67 0.0
1337617708.67 0.0
1337617708.68 0.0
1337617708.68 0.0
1337617708.68 0.0
1337617708.69 0.0
1337617708.69 0.0
1337617708.7 0.0
1337617708.7 0.0
1337617708.72 0.0
1337617708.72 0.0
1337617708.72 0.0
1337617708.72 0.0
1337617708.73 0.0
1337617708.73 0.0
1337617708.74 0.0
1337617708.74 0.0
1337617708.75 0.0
1337617708.77 0.0
1337617708.77 0.0
1337617708.77 0.0
1337617708.77 0.0
1337617708.78 0.0
1337617708.78 0.0
1337617708.79 0.0
1337617708.79 0.0
1337617708.8 0.0
1337617708.8 0.0
1337617708.8 0.0
1337617708.82 0.0
1337617708.82 0.0
1337617708.82 0.0
1337617708.83 0.0
1337617708.83 0.0
1337617708.83 0.0
1337617708.84 0.0
1337617708.84 0.0
1337617708.85 0.0
1337617708.86 0.0
1337617708.86 0.0
1337617708.87 0.0
1337617708.87 0.0
1337617708.88 0.0
1337617708.88 0.0
1337617708.88 0.0
1337617708.89 0.0
1337617708.89 0.0
1337617708.9 0.0
1337617708.9 0.0
1337617708.91 0.0
1337617708.91 0.0
1337617708.92 0.0
1337617708.93 0.0
1337617708.93 0.0
1337617708.93 0.0
1337617708.94 0.0
1337617708.94 0.0
1337617708.95 0.0
1337617708.95 0.0
1337617708.96 0.0
1337617708.96 0.0
1337617708.97 0.0
1337617708.97 0.0
1337617708.98 0.0
1337617708.99 0.0
1337617709.0 0.0
1337617709.0 0.0
1337617709.0 0.0
1337617709.0 0.0
1337617709.01 0.0
1337617709.01 0.0
1337617709.03 0.0
1337617709.03 0.0
1337617709.03 0.0
1337617709.03 0.0
1337617709.04 0.0
1337617709.04 0.0
1337617709.05 0.0
1337617709.05 0.0
1337617709.06 0.0
1337617709.07 0.0
1337617709.07 0.0
1337617709.07 0.0
1337617709.08 0.0
1337617709.09 0.0
1337617709.1 0.0
1337617709.1 0.0
1337617709.1 0.0
1337617709.1 0.0
1337617709.11 0.0
1337617709.11 0.0
1337617709.12 0.0
1337617709.12 0.0
1337617709.13 0.0
1337617709.13 0.0
1337617709.15 0.0
1337617709.15 0.0
1337617709.15 0.0
1337617709.15 0.0
1337617709.16 0.0
1337617709.16 0.0
1337617709.17 0.0
1337617709.17 0.0
1337617709.18 0.0
1337617709.18 0.0
1337617709.2 0.0
1337617709.2 0.0
1337617709.21 0.0
1337617709.21 0.0
1337617709.21 0.0
1337617709.21 0.0
1337617709.22 0.0
1337617709.22 0.0
1337617709.23 0.0
1337617709.23 0.0
1337617709.25 0.0
1337617709.25 0.0
1337617709.25 0.0
1337617709.26 0.0
1337617709.26 0.0
1337617709.26 0.0
1337617709.27 0.0
1337617709.27 0.0
1337617709.28 0.0
1337617709.28 0.0
1337617709.3 0.0
1337617709.3 0.0
1337617709.3 0.0
1337617709.3 0.0
1337617709.31 0.0
1337617709.31 0.0
1337617709.32 0.0
1337617709.32 0.0
1337617709.33 0.0
1337617709.33 0.0
1337617709.34 0.0
1337617709.34 0.0
1337617709.35 0.0
1337617709.36 0.0
1337617709.36 0.0
1337617709.37 0.0
1337617709.37 0.0
1337617709.37 0.0
1337617709.38 0.0
1337617709.38 0.0
1337617709.39 0.0
1337617709.39 0.0
1337617709.4 0.0
1337617709.42 0.0
1337617709.42 0.0
1337617709.42 0.0
1337617709.42 0.0
1337617709.44 0.0
1337617709.44 0.0
1337617709.44 0.0
1337617709.44 0.0
1337617709.44 0.0
1337617709.45 0.0
1337617709.46 0.0
1337617709.46 0.0
1337617709.47 0.0
1337617709.47 0.0
1337617709.47 0.0
1337617709.48 0.0
1337617709.48 0.0
1337617709.49 0.0
1337617709.49 0.0
1337617709.5 0.0
1337617709.5 0.0
1337617709.51 0.0
1337617709.51 0.0
1337617709.53 0.0
1337617709.53 0.0
1337617709.53 0.0
1337617709.53 0.0
1337617709.54 0.0
1337617709.54 0.0
1337617709.55 0.0
1337617709.55 0.0
1337617709.56 0.0
1337617709.56 0.0
1337617709.57 0.0
1337617709.57 0.0
1337617709.58 0.0
1337617709.59 0.0
1337617709.59 0.0
1337617709.59 0.0
1337617709.6 0.0
1337617709.6 0.0
1337617709.61 0.0
1337617709.61 0.0
1337617709.63 0.0
1337617709.63 0.0
1337617709.63 0.0
1337617709.63 0.0
1337617709.64 0.0
1337617709.64 0.0
1337617709.65 0.0
1337617709.65 0.0
1337617709.66 0.0
1337617709.66 0.0
1337617709.69 0.0
1337617709.69 0.0
1337617709.69 0.0
1337617709.69 0.0
1337617709.69 0.0
1337617709.69 0.0
1337617709.7 0.0
1337617709.7 0.0
1337617709.71 0.0
1337617709.71 0.0
1337617709.72 0.0
1337617709.73 0.0
1337617709.73 0.0
1337617709.73 0.0
1337617709.74 0.0
1337617709.74 0.0
1337617709.75 0.0
1337617709.75 0.0
1337617709.76 0.0
1337617709.76 0.0
1337617709.77 0.0
1337617709.77 0.0
1337617709.78 0.0
1337617709.78 0.0
1337617709.8 0.0
1337617709.8 0.0
1337617709.8 0.0
1337617709.8 0.0
1337617709.81 0.0
1337617709.81 0.0
1337617709.81 0.0
1337617709.82 0.0
1337617709.83 0.0
1337617709.83 0.0
1337617709.84 0.0
1337617709.84 0.0
1337617709.85 0.0
1337617709.85 0.0
1337617709.86 0.0
1337617709.86 0.0
1337617709.87 0.0
1337617709.87 0.0
1337617709.88 0.0
1337617709.88 0.0
1337617709.9 0.0
1337617709.9 0.0
1337617709.9 0.0
1337617709.9 0.0
1337617709.91 0.0
1337617709.91 0.0
1337617709.92 0.0
1337617709.92 0.0
1337617709.93 0.0
1337617709.93 0.0
1337617709.95 0.0
1337617709.95 0.0
1337617709.95 0.0
1337617709.95 0.0
1337617709.96 0.0
1337617709.96 0.0
1337617709.97 0.0
1337617709.97 0.0
1337617709.98 0.0
1337617709.98 0.0
1337617709.99 0.0
1337617709.99 0.0
1337617710.0 0.0
1337617710.02 0.0
1337617710.02 0.0
1337617710.02 0.0
1337617710.02 0.0
1337617710.02 0.0
1337617710.03 0.0
1337617710.03 0.0
1337617710.04 0.0
1337617710.04 0.0
1337617710.05 0.0
1337617710.05 0.0
1337617710.07 0.0
1337617710.07 0.0
1337617710.07 0.0
1337617710.07 0.0
1337617710.08 0.0
1337617710.08 0.0
1337617710.09 0.0
1337617710.09 0.0
1337617710.1 0.0
1337617710.1 0.0
1337617710.1 0.0
1337617710.11 0.0
1337617710.12 0.0
1337617710.13 0.0
1337617710.13 0.0
1337617710.14 0.0
1337617710.14 0.0
1337617710.14 0.0
1337617710.15 0.0
1337617710.15 0.0
1337617710.15 0.0
1337617710.16 0.0
1337617710.17 0.0
1337617710.17 0.0
1337617710.18 0.0
1337617710.2 0.0
1337617710.2 0.0
1337617710.2 0.0
1337617710.2 0.0
1337617710.2 0.0
1337617710.21 0.0
1337617710.21 0.0
1337617710.23 0.0
1337617710.23 0.0
1337617710.23 0.0
1337617710.23 0.0
1337617710.24 0.0
1337617710.24 0.0
1337617710.25 0.0
1337617710.26 0.0
1337617710.26 0.0
1337617710.27 0.0
1337617710.27 0.0
1337617710.29 0.0
1337617710.29 0.0
1337617710.29 0.0
1337617710.29 0.0
1337617710.29 0.0
1337617710.3 0.0
1337617710.3 0.0
1337617710.31 0.0
1337617710.31 0.0
1337617710.31 0.0
1337617710.33 0.0
1337617710.33 0.0
1337617710.33 0.0
1337617710.34 0.0
1337617710.34 0.0
1337617710.34 0.0
1337617710.35 0.0
1337617710.35 0.0
1337617710.36 0.0
1337617710.37 0.0
1337617710.38 0.0
1337617710.38 0.0
1337617710.38 0.0
1337617710.38 0.0
1337617710.39 0.0
1337617710.39 0.0
1337617710.4 0.0
1337617710.4 0.0
1337617710.41 0.0
1337617710.41 0.0
1337617710.43 0.0
1337617710.43 0.0
1337617710.43 0.0
1337617710.43 0.0
1337617710.44 0.0
1337617710.44 0.0
1337617710.45 0.0
1337617710.45 0.0
1337617710.46 0.0
1337617710.46 0.0
1337617710.47 0.0
1337617710.47 0.0
1337617710.48 0.0
1337617710.49 0.0
1337617710.49 0.0
1337617710.49 0.0
1337617710.5 0.0
1337617710.5 0.0
1337617710.51 0.0
1337617710.51 0.0
1337617710.52 0.0
1337617710.52 0.0
1337617710.53 0.0
1337617710.55 0.0
1337617710.55 0.0
1337617710.55 0.0
1337617710.55 0.0
1337617710.56 0.0
1337617710.56 0.0
1337617710.56 0.0
1337617710.57 0.0
1337617710.57 0.0
1337617710.58 0.0
1337617710.6 0.0
1337617710.6 0.0
1337617710.6 0.0
1337617710.6 0.0
1337617710.61 0.0
1337617710.61 0.0
1337617710.61 0.0
1337617710.62 0.0
1337617710.63 0.0
1337617710.63 0.0
1337617710.65 0.0
1337617710.65 0.0
1337617710.65 0.0
1337617710.65 0.0
1337617710.65 0.0
1337617710.66 0.0
1337617710.66 0.0
1337617710.67 0.0
1337617710.67 0.0
1337617710.68 0.0
1337617710.68 0.0
1337617710.69 0.0
1337617710.69 0.0
1337617710.7 0.0
1337617710.7 0.0
1337617710.71 0.0
1337617710.71 0.0
1337617710.73 0.0
1337617710.73 0.0
1337617710.73 0.0
1337617710.74 0.0
1337617710.74 0.0
1337617710.75 0.0
1337617710.75 0.0
1337617710.75 0.0
1337617710.76 0.0
1337617710.77 0.0
1337617710.77 0.0
1337617710.77 0.0
1337617710.79 0.0
1337617710.79 0.0
1337617710.79 0.0
1337617710.79 0.0
1337617710.8 0.0
1337617710.8 0.0
1337617710.81 0.0
1337617710.81 0.0
1337617710.83 0.0
1337617710.83 0.0
1337617710.84 0.0
1337617710.84 0.0
1337617710.84 0.0
1337617710.85 0.0
1337617710.85 0.0
1337617710.85 0.0
1337617710.86 0.0
1337617710.86 0.0
1337617710.88 0.0
1337617710.88 0.0
1337617710.88 0.0
1337617710.88 0.0
1337617710.89 0.0
1337617710.89 0.0
1337617710.9 0.0
1337617710.9 0.0
1337617710.91 0.0
1337617710.91 0.0
1337617710.93 0.0
1337617710.93 0.0
1337617710.93 0.0
1337617710.93 0.0
1337617710.94 0.0
1337617710.94 0.0
1337617710.95 0.0
1337617710.95 0.0
1337617710.96 0.0
1337617710.96 0.0
1337617710.98 0.0
1337617710.98 0.0
1337617710.98 0.0
1337617710.99 0.0
1337617710.99 0.0
1337617710.99 0.0
1337617711.0 0.0
1337617711.0 0.0
1337617711.01 0.0
1337617711.01 0.0
1337617711.03 0.0
1337617711.03 0.0
1337617711.03 0.0
1337617711.03 0.0
1337617711.04 0.0
1337617711.04 0.0
1337617711.05 0.0
1337617711.05 0.0
1337617711.06 0.0
1337617711.06 0.0
1337617711.08 0.0
1337617711.08 0.0
1337617711.08 0.0
1337617711.08 0.0
1337617711.09 0.0
1337617711.09 0.0
1337617711.1 0.0
1337617711.1 0.0
1337617711.11 0.0
1337617711.11 0.0
