1337617699.97 504.0
1337617699.99 537.0
1337617699.99 536.0
1337617699.99 522.0
1337617699.99 555.0
1337617700.0 571.0
1337617700.0 564.0
1337617700.0 596.0
1337617700.01 613.0
1337617700.02 610.0
1337617700.02 642.0
1337617700.02 686.0
1337617700.03 669.0
1337617700.03 681.0
1337617700.04 735.0
1337617700.04 740.0
1337617700.05 744.0
1337617700.05 793.0
1337617700.07 787.0
1337617700.07 789.0
1337617700.07 844.0
1337617700.08 832.0
1337617700.08 815.0
1337617700.09 851.0
1337617700.09 830.0
1337617700.09 834.0
1337617700.1 881.0
1337617700.1 849.0
1337617700.11 827.0
1337617700.11 848.0
1337617700.12 842.0
1337617700.12 823.0
1337617700.13 829.0
1337617700.13 841.0
1337617700.14 832.0
1337617700.14 842.0
1337617700.16 870.0
1337617700.16 836.0
1337617700.16 847.0
1337617700.17 873.0
1337617700.17 863.0
1337617700.17 891.0
1337617700.18 886.0
1337617700.18 846.0
1337617700.19 846.0
1337617700.19 855.0
1337617700.2 828.0
1337617700.2 814.0
1337617700.21 815.0
1337617700.21 794.0
1337617700.22 785.0
1337617700.23 781.0
1337617700.24 774.0
1337617700.24 765.0
1337617700.24 740.0
1337617700.25 749.0
1337617700.25 746.0
1337617700.25 739.0
1337617700.26 755.0
1337617700.26 735.0
1337617700.27 726.0
1337617700.27 738.0
1337617700.28 728.0
1337617700.28 750.0
1337617700.29 752.0
1337617700.29 741.0
1337617700.3 734.0
1337617700.3 726.0
1337617700.33 733.0
1337617700.33 720.0
1337617700.33 715.0
1337617700.33 729.0
1337617700.33 729.0
1337617700.34 712.0
1337617700.34 724.0
1337617700.34 719.0
1337617700.35 691.0
1337617700.35 724.0
1337617700.36 729.0
1337617700.36 702.0
1337617700.37 722.0
1337617700.37 712.0
1337617700.39 697.0
1337617700.39 709.0
1337617700.39 704.0
1337617700.39 667.0
1337617700.4 654.0
1337617700.4 675.0
1337617700.41 646.0
1337617700.41 646.0
1337617700.42 680.0
1337617700.42 644.0
1337617700.43 645.0
1337617700.43 683.0
1337617700.44 661.0
1337617700.44 654.0
1337617700.45 697.0
1337617700.45 674.0
1337617700.47 646.0
1337617700.47 689.0
1337617700.47 665.0
1337617700.48 630.0
1337617700.48 679.0
1337617700.48 649.0
1337617700.49 631.0
1337617700.49 653.0
1337617700.5 642.0
1337617700.5 628.0
1337617700.51 646.0
1337617700.51 658.0
1337617700.52 632.0
1337617700.52 656.0
1337617700.53 669.0
1337617700.53 636.0
1337617700.54 662.0
1337617700.55 693.0
1337617700.56 683.0
1337617700.56 690.0
1337617700.56 737.0
1337617700.56 742.0
1337617700.57 746.0
1337617700.57 807.0
1337617700.58 779.0
1337617700.58 793.0
1337617700.59 845.0
1337617700.59 835.0
1337617700.6 854.0
1337617700.6 884.0
1337617700.61 880.0
1337617700.61 884.0
1337617700.62 921.0
1337617700.62 930.0
1337617700.64 903.0
1337617700.64 930.0
1337617700.65 937.0
1337617700.65 913.0
1337617700.65 921.0
1337617700.65 937.0
1337617700.66 904.0
1337617700.66 919.0
1337617700.67 933.0
1337617700.67 896.0
1337617700.68 913.0
1337617700.68 905.0
1337617700.69 867.0
1337617700.69 880.0
1337617700.7 878.0
1337617700.7 831.0
1337617700.73 831.0
1337617700.73 828.0
1337617700.73 809.0
1337617700.73 797.0
1337617700.73 793.0
1337617700.74 797.0
1337617700.74 792.0
1337617700.74 780.0
1337617700.75 787.0
1337617700.75 788.0
1337617700.76 782.0
1337617700.76 787.0
1337617700.77 787.0
1337617700.77 783.0
1337617700.78 796.0
1337617700.78 781.0
1337617700.79 771.0
1337617700.82 763.0
1337617700.82 731.0
1337617700.82 730.0
1337617700.82 723.0
1337617700.82 712.0
1337617700.82 681.0
1337617700.83 652.0
1337617700.83 662.0
1337617700.83 644.0
1337617700.84 614.0
1337617700.84 625.0
1337617700.85 601.0
1337617700.85 586.0
1337617700.86 594.0
1337617700.88 590.0
1337617700.88 554.0
1337617700.88 536.0
1337617700.88 526.0
1337617700.88 486.0
1337617700.89 486.0
1337617700.89 470.0
1337617700.9 421.0
1337617700.9 426.0
1337617700.91 416.0
1337617700.91 371.0
1337617700.92 345.0
1337617700.92 344.0
1337617700.93 305.0
1337617700.93 273.0
1337617700.94 298.0
1337617700.95 252.0
1337617700.95 212.0
1337617700.96 224.0
1337617700.96 180.0
1337617700.96 134.0
1337617700.97 141.0
1337617700.97 98.0
1337617700.98 42.0
1337617700.98 47.0
1337617700.99 -5.0
1337617700.99 -69.0
1337617701.0 -60.0
1337617701.0 -101.0
1337617701.01 -149.0
1337617701.01 -161.0
1337617701.02 -187.0
1337617701.02 -239.0
1337617701.04 -251.0
1337617701.04 -247.0
1337617701.04 -307.0
1337617701.04 -323.0
1337617701.05 -316.0
1337617701.05 -364.0
1337617701.06 -381.0
1337617701.06 -363.0
1337617701.07 -406.0
1337617701.07 -419.0
1337617701.08 -401.0
1337617701.08 -439.0
1337617701.09 -447.0
1337617701.09 -441.0
1337617701.1 -481.0
1337617701.1 -513.0
1337617701.12 -509.0
1337617701.12 -518.0
1337617701.12 -536.0
1337617701.12 -529.0
1337617701.13 -533.0
1337617701.13 -577.0
1337617701.14 -585.0
1337617701.14 -584.0
1337617701.15 -612.0
1337617701.15 -621.0
1337617701.16 -603.0
1337617701.16 -648.0
1337617701.17 -659.0
1337617701.17 -644.0
1337617701.18 -692.0
1337617701.18 -692.0
1337617701.19 -708.0
1337617701.2 -756.0
1337617701.2 -754.0
1337617701.21 -751.0
1337617701.21 -775.0
1337617701.21 -780.0
1337617701.22 -776.0
1337617701.22 -781.0
1337617701.23 -795.0
1337617701.23 -798.0
1337617701.23 -791.0
1337617701.24 -789.0
1337617701.25 -817.0
1337617701.25 -822.0
1337617701.26 -835.0
1337617701.26 -844.0
1337617701.27 -825.0
1337617701.27 -858.0
1337617701.28 -859.0
1337617701.28 -864.0
1337617701.28 -873.0
1337617701.31 -866.0
1337617701.31 -878.0
1337617701.31 -894.0
1337617701.31 -931.0
1337617701.31 -931.0
1337617701.32 -913.0
1337617701.32 -948.0
1337617701.33 -947.0
1337617701.33 -962.0
1337617701.33 -987.0
1337617701.34 -976.0
1337617701.35 -972.0
1337617701.35 -964.0
1337617701.36 -971.0
1337617701.36 -964.0
1337617701.37 -956.0
1337617701.37 -952.0
1337617701.39 -917.0
1337617701.39 -898.0
1337617701.39 -900.0
1337617701.39 -859.0
1337617701.4 -838.0
1337617701.4 -841.0
1337617701.4 -792.0
1337617701.41 -772.0
1337617701.41 -782.0
1337617701.42 -732.0
1337617701.42 -708.0
1337617701.43 -719.0
1337617701.43 -677.0
1337617701.44 -653.0
1337617701.45 -662.0
1337617701.45 -623.0
1337617701.45 -601.0
1337617701.47 -614.0
1337617701.48 -595.0
1337617701.48 -562.0
1337617701.48 -555.0
1337617701.49 -524.0
1337617701.49 -491.0
1337617701.49 -494.0
1337617701.49 -479.0
1337617701.5 -424.0
1337617701.5 -420.0
1337617701.51 -414.0
1337617701.51 -362.0
1337617701.52 -364.0
1337617701.53 -360.0
1337617701.53 -292.0
1337617701.53 -279.0
1337617701.55 -272.0
1337617701.56 -223.0
1337617701.56 -210.0
1337617701.56 -207.0
1337617701.56 -162.0
1337617701.57 -138.0
1337617701.57 -144.0
1337617701.58 -104.0
1337617701.58 -86.0
1337617701.58 -89.0
1337617701.59 -43.0
1337617701.59 -6.0
1337617701.6 -11.0
1337617701.6 34.0
1337617701.61 92.0
1337617701.61 99.0
1337617701.62 140.0
1337617701.63 206.0
1337617701.63 216.0
1337617701.63 244.0
1337617701.65 309.0
1337617701.65 319.0
1337617701.65 343.0
1337617701.65 417.0
1337617701.66 437.0
1337617701.66 455.0
1337617701.67 529.0
1337617701.67 531.0
1337617701.68 534.0
1337617701.68 619.0
1337617701.69 616.0
1337617701.69 616.0
1337617701.7 676.0
1337617701.7 678.0
1337617701.71 668.0
1337617701.71 712.0
1337617701.72 714.0
1337617701.73 695.0
1337617701.74 737.0
1337617701.74 732.0
1337617701.74 712.0
1337617701.74 750.0
1337617701.75 771.0
1337617701.75 761.0
1337617701.76 779.0
1337617701.76 806.0
1337617701.77 789.0
1337617701.77 798.0
1337617701.78 836.0
1337617701.78 817.0
1337617701.79 838.0
1337617701.79 883.0
1337617701.8 854.0
1337617701.8 862.0
1337617701.82 913.0
1337617701.82 899.0
1337617701.82 919.0
1337617701.82 964.0
1337617701.83 955.0
1337617701.83 979.0
1337617701.84 1027.0
1337617701.84 1039.0
1337617701.85 1048.0
1337617701.85 1075.0
1337617701.86 1065.0
1337617701.86 1067.0
1337617701.87 1100.0
1337617701.87 1110.0
1337617701.88 1101.0
1337617701.88 1109.0
1337617701.89 1113.0
1337617701.9 1100.0
1337617701.91 1119.0
1337617701.91 1134.0
1337617701.91 1121.0
1337617701.92 1118.0
1337617701.92 1128.0
1337617701.92 1119.0
1337617701.93 1122.0
1337617701.93 1130.0
1337617701.94 1095.0
1337617701.94 1087.0
1337617701.95 1072.0
1337617701.95 1035.0
1337617701.96 1029.0
1337617701.96 1005.0
1337617701.97 984.0
1337617701.98 954.0
1337617701.99 918.0
1337617701.99 905.0
1337617701.99 885.0
1337617701.99 846.0
1337617702.0 836.0
1337617702.0 828.0
1337617702.01 786.0
1337617702.01 799.0
1337617702.02 782.0
1337617702.02 735.0
1337617702.03 733.0
1337617702.03 712.0
1337617702.04 672.0
1337617702.04 661.0
1337617702.05 650.0
1337617702.05 593.0
1337617702.07 594.0
1337617702.07 590.0
1337617702.07 514.0
1337617702.07 503.0
1337617702.08 499.0
1337617702.08 457.0
1337617702.09 447.0
1337617702.09 458.0
1337617702.1 410.0
1337617702.1 383.0
1337617702.11 400.0
1337617702.11 359.0
1337617702.12 338.0
1337617702.12 351.0
1337617702.13 326.0
1337617702.13 295.0
1337617702.15 330.0
1337617702.15 297.0
1337617702.15 269.0
1337617702.15 338.0
1337617702.16 315.0
1337617702.16 286.0
1337617702.17 328.0
1337617702.17 319.0
1337617702.18 293.0
1337617702.18 340.0
1337617702.19 339.0
1337617702.19 313.0
1337617702.2 358.0
1337617702.2 350.0
1337617702.21 335.0
1337617702.21 378.0
1337617702.22 377.0
1337617702.22 363.0
1337617702.23 376.0
1337617702.23 383.0
1337617702.24 358.0
1337617702.24 363.0
1337617702.25 374.0
1337617702.25 325.0
1337617702.26 315.0
1337617702.26 339.0
1337617702.27 307.0
1337617702.27 288.0
1337617702.28 318.0
1337617702.28 276.0
1337617702.3 271.0
1337617702.3 297.0
1337617702.3 263.0
1337617702.3 276.0
1337617702.31 266.0
1337617702.31 247.0
1337617702.32 263.0
1337617702.32 274.0
1337617702.33 269.0
1337617702.33 250.0
1337617702.34 260.0
1337617702.34 266.0
1337617702.35 257.0
1337617702.35 264.0
1337617702.36 275.0
1337617702.36 275.0
1337617702.37 246.0
1337617702.38 260.0
1337617702.38 246.0
1337617702.39 228.0
1337617702.39 246.0
1337617702.39 210.0
1337617702.4 206.0
1337617702.4 206.0
1337617702.41 176.0
1337617702.41 194.0
1337617702.42 169.0
1337617702.42 144.0
1337617702.43 141.0
1337617702.43 111.0
1337617702.44 122.0
1337617702.44 95.0
1337617702.45 55.0
1337617702.45 71.0
1337617702.46 57.0
1337617702.46 19.0
1337617702.47 27.0
1337617702.48 15.0
1337617702.49 -14.0
1337617702.49 5.0
1337617702.49 -5.0
1337617702.49 -26.0
1337617702.5 -33.0
1337617702.5 -39.0
1337617702.51 -54.0
1337617702.51 -69.0
1337617702.52 -70.0
1337617702.52 -115.0
1337617702.53 -128.0
1337617702.53 -106.0
1337617702.54 -145.0
1337617702.54 -177.0
1337617702.55 -143.0
1337617702.55 -174.0
1337617702.57 -189.0
1337617702.57 -148.0
1337617702.57 -171.0
1337617702.57 -199.0
1337617702.58 -166.0
1337617702.58 -185.0
1337617702.59 -212.0
1337617702.59 -178.0
1337617702.59 -199.0
1337617702.6 -232.0
1337617702.6 -214.0
1337617702.61 -234.0
1337617702.61 -254.0
1337617702.62 -240.0
1337617702.63 -230.0
1337617702.63 -255.0
1337617702.64 -257.0
1337617702.65 -221.0
1337617702.65 -270.0
1337617702.66 -255.0
1337617702.66 -214.0
1337617702.66 -250.0
1337617702.67 -241.0
1337617702.67 -214.0
1337617702.68 -216.0
1337617702.68 -214.0
1337617702.68 -164.0
1337617702.69 -175.0
1337617702.7 -180.0
1337617702.7 -128.0
1337617702.71 -146.0
1337617702.71 -144.0
1337617702.72 -107.0
1337617702.73 -120.0
1337617702.73 -107.0
1337617702.74 -80.0
1337617702.74 -75.0
1337617702.74 -74.0
1337617702.75 -57.0
1337617702.75 -25.0
1337617702.76 -40.0
1337617702.76 -32.0
1337617702.77 16.0
1337617702.77 12.0
1337617702.77 27.0
1337617702.78 63.0
1337617702.78 37.0
1337617702.79 50.0
1337617702.79 60.0
1337617702.8 35.0
1337617702.82 53.0
1337617702.82 39.0
1337617702.82 0.0
1337617702.82 14.0
1337617702.82 0.0
1337617702.83 -8.0
1337617702.83 -10.0
1337617702.84 -33.0
1337617702.84 -22.0
1337617702.85 -33.0
1337617702.85 -69.0
1337617702.86 -54.0
1337617702.86 -41.0
1337617702.87 -77.0
1337617702.87 -79.0
1337617702.88 -76.0
1337617702.88 -117.0
1337617702.9 -103.0
1337617702.9 -100.0
1337617702.9 -151.0
1337617702.9 -145.0
1337617702.91 -154.0
1337617702.91 -171.0
1337617702.92 -177.0
1337617702.93 -182.0
1337617702.93 -208.0
1337617702.93 -236.0
1337617702.94 -189.0
1337617702.94 -231.0
1337617702.95 -272.0
1337617702.95 -233.0
1337617702.96 -278.0
1337617702.96 -310.0
1337617702.97 -281.0
1337617702.99 -317.0
1337617702.99 -354.0
1337617702.99 -315.0
1337617702.99 -352.0
1337617702.99 -388.0
1337617703.0 -369.0
1337617703.0 -408.0
1337617703.01 -439.0
1337617703.01 -414.0
1337617703.02 -428.0
1337617703.02 -466.0
1337617703.03 -454.0
1337617703.03 -454.0
1337617703.04 -484.0
1337617703.04 -473.0
1337617703.05 -460.0
1337617703.06 -502.0
1337617703.06 -498.0
1337617703.08 -478.0
1337617703.08 -522.0
1337617703.08 -516.0
1337617703.08 -501.0
1337617703.09 -535.0
1337617703.09 -530.0
1337617703.09 -505.0
1337617703.1 -532.0
1337617703.1 -547.0
1337617703.11 -521.0
1337617703.11 -549.0
1337617703.12 -571.0
1337617703.13 -558.0
1337617703.13 -611.0
1337617703.14 -641.0
1337617703.15 -626.0
1337617703.15 -655.0
1337617703.16 -682.0
1337617703.16 -669.0
1337617703.16 -683.0
1337617703.16 -722.0
1337617703.17 -705.0
1337617703.17 -710.0
1337617703.18 -738.0
1337617703.18 -738.0
1337617703.19 -748.0
1337617703.19 -781.0
1337617703.2 -772.0
1337617703.2 -769.0
1337617703.21 -807.0
1337617703.21 -804.0
1337617703.22 -791.0
1337617703.24 -818.0
1337617703.24 -803.0
1337617703.24 -784.0
1337617703.24 -819.0
1337617703.24 -817.0
1337617703.25 -801.0
1337617703.25 -818.0
1337617703.26 -824.0
1337617703.27 -815.0
1337617703.27 -831.0
1337617703.27 -841.0
1337617703.28 -832.0
1337617703.28 -859.0
1337617703.29 -859.0
1337617703.29 -855.0
1337617703.3 -876.0
1337617703.32 -871.0
1337617703.32 -870.0
1337617703.33 -871.0
1337617703.33 -881.0
1337617703.33 -911.0
1337617703.33 -896.0
1337617703.33 -915.0
1337617703.34 -934.0
1337617703.34 -884.0
1337617703.35 -914.0
1337617703.36 -926.0
1337617703.36 -909.0
1337617703.36 -942.0
1337617703.37 -932.0
1337617703.37 -945.0
1337617703.38 -990.0
1337617703.38 -972.0
1337617703.41 -983.0
1337617703.41 -990.0
1337617703.41 -997.0
1337617703.41 -1016.0
1337617703.41 -1012.0
1337617703.42 -1023.0
1337617703.42 -1024.0
1337617703.42 -1013.0
1337617703.43 -1016.0
1337617703.43 -1035.0
1337617703.44 -1023.0
1337617703.44 -1020.0
1337617703.45 -1042.0
1337617703.45 -1019.0
1337617703.46 -1018.0
1337617703.46 -1046.0
1337617703.47 -1032.0
1337617703.5 -1037.0
1337617703.5 -1041.0
1337617703.5 -1024.0
1337617703.5 -1026.0
1337617703.5 -1053.0
1337617703.5 -1055.0
1337617703.51 -1053.0
1337617703.51 -1072.0
1337617703.51 -1070.0
1337617703.52 -1063.0
1337617703.52 -1080.0
1337617703.53 -1099.0
1337617703.53 -1083.0
1337617703.54 -1097.0
1337617703.54 -1125.0
1337617703.55 -1088.0
1337617703.55 -1105.0
1337617703.56 -1139.0
1337617703.58 -1105.0
1337617703.58 -1126.0
1337617703.58 -1155.0
1337617703.58 -1121.0
1337617703.59 -1128.0
1337617703.59 -1162.0
1337617703.6 -1139.0
1337617703.6 -1143.0
1337617703.6 -1170.0
1337617703.61 -1134.0
1337617703.61 -1144.0
1337617703.62 -1180.0
1337617703.62 -1172.0
1337617703.63 -1174.0
1337617703.63 -1210.0
1337617703.65 -1220.0
1337617703.66 -1213.0
1337617703.66 -1263.0
1337617703.66 -1288.0
1337617703.66 -1265.0
1337617703.66 -1294.0
1337617703.67 -1320.0
1337617703.67 -1286.0
1337617703.68 -1334.0
1337617703.68 -1359.0
1337617703.69 -1319.0
1337617703.69 -1351.0
1337617703.7 -1359.0
1337617703.71 -1332.0
1337617703.71 -1354.0
1337617703.71 -1373.0
1337617703.72 -1317.0
1337617703.74 -1325.0
1337617703.74 -1348.0
1337617703.74 -1278.0
1337617703.74 -1283.0
1337617703.74 -1303.0
1337617703.75 -1253.0
1337617703.75 -1262.0
1337617703.76 -1290.0
1337617703.76 -1254.0
1337617703.77 -1246.0
1337617703.77 -1254.0
1337617703.78 -1223.0
1337617703.78 -1221.0
1337617703.79 -1240.0
1337617703.79 -1189.0
1337617703.8 -1160.0
1337617703.8 -1170.0
1337617703.81 -1128.0
1337617703.81 -1091.0
1337617703.83 -1101.0
1337617703.83 -1064.0
1337617703.83 -1023.0
1337617703.83 -1025.0
1337617703.84 -1005.0
1337617703.84 -949.0
1337617703.85 -951.0
1337617703.85 -925.0
1337617703.86 -858.0
1337617703.86 -878.0
1337617703.87 -836.0
1337617703.87 -786.0
1337617703.88 -801.0
1337617703.88 -750.0
1337617703.89 -730.0
1337617703.89 -737.0
1337617703.9 -698.0
1337617703.9 -672.0
1337617703.92 -656.0
1337617703.92 -646.0
1337617703.92 -625.0
1337617703.92 -605.0
1337617703.93 -583.0
1337617703.93 -583.0
1337617703.94 -562.0
1337617703.94 -542.0
1337617703.95 -531.0
1337617703.95 -485.0
1337617703.96 -476.0
1337617703.96 -450.0
1337617703.97 -408.0
1337617703.97 -387.0
1337617703.98 -360.0
1337617703.98 -343.0
1337617704.01 -325.0
1337617704.01 -316.0
1337617704.01 -300.0
1337617704.01 -264.0
1337617704.01 -272.0
1337617704.01 -270.0
1337617704.02 -289.0
1337617704.02 -360.0
1337617704.03 -468.0
1337617704.03 -594.0
1337617704.04 -774.0
1337617704.04 -1008.0
1337617704.05 -1225.0
1337617704.05 -1493.0
1337617704.06 -1785.0
1337617704.06 -2049.0
1337617704.07 -2379.0
1337617704.08 -2745.0
1337617704.08 -3066.0
1337617704.08 -3401.0
1337617704.08 -3770.0
1337617704.09 -4114.0
1337617704.1 -4451.0
1337617704.1 -4826.0
1337617704.1 -5137.0
1337617704.11 -5448.0
1337617704.11 -5795.0
1337617704.12 -6103.0
1337617704.12 -6402.0
1337617704.13 -6731.0
1337617704.13 -7009.0
1337617704.14 -7283.0
1337617704.14 -7590.0
1337617704.16 -7862.0
1337617704.16 -8112.0
1337617704.17 -8401.0
1337617704.17 -8666.0
1337617704.17 -8916.0
1337617704.18 -9177.0
1337617704.18 -9406.0
1337617704.19 -9635.0
1337617704.19 -9842.0
1337617704.19 -10075.0
1337617704.2 -10286.0
1337617704.2 -10479.0
1337617704.21 -10671.0
1337617704.21 -10869.0
1337617704.22 -11054.0
1337617704.23 -11228.0
1337617704.23 -11421.0
1337617704.25 -11542.0
1337617704.25 -11687.0
1337617704.25 -11848.0
1337617704.25 -11960.0
1337617704.26 -12089.0
1337617704.26 -12233.0
1337617704.26 -12296.0
1337617704.27 -12398.0
1337617704.27 -12530.0
1337617704.28 -12582.0
1337617704.28 -12669.0
1337617704.29 -12777.0
1337617704.3 -12819.0
1337617704.3 -12881.0
1337617704.3 -12983.0
1337617704.31 -13011.0
1337617704.32 -13060.0
1337617704.32 -13128.0
1337617704.33 -13141.0
1337617704.33 -13166.0
1337617704.34 -13209.0
1337617704.35 -13230.0
1337617704.35 -13230.0
1337617704.35 -13271.0
1337617704.36 -13267.0
1337617704.36 -13248.0
1337617704.36 -13281.0
1337617704.37 -13270.0
1337617704.37 -13242.0
1337617704.38 -13258.0
1337617704.39 -13245.0
1337617704.39 -13174.0
1337617704.4 -13177.0
1337617704.4 -13145.0
1337617704.4 -13081.0
1337617704.41 -13072.0
1337617704.41 -13034.0
1337617704.42 -12958.0
1337617704.42 -12929.0
1337617704.43 -12907.0
1337617704.45 -12822.0
1337617704.45 -12783.0
1337617704.45 -12750.0
1337617704.45 -12638.0
1337617704.45 -12612.0
1337617704.46 -12591.0
1337617704.46 -12492.0
1337617704.47 -12469.0
1337617704.47 -12424.0
1337617704.48 -12331.0
1337617704.5 -12288.0
1337617704.51 -12267.0
1337617704.51 -12168.0
1337617704.51 -12074.0
1337617704.51 -11993.0
1337617704.51 -11776.0
1337617704.51 -11575.0
1337617704.52 -11379.0
1337617704.52 -11091.0
1337617704.53 -10801.0
1337617704.54 -10503.0
1337617704.54 -10159.0
1337617704.55 -9782.0
1337617704.55 -9440.0
1337617704.55 -9038.0
1337617704.56 -8623.0
1337617704.56 -8250.0
1337617704.57 -7800.0
1337617704.57 -7342.0
1337617704.58 -6947.0
1337617704.59 -6493.0
1337617704.59 -6037.0
1337617704.6 -5634.0
1337617704.6 -5213.0
1337617704.6 -4773.0
1337617704.61 -4381.0
1337617704.61 -3992.0
1337617704.62 -3588.0
1337617704.62 -3228.0
1337617704.63 -2855.0
1337617704.64 -2504.0
1337617704.65 -2152.0
1337617704.65 -1841.0
1337617704.65 -1531.0
1337617704.65 -1224.0
1337617704.66 -932.0
1337617704.66 -634.0
1337617704.67 -350.0
1337617704.67 -119.0
1337617704.68 130.0
1337617704.69 399.0
1337617704.69 606.0
1337617704.69 835.0
1337617704.7 1081.0
1337617704.7 1264.0
1337617704.71 1436.0
1337617704.71 1653.0
1337617704.72 1821.0
1337617704.72 1977.0
1337617704.73 2185.0
1337617704.74 2335.0
1337617704.74 2473.0
1337617704.74 2616.0
1337617704.75 2759.0
1337617704.75 2868.0
1337617704.76 3000.0
1337617704.76 3146.0
1337617704.77 3210.0
1337617704.77 3346.0
1337617704.78 3444.0
1337617704.79 3494.0
1337617704.8 3623.0
1337617704.8 3695.0
1337617704.8 3750.0
1337617704.81 3858.0
1337617704.81 3921.0
1337617704.81 3994.0
1337617704.82 4058.0
1337617704.82 4116.0
1337617704.83 4175.0
1337617704.85 4206.0
1337617704.85 4257.0
1337617704.85 4293.0
1337617704.85 4336.0
1337617704.85 4372.0
1337617704.86 4378.0
1337617704.86 4431.0
1337617704.87 4442.0
1337617704.87 4457.0
1337617704.88 4519.0
1337617704.89 4521.0
1337617704.89 4522.0
1337617704.89 4584.0
1337617704.9 4575.0
1337617704.9 4574.0
1337617704.91 4613.0
1337617704.92 4603.0
1337617704.93 4615.0
1337617704.93 4668.0
1337617704.93 4636.0
1337617704.93 4619.0
1337617704.94 4663.0
1337617704.94 4617.0
1337617704.96 4604.0
1337617704.96 4618.0
1337617704.96 4593.0
1337617704.96 4577.0
1337617704.97 4573.0
1337617704.97 4566.0
1337617704.98 4538.0
1337617704.98 4522.0
1337617704.99 4526.0
1337617704.99 4475.0
1337617705.0 4486.0
1337617705.01 4464.0
1337617705.01 4426.0
1337617705.01 4446.0
1337617705.02 4410.0
1337617705.02 4394.0
1337617705.03 4384.0
1337617705.03 4338.0
1337617705.04 4330.0
1337617705.04 4299.0
1337617705.06 4262.0
1337617705.06 4268.0
1337617705.06 4230.0
1337617705.06 4191.0
1337617705.07 4196.0
1337617705.07 4156.0
1337617705.08 4102.0
1337617705.08 4126.0
1337617705.09 4087.0
1337617705.09 4018.0
1337617705.1 4045.0
1337617705.11 4007.0
1337617705.12 3946.0
1337617705.12 3963.0
1337617705.12 3912.0
1337617705.12 3864.0
1337617705.13 3860.0
1337617705.13 3826.0
1337617705.14 3750.0
1337617705.14 3769.0
1337617705.15 3741.0
1337617705.16 3678.0
1337617705.16 3684.0
1337617705.16 3667.0
1337617705.17 3607.0
1337617705.17 3624.0
1337617705.18 3635.0
1337617705.18 3581.0
1337617705.19 3573.0
1337617705.19 3570.0
1337617705.21 3509.0
1337617705.21 3500.0
1337617705.21 3480.0
1337617705.21 3410.0
1337617705.22 3417.0
1337617705.22 3373.0
1337617705.23 3339.0
1337617705.23 3342.0
1337617705.24 3287.0
1337617705.24 3261.0
1337617705.25 3246.0
1337617705.26 3204.0
1337617705.26 3194.0
1337617705.26 3153.0
1337617705.27 3104.0
1337617705.27 3085.0
1337617705.28 3057.0
1337617705.28 2996.0
1337617705.29 2966.0
1337617705.29 2937.0
1337617705.3 2882.0
1337617705.3 2841.0
1337617705.31 2860.0
1337617705.32 2812.0
1337617705.32 2774.0
1337617705.32 2799.0
1337617705.33 2731.0
1337617705.33 2710.0
1337617705.34 2716.0
1337617705.34 2643.0
1337617705.35 2601.0
1337617705.35 2581.0
1337617705.36 2497.0
1337617705.37 2442.0
1337617705.37 2426.0
1337617705.37 2358.0
1337617705.38 2281.0
1337617705.38 2256.0
1337617705.39 2212.0
1337617705.39 2143.0
1337617705.4 2112.0
1337617705.4 2070.0
1337617705.41 1987.0
1337617705.41 1957.0
1337617705.43 1911.0
1337617705.43 1848.0
1337617705.43 1825.0
1337617705.43 1778.0
1337617705.44 1722.0
1337617705.44 1698.0
1337617705.45 1649.0
1337617705.45 1597.0
1337617705.46 1576.0
1337617705.46 1529.0
1337617705.47 1492.0
1337617705.47 1441.0
1337617705.48 1400.0
1337617705.5 1363.0
1337617705.5 1318.0
1337617705.5 1275.0
1337617705.5 1216.0
1337617705.5 1196.0
1337617705.51 1143.0
1337617705.51 1078.0
1337617705.52 1089.0
1337617705.52 1031.0
1337617705.53 990.0
1337617705.54 999.0
1337617705.54 943.0
1337617705.54 917.0
1337617705.55 907.0
1337617705.55 879.0
1337617705.56 842.0
1337617705.56 824.0
1337617705.57 795.0
1337617705.57 745.0
1337617705.59 737.0
1337617705.59 717.0
1337617705.59 659.0
1337617705.59 654.0
1337617705.6 657.0
1337617705.6 595.0
1337617705.61 577.0
1337617705.61 586.0
1337617705.62 538.0
1337617705.62 514.0
1337617705.63 519.0
1337617705.64 469.0
1337617705.64 459.0
1337617705.64 444.0
1337617705.65 408.0
1337617705.65 377.0
1337617705.66 370.0
1337617705.66 351.0
1337617705.67 329.0
1337617705.67 349.0
1337617705.68 330.0
1337617705.69 297.0
1337617705.69 313.0
1337617705.69 299.0
1337617705.7 285.0
1337617705.7 281.0
1337617705.7 272.0
1337617705.71 271.0
1337617705.71 261.0
1337617705.72 254.0
1337617705.73 251.0
1337617705.73 269.0
1337617705.73 265.0
1337617705.74 284.0
1337617705.76 308.0
1337617705.76 299.0
1337617705.76 310.0
1337617705.76 332.0
1337617705.77 322.0
1337617705.77 340.0
1337617705.78 339.0
1337617705.78 327.0
1337617705.78 351.0
1337617705.79 390.0
1337617705.81 382.0
1337617705.81 381.0
1337617705.81 429.0
1337617705.81 407.0
1337617705.82 408.0
1337617705.82 474.0
1337617705.83 461.0
1337617705.83 464.0
1337617705.83 530.0
1337617705.84 504.0
1337617705.86 515.0
1337617705.86 572.0
1337617705.86 562.0
1337617705.86 597.0
1337617705.87 643.0
1337617705.87 646.0
1337617705.87 656.0
1337617705.88 717.0
1337617705.88 760.0
1337617705.89 746.0
1337617705.91 799.0
1337617705.91 824.0
1337617705.91 824.0
1337617705.91 864.0
1337617705.91 895.0
1337617705.92 897.0
1337617705.92 936.0
1337617705.93 961.0
1337617705.93 957.0
1337617705.94 1000.0
1337617705.94 991.0
1337617705.95 1014.0
1337617705.95 1066.0
1337617705.97 1060.0
1337617705.97 1095.0
1337617705.97 1122.0
1337617705.97 1118.0
1337617705.98 1138.0
1337617705.98 1154.0
1337617705.99 1167.0
1337617705.99 1199.0
1337617706.0 1241.0
1337617706.01 1227.0
1337617706.01 1240.0
1337617706.03 1287.0
1337617706.03 1265.0
1337617706.03 1288.0
1337617706.03 1345.0
1337617706.04 1312.0
1337617706.04 1338.0
1337617706.04 1380.0
1337617706.05 1348.0
1337617706.06 1340.0
1337617706.06 1370.0
1337617706.06 1355.0
1337617706.07 1346.0
1337617706.08 1381.0
1337617706.09 1375.0
1337617706.09 1378.0
1337617706.09 1401.0
1337617706.1 1410.0
1337617706.1 1392.0
1337617706.1 1408.0
1337617706.12 1398.0
1337617706.12 1384.0
1337617706.12 1393.0
1337617706.13 1380.0
1337617706.13 1362.0
1337617706.13 1376.0
1337617706.14 1360.0
1337617706.14 1347.0
1337617706.15 1361.0
1337617706.15 1346.0
1337617706.16 1359.0
1337617706.16 1350.0
1337617706.17 1348.0
1337617706.17 1364.0
1337617706.19 1356.0
1337617706.19 1334.0
1337617706.19 1334.0
1337617706.2 1327.0
1337617706.2 1309.0
1337617706.2 1329.0
1337617706.21 1363.0
1337617706.21 1340.0
1337617706.22 1336.0
1337617706.22 1368.0
1337617706.24 1346.0
1337617706.24 1336.0
1337617706.24 1368.0
1337617706.24 1337.0
1337617706.25 1335.0
1337617706.25 1354.0
1337617706.26 1336.0
1337617706.26 1329.0
1337617706.27 1339.0
1337617706.27 1308.0
1337617706.29 1286.0
1337617706.29 1301.0
1337617706.3 1279.0
1337617706.3 1266.0
1337617706.3 1298.0
1337617706.31 1304.0
1337617706.31 1264.0
1337617706.31 1282.0
1337617706.32 1276.0
1337617706.33 1241.0
1337617706.35 1238.0
1337617706.35 1211.0
1337617706.35 1183.0
1337617706.35 1164.0
1337617706.35 1128.0
1337617706.35 1105.0
1337617706.36 1080.0
1337617706.37 1034.0
1337617706.37 1008.0
1337617706.37 998.0
1337617706.39 966.0
1337617706.39 928.0
1337617706.39 927.0
1337617706.39 885.0
1337617706.4 846.0
1337617706.4 827.0
1337617706.41 772.0
1337617706.41 738.0
1337617706.42 720.0
1337617706.42 666.0
1337617706.43 622.0
1337617706.43 616.0
1337617706.44 540.0
1337617706.45 506.0
1337617706.46 512.0
1337617706.46 433.0
1337617706.46 380.0
1337617706.46 379.0
1337617706.47 326.0
1337617706.47 277.0
1337617706.48 256.0
1337617706.48 214.0
1337617706.49 166.0
1337617706.5 146.0
1337617706.5 125.0
1337617706.51 64.0
1337617706.51 43.0
1337617706.51 21.0
1337617706.52 -36.0
1337617706.52 -53.0
1337617706.53 -100.0
1337617706.53 -162.0
1337617706.54 -174.0
1337617706.55 -222.0
1337617706.55 -267.0
1337617706.55 -294.0
1337617706.56 -347.0
1337617706.56 -393.0
1337617706.57 -417.0
1337617706.57 -454.0
1337617706.58 -492.0
1337617706.58 -528.0
1337617706.59 -570.0
1337617706.59 -602.0
1337617706.61 -627.0
1337617706.61 -672.0
1337617706.61 -711.0
1337617706.61 -721.0
1337617706.62 -784.0
1337617706.62 -812.0
1337617706.63 -814.0
1337617706.63 -878.0
1337617706.64 -924.0
1337617706.64 -918.0
1337617706.65 -970.0
1337617706.65 -1017.0
1337617706.66 -1015.0
1337617706.66 -1050.0
1337617706.67 -1072.0
1337617706.68 -1088.0
1337617706.68 -1089.0
1337617706.68 -1123.0
1337617706.69 -1118.0
1337617706.69 -1112.0
1337617706.7 -1147.0
1337617706.7 -1130.0
1337617706.71 -1148.0
1337617706.71 -1176.0
1337617706.72 -1147.0
1337617706.72 -1133.0
1337617706.73 -1156.0
1337617706.73 -1140.0
1337617706.74 -1120.0
1337617706.74 -1129.0
1337617706.75 -1128.0
1337617706.75 -1092.0
1337617706.77 -1082.0
1337617706.77 -1073.0
1337617706.77 -1059.0
1337617706.77 -1046.0
1337617706.78 -1031.0
1337617706.78 -1032.0
1337617706.79 -1007.0
1337617706.79 -1026.0
1337617706.8 -1007.0
1337617706.8 -1000.0
1337617706.81 -991.0
1337617706.82 -963.0
1337617706.82 -1003.0
1337617706.83 -996.0
1337617706.83 -985.0
1337617706.83 -985.0
1337617706.84 -954.0
1337617706.84 -963.0
1337617706.85 -977.0
1337617706.85 -948.0
1337617706.86 -962.0
1337617706.86 -968.0
1337617706.87 -933.0
1337617706.87 -941.0
1337617706.89 -960.0
1337617706.89 -936.0
1337617706.89 -923.0
1337617706.89 -944.0
1337617706.9 -922.0
1337617706.9 -902.0
1337617706.91 -926.0
1337617706.91 -902.0
1337617706.91 -866.0
1337617706.93 -880.0
1337617706.94 -869.0
1337617706.94 -837.0
1337617706.94 -868.0
1337617706.94 -850.0
1337617706.95 -807.0
1337617706.95 -836.0
1337617706.96 -817.0
1337617706.96 -773.0
1337617706.97 -778.0
1337617706.97 -777.0
1337617706.99 -731.0
1337617706.99 -746.0
1337617706.99 -741.0
1337617706.99 -700.0
1337617707.0 -701.0
1337617707.0 -697.0
1337617707.01 -676.0
1337617707.01 -661.0
1337617707.01 -663.0
1337617707.02 -637.0
1337617707.02 -615.0
1337617707.04 -620.0
1337617707.04 -607.0
1337617707.04 -601.0
1337617707.05 -590.0
1337617707.05 -565.0
1337617707.06 -537.0
1337617707.06 -532.0
1337617707.07 -527.0
1337617707.07 -500.0
1337617707.08 -488.0
1337617707.08 -461.0
1337617707.09 -454.0
1337617707.1 -430.0
1337617707.1 -413.0
1337617707.1 -420.0
1337617707.11 -415.0
1337617707.11 -414.0
1337617707.12 -417.0
1337617707.12 -387.0
1337617707.12 -388.0
1337617707.13 -387.0
1337617707.13 -354.0
1337617707.14 -353.0
1337617707.15 -333.0
1337617707.15 -348.0
1337617707.16 -356.0
1337617707.16 -327.0
1337617707.16 -321.0
1337617707.17 -295.0
1337617707.18 -307.0
1337617707.18 -306.0
1337617707.18 -296.0
1337617707.19 -301.0
1337617707.19 -273.0
1337617707.2 -288.0
1337617707.2 -281.0
1337617707.22 -268.0
1337617707.22 -306.0
1337617707.22 -292.0
1337617707.22 -303.0
1337617707.23 -314.0
1337617707.23 -315.0
1337617707.24 -323.0
1337617707.24 -332.0
1337617707.25 -350.0
1337617707.25 -342.0
1337617707.26 -347.0
1337617707.27 -353.0
1337617707.28 -366.0
1337617707.28 -381.0
1337617707.28 -398.0
1337617707.28 -407.0
1337617707.29 -396.0
1337617707.3 -430.0
1337617707.3 -444.0
1337617707.3 -466.0
1337617707.32 -490.0
1337617707.32 -484.0
1337617707.32 -517.0
1337617707.33 -526.0
1337617707.33 -552.0
1337617707.33 -585.0
1337617707.34 -580.0
1337617707.34 -601.0
1337617707.35 -625.0
1337617707.35 -644.0
1337617707.37 -658.0
1337617707.37 -690.0
1337617707.37 -692.0
1337617707.38 -687.0
1337617707.38 -753.0
1337617707.39 -756.0
1337617707.39 -763.0
1337617707.39 -808.0
1337617707.4 -806.0
1337617707.4 -819.0
1337617707.42 -856.0
1337617707.42 -873.0
1337617707.42 -845.0
1337617707.43 -853.0
1337617707.43 -870.0
1337617707.43 -832.0
1337617707.44 -875.0
1337617707.44 -886.0
1337617707.45 -832.0
1337617707.45 -863.0
1337617707.47 -890.0
1337617707.47 -865.0
1337617707.47 -897.0
1337617707.48 -918.0
1337617707.48 -887.0
1337617707.48 -914.0
1337617707.49 -935.0
1337617707.49 -910.0
1337617707.5 -925.0
1337617707.5 -942.0
1337617707.51 -918.0
1337617707.51 -914.0
1337617707.52 -927.0
1337617707.53 -893.0
1337617707.54 -892.0
1337617707.54 -885.0
1337617707.54 -868.0
1337617707.54 -860.0
1337617707.55 -844.0
1337617707.55 -857.0
1337617707.56 -855.0
1337617707.56 -871.0
1337617707.57 -873.0
1337617707.57 -853.0
1337617707.59 -851.0
1337617707.59 -844.0
1337617707.59 -866.0
1337617707.6 -828.0
1337617707.6 -812.0
1337617707.61 -834.0
1337617707.61 -786.0
1337617707.61 -799.0
1337617707.62 -820.0
1337617707.63 -767.0
1337617707.63 -778.0
1337617707.64 -793.0
1337617707.64 -722.0
1337617707.64 -743.0
1337617707.65 -769.0
1337617707.65 -729.0
1337617707.66 -745.0
1337617707.67 -758.0
1337617707.67 -727.0
1337617707.69 -708.0
1337617707.69 -728.0
1337617707.69 -695.0
1337617707.69 -669.0
1337617707.69 -716.0
1337617707.7 -672.0
1337617707.71 -648.0
1337617707.72 -678.0
1337617707.72 -647.0
1337617707.72 -619.0
1337617707.74 -634.0
1337617707.74 -598.0
1337617707.74 -559.0
1337617707.75 -586.0
1337617707.75 -560.0
1337617707.75 -524.0
1337617707.75 -535.0
1337617707.76 -500.0
1337617707.76 -467.0
1337617707.77 -470.0
1337617707.79 -450.0
1337617707.8 -448.0
1337617707.84 -433.0
1337617707.84 -409.0
1337617707.84 -390.0
1337617707.85 -377.0
1337617708.06 -370.0
1337617708.07 -343.0
1337617708.07 -325.0
1337617708.07 -288.0
1337617708.07 -277.0
1337617708.07 -279.0
1337617708.07 -241.0
1337617708.07 -239.0
1337617708.07 -228.0
1337617708.08 -166.0
1337617708.08 -159.0
1337617708.08 -144.0
1337617708.08 -73.0
1337617708.08 -65.0
1337617708.08 -47.0
1337617708.08 25.0
1337617708.08 21.0
1337617708.08 11.0
1337617708.08 85.0
1337617708.09 87.0
1337617708.09 90.0
1337617708.09 142.0
1337617708.1 144.0
1337617708.1 152.0
1337617708.1 199.0
1337617708.1 219.0
1337617708.1 197.0
1337617708.1 230.0
1337617708.11 279.0
1337617708.11 250.0
1337617708.12 304.0
1337617708.12 342.0
1337617708.12 322.0
1337617708.12 369.0
1337617708.13 375.0
1337617708.13 361.0
1337617708.13 382.0
1337617708.13 374.0
1337617708.13 361.0
1337617708.14 368.0
1337617708.17 355.0
1337617708.17 352.0
1337617708.18 337.0
1337617708.18 307.0
1337617708.18 321.0
1337617708.18 309.0
1337617708.18 265.0
1337617708.18 277.0
1337617708.18 250.0
1337617708.21 234.0
1337617708.21 233.0
1337617708.21 210.0
1337617708.21 180.0
1337617708.21 177.0
1337617708.21 198.0
1337617708.22 143.0
1337617708.22 146.0
1337617708.22 164.0
1337617708.22 134.0
1337617708.22 131.0
1337617708.22 150.0
1337617708.23 115.0
1337617708.23 127.0
1337617708.23 156.0
1337617708.25 99.0
1337617708.25 100.0
1337617708.25 126.0
1337617708.25 118.0
1337617708.26 118.0
1337617708.26 125.0
1337617708.27 94.0
1337617708.27 112.0
1337617708.27 106.0
1337617708.27 97.0
1337617708.27 107.0
1337617708.28 98.0
1337617708.28 93.0
1337617708.28 88.0
1337617708.28 79.0
1337617708.29 73.0
1337617708.29 94.0
1337617708.29 50.0
1337617708.3 17.0
1337617708.3 28.0
1337617708.3 12.0
1337617708.32 -21.0
1337617708.32 9.0
1337617708.32 2.0
1337617708.33 -15.0
1337617708.33 52.0
1337617708.33 2.0
1337617708.33 -44.0
1337617708.33 18.0
1337617708.33 -6.0
1337617708.34 -38.0
1337617708.34 7.0
1337617708.34 -22.0
1337617708.34 -32.0
1337617708.34 1.0
1337617708.34 -9.0
1337617708.34 -30.0
1337617708.34 -1.0
1337617708.35 24.0
1337617708.35 -15.0
1337617708.35 3.0
1337617708.36 36.0
1337617708.36 17.0
1337617708.36 53.0
1337617708.36 66.0
1337617708.36 48.0
1337617708.36 79.0
1337617708.36 114.0
1337617708.37 101.0
1337617708.37 111.0
1337617708.37 118.0
1337617708.38 117.0
1337617708.38 139.0
1337617708.39 129.0
1337617708.39 148.0
1337617708.4 155.0
1337617708.4 146.0
1337617708.41 181.0
1337617708.41 180.0
1337617708.43 165.0
1337617708.43 203.0
1337617708.43 196.0
1337617708.43 180.0
1337617708.44 196.0
1337617708.44 186.0
1337617708.45 161.0
1337617708.45 180.0
1337617708.47 189.0
1337617708.47 171.0
1337617708.47 178.0
1337617708.47 210.0
1337617708.48 203.0
1337617708.48 203.0
1337617708.49 248.0
1337617708.49 219.0
1337617708.49 239.0
1337617708.5 285.0
1337617708.52 243.0
1337617708.52 245.0
1337617708.52 283.0
1337617708.52 276.0
1337617708.53 279.0
1337617708.53 277.0
1337617708.54 261.0
1337617708.54 278.0
1337617708.55 301.0
1337617708.55 310.0
1337617708.57 302.0
1337617708.57 313.0
1337617708.57 345.0
1337617708.57 341.0
1337617708.58 341.0
1337617708.58 349.0
1337617708.58 351.0
1337617708.59 367.0
1337617708.59 350.0
1337617708.6 365.0
1337617708.61 371.0
1337617708.61 357.0
1337617708.61 386.0
1337617708.62 360.0
1337617708.62 340.0
1337617708.63 382.0
1337617708.64 361.0
1337617708.64 324.0
1337617708.64 372.0
1337617708.65 358.0
1337617708.67 333.0
1337617708.67 368.0
1337617708.67 341.0
1337617708.67 327.0
1337617708.67 362.0
1337617708.68 356.0
1337617708.68 337.0
1337617708.69 374.0
1337617708.69 392.0
1337617708.7 371.0
1337617708.7 373.0
1337617708.72 417.0
1337617708.72 423.0
1337617708.72 438.0
1337617708.72 486.0
1337617708.73 448.0
1337617708.73 474.0
1337617708.74 526.0
1337617708.74 483.0
1337617708.75 487.0
1337617708.77 503.0
1337617708.77 483.0
1337617708.77 509.0
1337617708.77 496.0
1337617708.77 495.0
1337617708.78 514.0
1337617708.78 499.0
1337617708.79 504.0
1337617708.8 490.0
1337617708.8 501.0
1337617708.8 519.0
1337617708.82 520.0
1337617708.82 491.0
1337617708.82 467.0
1337617708.83 472.0
1337617708.83 459.0
1337617708.83 432.0
1337617708.84 449.0
1337617708.84 442.0
1337617708.85 412.0
1337617708.86 458.0
1337617708.86 428.0
1337617708.87 390.0
1337617708.87 444.0
1337617708.87 396.0
1337617708.88 345.0
1337617708.88 383.0
1337617708.89 332.0
1337617708.89 298.0
1337617708.9 312.0
1337617708.9 275.0
1337617708.91 237.0
1337617708.91 241.0
1337617708.92 216.0
1337617708.93 158.0
1337617708.93 168.0
1337617708.93 167.0
1337617708.94 119.0
1337617708.94 111.0
1337617708.95 123.0
1337617708.95 79.0
1337617708.96 91.0
1337617708.96 101.0
1337617708.97 48.0
1337617708.97 40.0
1337617708.98 69.0
1337617708.99 15.0
1337617709.0 10.0
1337617709.0 19.0
1337617709.0 -36.0
1337617709.0 -29.0
1337617709.01 -43.0
1337617709.01 -98.0
1337617709.03 -122.0
1337617709.03 -153.0
1337617709.03 -212.0
1337617709.03 -234.0
1337617709.04 -304.0
1337617709.04 -351.0
1337617709.05 -392.0
1337617709.05 -471.0
1337617709.06 -494.0
1337617709.07 -545.0
1337617709.07 -630.0
1337617709.07 -638.0
1337617709.08 -697.0
1337617709.09 -778.0
1337617709.1 -781.0
1337617709.1 -827.0
1337617709.1 -902.0
1337617709.1 -907.0
1337617709.11 -964.0
1337617709.11 -1043.0
1337617709.12 -1019.0
1337617709.12 -1056.0
1337617709.13 -1144.0
1337617709.13 -1123.0
1337617709.15 -1161.0
1337617709.15 -1214.0
1337617709.15 -1185.0
1337617709.15 -1231.0
1337617709.16 -1298.0
1337617709.16 -1275.0
1337617709.17 -1301.0
1337617709.17 -1363.0
1337617709.18 -1346.0
1337617709.18 -1377.0
1337617709.2 -1414.0
1337617709.2 -1401.0
1337617709.21 -1425.0
1337617709.21 -1466.0
1337617709.21 -1461.0
1337617709.21 -1462.0
1337617709.22 -1509.0
1337617709.22 -1499.0
1337617709.23 -1483.0
1337617709.23 -1515.0
1337617709.25 -1502.0
1337617709.25 -1509.0
1337617709.25 -1536.0
1337617709.26 -1531.0
1337617709.26 -1525.0
1337617709.26 -1533.0
1337617709.27 -1527.0
1337617709.27 -1514.0
1337617709.28 -1535.0
1337617709.28 -1538.0
1337617709.3 -1527.0
1337617709.3 -1508.0
1337617709.3 -1523.0
1337617709.3 -1532.0
1337617709.31 -1513.0
1337617709.31 -1540.0
1337617709.32 -1514.0
1337617709.32 -1499.0
1337617709.33 -1519.0
1337617709.33 -1505.0
1337617709.34 -1487.0
1337617709.34 -1505.0
1337617709.35 -1507.0
1337617709.36 -1474.0
1337617709.36 -1490.0
1337617709.37 -1512.0
1337617709.37 -1468.0
1337617709.37 -1495.0
1337617709.38 -1519.0
1337617709.38 -1481.0
1337617709.39 -1547.0
1337617709.39 -1566.0
1337617709.4 -1513.0
1337617709.42 -1569.0
1337617709.42 -1583.0
1337617709.42 -1551.0
1337617709.42 -1592.0
1337617709.44 -1598.0
1337617709.44 -1562.0
1337617709.44 -1600.0
1337617709.44 -1620.0
1337617709.44 -1565.0
1337617709.45 -1634.0
1337617709.46 -1649.0
1337617709.46 -1613.0
1337617709.47 -1665.0
1337617709.47 -1662.0
1337617709.47 -1659.0
1337617709.48 -1722.0
1337617709.48 -1747.0
1337617709.49 -1750.0
1337617709.49 -1810.0
1337617709.5 -1844.0
1337617709.5 -1832.0
1337617709.51 -1902.0
1337617709.51 -1920.0
1337617709.53 -1937.0
1337617709.53 -1995.0
1337617709.53 -1985.0
1337617709.53 -2025.0
1337617709.54 -2055.0
1337617709.54 -2059.0
1337617709.55 -2095.0
1337617709.55 -2094.0
1337617709.56 -2093.0
1337617709.56 -2129.0
1337617709.57 -2113.0
1337617709.57 -2141.0
1337617709.58 -2177.0
1337617709.59 -2141.0
1337617709.59 -2135.0
1337617709.59 -2167.0
1337617709.6 -2130.0
1337617709.6 -2126.0
1337617709.61 -2132.0
1337617709.61 -2057.0
1337617709.63 -2039.0
1337617709.63 -2024.0
1337617709.63 -1937.0
1337617709.63 -1887.0
1337617709.64 -1874.0
1337617709.64 -1799.0
1337617709.65 -1747.0
1337617709.65 -1748.0
1337617709.66 -1643.0
1337617709.66 -1580.0
1337617709.69 -1564.0
1337617709.69 -1455.0
1337617709.69 -1409.0
1337617709.69 -1390.0
1337617709.69 -1294.0
1337617709.69 -1228.0
1337617709.7 -1173.0
1337617709.7 -1075.0
1337617709.71 -993.0
1337617709.71 -948.0
1337617709.72 -862.0
1337617709.73 -750.0
1337617709.73 -718.0
1337617709.73 -612.0
1337617709.74 -498.0
1337617709.74 -462.0
1337617709.75 -370.0
1337617709.75 -287.0
1337617709.76 -248.0
1337617709.76 -137.0
1337617709.77 -81.0
1337617709.77 -52.0
1337617709.78 41.0
1337617709.78 80.0
1337617709.79 163.0
1337617709.8 230.0
1337617709.8 256.0
1337617709.8 330.0
1337617709.81 381.0
1337617709.81 413.0
1337617709.81 506.0
1337617709.82 568.0
1337617709.83 583.0
1337617709.83 679.0
1337617709.84 712.0
1337617709.84 728.0
1337617709.85 825.0
1337617709.85 855.0
1337617709.86 869.0
1337617709.86 937.0
1337617709.87 964.0
1337617709.87 978.0
1337617709.88 1025.0
1337617709.88 1066.0
1337617709.9 1062.0
1337617709.9 1100.0
1337617709.9 1138.0
1337617709.9 1113.0
1337617709.91 1149.0
1337617709.91 1207.0
1337617709.92 1192.0
1337617709.92 1242.0
1337617709.93 1267.0
1337617709.93 1249.0
1337617709.95 1300.0
1337617709.95 1285.0
1337617709.95 1283.0
1337617709.95 1304.0
1337617709.96 1267.0
1337617709.96 1306.0
1337617709.97 1324.0
1337617709.97 1310.0
1337617709.98 1346.0
1337617709.98 1331.0
1337617709.99 1315.0
1337617709.99 1355.0
1337617710.0 1352.0
1337617710.02 1312.0
1337617710.02 1316.0
1337617710.02 1299.0
1337617710.02 1268.0
1337617710.02 1265.0
1337617710.03 1254.0
1337617710.03 1205.0
1337617710.04 1179.0
1337617710.04 1204.0
1337617710.04 1165.0
1337617710.05 1155.0
1337617710.07 1184.0
1337617710.07 1103.0
1337617710.07 1090.0
1337617710.07 1107.0
1337617710.08 1035.0
1337617710.08 1014.0
1337617710.09 1007.0
1337617710.09 941.0
1337617710.09 929.0
1337617710.1 901.0
1337617710.1 831.0
1337617710.11 812.0
1337617710.11 781.0
1337617710.13 755.0
1337617710.13 750.0
1337617710.14 701.0
1337617710.14 677.0
1337617710.14 652.0
1337617710.15 610.0
1337617710.15 598.0
1337617710.15 591.0
1337617710.16 524.0
1337617710.17 505.0
1337617710.17 486.0
1337617710.18 433.0
1337617710.2 421.0
1337617710.2 384.0
1337617710.2 335.0
1337617710.2 310.0
1337617710.2 328.0
1337617710.21 280.0
1337617710.21 240.0
1337617710.23 252.0
1337617710.23 193.0
1337617710.23 157.0
1337617710.23 188.0
1337617710.24 150.0
1337617710.24 125.0
1337617710.25 162.0
1337617710.26 103.0
1337617710.26 78.0
1337617710.27 123.0
1337617710.27 64.0
1337617710.29 30.0
1337617710.29 44.0
1337617710.29 2.0
1337617710.29 -22.0
1337617710.29 6.0
1337617710.3 -36.0
1337617710.3 -83.0
1337617710.31 -74.0
1337617710.31 -126.0
1337617710.31 -166.0
1337617710.33 -155.0
1337617710.33 -212.0
1337617710.33 -252.0
1337617710.34 -266.0
1337617710.34 -306.0
1337617710.34 -319.0
1337617710.35 -332.0
1337617710.35 -360.0
1337617710.36 -394.0
1337617710.37 -422.0
1337617710.38 -432.0
1337617710.38 -454.0
1337617710.38 -486.0
1337617710.38 -502.0
1337617710.39 -539.0
1337617710.39 -583.0
1337617710.4 -602.0
1337617710.4 -634.0
1337617710.41 -667.0
1337617710.41 -691.0
1337617710.43 -725.0
1337617710.43 -770.0
1337617710.43 -796.0
1337617710.43 -801.0
1337617710.44 -862.0
1337617710.44 -904.0
1337617710.45 -910.0
1337617710.45 -960.0
1337617710.46 -972.0
1337617710.46 -987.0
1337617710.47 -1033.0
1337617710.47 -1059.0
1337617710.48 -1042.0
1337617710.49 -1061.0
1337617710.49 -1119.0
1337617710.49 -1104.0
1337617710.5 -1139.0
1337617710.5 -1182.0
1337617710.51 -1142.0
1337617710.51 -1171.0
1337617710.52 -1205.0
1337617710.52 -1165.0
1337617710.53 -1209.0
1337617710.54 -1251.0
1337617710.55 -1205.0
1337617710.55 -1210.0
1337617710.55 -1233.0
1337617710.56 -1212.0
1337617710.56 -1231.0
1337617710.56 -1264.0
1337617710.57 -1241.0
1337617710.57 -1238.0
1337617710.58 -1262.0
1337617710.6 -1232.0
1337617710.6 -1207.0
1337617710.6 -1231.0
1337617710.6 -1198.0
1337617710.61 -1171.0
1337617710.61 -1186.0
1337617710.61 -1165.0
1337617710.62 -1140.0
1337617710.63 -1143.0
1337617710.63 -1139.0
1337617710.65 -1085.0
1337617710.65 -1100.0
1337617710.65 -1090.0
1337617710.65 -1016.0
1337617710.65 -1043.0
1337617710.66 -1023.0
1337617710.66 -967.0
1337617710.67 -988.0
1337617710.67 -967.0
1337617710.68 -922.0
1337617710.68 -932.0
1337617710.69 -911.0
1337617710.69 -860.0
1337617710.7 -863.0
1337617710.7 -836.0
1337617710.71 -789.0
1337617710.71 -812.0
1337617710.73 -805.0
1337617710.73 -772.0
1337617710.73 -758.0
1337617710.73 -717.0
1337617710.74 -708.0
1337617710.75 -699.0
1337617710.75 -680.0
1337617710.75 -673.0
1337617710.76 -648.0
1337617710.77 -636.0
1337617710.77 -641.0
1337617710.77 -629.0
1337617710.79 -621.0
1337617710.79 -617.0
1337617710.79 -597.0
1337617710.79 -574.0
1337617710.8 -615.0
1337617710.8 -604.0
1337617710.81 -599.0
1337617710.81 -623.0
1337617710.83 -634.0
1337617710.83 -642.0
1337617710.83 -648.0
1337617710.84 -652.0
1337617710.84 -611.0
1337617710.85 -634.0
1337617710.85 -671.0
1337617710.85 -625.0
1337617710.86 -645.0
1337617710.86 -668.0
1337617710.88 -610.0
1337617710.88 -632.0
1337617710.88 -655.0
1337617710.88 -582.0
1337617710.89 -595.0
1337617710.89 -612.0
1337617710.9 -532.0
1337617710.9 -568.0
1337617710.91 -571.0
1337617710.91 -515.0
1337617710.93 -513.0
1337617710.93 -494.0
1337617710.93 -466.0
1337617710.93 -448.0
1337617710.94 -439.0
1337617710.94 -405.0
1337617710.95 -376.0
1337617710.95 -404.0
1337617710.96 -371.0
1337617710.96 -324.0
1337617710.98 -320.0
1337617710.98 -290.0
1337617710.98 -261.0
1337617710.99 -257.0
1337617710.99 -226.0
1337617710.99 -186.0
1337617711.0 -170.0
1337617711.0 -152.0
1337617711.01 -130.0
1337617711.01 -112.0
1337617711.03 -101.0
1337617711.03 -97.0
1337617711.03 -81.0
1337617711.03 -73.0
1337617711.04 -78.0
1337617711.04 -43.0
1337617711.05 -38.0
1337617711.05 -60.0
1337617711.06 2.0
1337617711.06 -2.0
1337617711.08 -35.0
1337617711.08 22.0
1337617711.08 9.0
1337617711.08 10.0
1337617711.09 53.0
1337617711.09 52.0
1337617711.1 45.0
1337617711.1 72.0
1337617711.11 95.0
1337617711.11 57.0
