1337617699.97 44.6846504211
1337617699.99 45.4285354614
1337617699.99 41.2356987
1337617699.99 41.4256820679
1337617699.99 44.2287902832
1337617700.0 40.3293952942
1337617700.0 40.8225631714
1337617700.0 43.1178512573
1337617700.01 40.1542663574
1337617700.02 41.3224105835
1337617700.02 41.5872650146
1337617700.02 38.2372779846
1337617700.03 38.5749092102
1337617700.03 41.2808036804
1337617700.04 39.2417411804
1337617700.04 38.1302680969
1337617700.05 38.925907135
1337617700.05 37.5928535461
1337617700.07 34.2578048706
1337617700.07 35.681350708
1337617700.07 34.2535705566
1337617700.08 29.4633789062
1337617700.08 30.8961162567
1337617700.09 30.7223014832
1337617700.09 28.6703548431
1337617700.09 29.7842674255
1337617700.1 29.1721553802
1337617700.1 27.4664039612
1337617700.11 31.916934967
1337617700.11 35.605091095
1337617700.12 34.1343154907
1337617700.12 34.5896186829
1337617700.13 35.0738220215
1337617700.13 32.1834716797
1337617700.14 33.4284477234
1337617700.14 32.0828323364
1337617700.16 25.3255615234
1337617700.16 21.1194210052
1337617700.16 21.2932033539
1337617700.17 17.7610321045
1337617700.17 14.9584569931
1337617700.17 14.6485347748
1337617700.18 12.592590332
1337617700.18 12.9454421997
1337617700.19 15.1573858261
1337617700.19 14.0131969452
1337617700.2 12.0645122528
1337617700.2 15.4048557281
1337617700.21 17.5075321198
1337617700.21 19.641664505
1337617700.22 25.2552509308
1337617700.23 24.35663414
1337617700.24 23.7046871185
1337617700.24 26.4926204681
1337617700.25 27.2477817535
1337617700.25 26.606180191
1337617700.25 27.1777496338
1337617700.25 26.5601863861
1337617700.26 24.7598323822
1337617700.26 25.2302837372
1337617700.27 24.2060127258
1337617700.27 22.823059082
1337617700.28 21.949514389
1337617700.28 17.0719280243
1337617700.29 13.1142654419
1337617700.29 11.0859146118
1337617700.3 8.60923194885
1337617700.3 8.77160739899
1337617700.33 8.17105674744
1337617700.33 7.32689523697
1337617700.33 9.26758480072
1337617700.33 9.34561920166
1337617700.33 9.92689704895
1337617700.34 10.569067955
1337617700.34 8.45492553711
1337617700.34 6.25176048279
1337617700.35 7.28351688385
1337617700.35 7.36682891846
1337617700.36 7.53639030457
1337617700.36 7.8398566246
1337617700.37 9.04766559601
1337617700.37 8.2102804184
1337617700.39 7.55776309967
1337617700.39 9.09288978577
1337617700.39 9.33979701996
1337617700.39 9.93359947205
1337617700.4 13.8717832565
1337617700.4 13.4183692932
1337617700.41 11.6227197647
1337617700.41 12.4850740433
1337617700.42 11.0821847916
1337617700.42 9.59599208832
1337617700.43 9.42053985596
1337617700.43 6.72114658356
1337617700.44 2.83526420593
1337617700.44 4.68008375168
1337617700.45 6.67140340805
1337617700.45 5.20887374878
1337617700.47 6.99880838394
1337617700.47 6.87967586517
1337617700.47 3.36051368713
1337617700.48 5.02734184265
1337617700.48 6.70764160156
1337617700.48 3.66858482361
1337617700.49 3.96119785309
1337617700.49 6.56923294067
1337617700.5 3.94657516479
1337617700.5 4.94145298004
1337617700.51 7.93619585037
1337617700.51 5.5517168045
1337617700.52 6.92393636703
1337617700.53 9.94481658936
1337617700.53 7.86323022842
1337617700.53 8.42475509644
1337617700.54 9.30719566345
1337617700.55 5.80504179001
1337617700.56 4.93808317184
1337617700.56 7.34879255295
1337617700.56 4.77493953705
1337617700.56 2.90490007401
1337617700.57 4.54379320145
1337617700.57 2.23204183578
1337617700.58 1.0630531311
1337617700.58 2.73274159431
1337617700.59 1.82933163643
1337617700.59 0.50617069006
1337617700.6 1.28840863705
1337617700.6 1.96042776108
1337617700.61 2.42432713509
1337617700.61 3.27271485329
1337617700.62 4.71265459061
1337617700.62 0.431211709976
1337617700.64 1.09358239174
1337617700.64 2.49578785896
1337617700.65 -2.05002975464
1337617700.65 -1.77165591717
1337617700.65 -0.674502968788
1337617700.65 -4.00344562531
1337617700.66 -3.00535726547
1337617700.66 -1.32603728771
1337617700.67 -3.24600458145
1337617700.67 -5.15100288391
1337617700.68 -4.52967405319
1337617700.68 -6.19714546204
1337617700.69 -4.88449239731
1337617700.69 -3.19322443008
1337617700.7 -3.55394697189
1337617700.7 -3.63055872917
1337617700.73 -1.18278980255
1337617700.73 -2.03348779678
1337617700.73 -4.00663137436
1337617700.73 -0.334741830826
1337617700.73 -1.65628635883
1337617700.74 -3.78928995132
1337617700.74 -2.30860590935
1337617700.74 -3.05518364906
1337617700.75 -4.46808576584
1337617700.75 -3.31552863121
1337617700.76 -5.74579906464
1337617700.76 -7.03250312805
1337617700.77 -6.52598428726
1337617700.77 -8.16077709198
1337617700.78 -8.87961578369
1337617700.78 -10.6322536469
1337617700.79 -15.4513645172
1337617700.82 -17.317773819
1337617700.82 -17.4141635895
1337617700.82 -18.6405982971
1337617700.82 -19.6003112793
1337617700.82 -21.0878429413
1337617700.82 -22.0882644653
1337617700.83 -21.1921653748
1337617700.83 -21.9076213837
1337617700.83 -22.857509613
1337617700.84 -22.6567783356
1337617700.84 -22.2951774597
1337617700.85 -21.2436180115
1337617700.85 -20.2149753571
1337617700.86 -19.4376335144
1337617700.88 -21.3114967346
1337617700.88 -20.5434780121
1337617700.88 -15.0516214371
1337617700.88 -14.2544736862
1337617700.88 -14.5600042343
1337617700.89 -15.8336544037
1337617700.89 -20.1833724976
1337617700.9 -19.9645519257
1337617700.9 -18.6113319397
1337617700.91 -21.458480835
1337617700.91 -23.7958297729
1337617700.92 -25.763250351
1337617700.92 -29.8014392853
1337617700.93 -32.7848968506
1337617700.93 -33.3610534668
1337617700.94 -36.6460533142
1337617700.95 -41.5529174805
1337617700.95 -41.9883308411
1337617700.96 -42.4390335083
1337617700.96 -46.4027519226
1337617700.96 -46.7529602051
1337617700.97 -47.0375480652
1337617700.97 -51.9610557556
1337617700.98 -50.5772018433
1337617700.98 -48.3514785767
1337617700.99 -49.6233177185
1337617700.99 -47.7381439209
1337617701.0 -44.7182121277
1337617701.0 -46.4465332031
1337617701.01 -45.8402671814
1337617701.01 -42.8699684143
1337617701.02 -46.927154541
1337617701.03 -47.5144691467
1337617701.04 -44.168296814
1337617701.04 -46.750087738
1337617701.04 -43.7130508423
1337617701.04 -39.1914367676
1337617701.05 -40.9543457031
1337617701.05 -41.2775650024
1337617701.06 -39.5985946655
1337617701.06 -40.9664573669
1337617701.07 -41.7002868652
1337617701.07 -38.9536514282
1337617701.08 -38.8042030334
1337617701.08 -41.3012809753
1337617701.09 -38.8607940674
1337617701.09 -37.7005958557
1337617701.1 -38.318359375
1337617701.1 -34.8500671387
1337617701.12 -36.7238769531
1337617701.12 -40.702293396
1337617701.12 -39.828830719
1337617701.12 -38.3978691101
1337617701.13 -40.1630058289
1337617701.13 -38.4626121521
1337617701.14 -38.1107940674
1337617701.14 -40.9322090149
1337617701.15 -39.9136161804
1337617701.15 -37.5591278076
1337617701.16 -36.3090171814
1337617701.16 -35.2885322571
1337617701.17 -32.3237495422
1337617701.17 -30.0534763336
1337617701.18 -27.9362335205
1337617701.18 -24.0418281555
1337617701.19 -23.6098575592
1337617701.2 -25.0755367279
1337617701.2 -24.6347885132
1337617701.21 -26.1086616516
1337617701.21 -25.8914909363
1337617701.21 -21.990354538
1337617701.22 -20.9039287567
1337617701.22 -21.2234687805
1337617701.23 -21.3104858398
1337617701.23 -23.4716739655
1337617701.23 -26.6237812042
1337617701.25 -25.2047863007
1337617701.25 -24.5632209778
1337617701.25 -24.6185150146
1337617701.26 -21.6689853668
1337617701.26 -21.0546112061
1337617701.27 -20.2515010834
1337617701.27 -18.6320514679
1337617701.28 -17.410741806
1337617701.28 -16.7044200897
1337617701.29 -14.9594221115
1337617701.31 -18.3223590851
1337617701.31 -17.949968338
1337617701.31 -14.4420471191
1337617701.31 -10.5209932327
1337617701.31 -6.82576179504
1337617701.32 -8.67652416229
1337617701.32 -9.09529304504
1337617701.33 -5.2959561348
1337617701.33 -3.3053612709
1337617701.33 -0.12445281446
1337617701.34 1.0890815258
1337617701.35 -0.827148616314
1337617701.35 -0.694873332977
1337617701.36 0.655778646469
1337617701.36 2.69659924507
1337617701.37 2.14944458008
1337617701.37 1.04082345963
1337617701.39 0.438923895359
1337617701.39 -0.223551809788
1337617701.39 1.85511219501
1337617701.39 5.0344452858
1337617701.4 6.59855985641
1337617701.4 8.30785179138
1337617701.4 9.1594619751
1337617701.41 11.106174469
1337617701.41 12.787279129
1337617701.42 13.6029758453
1337617701.43 13.0714464188
1337617701.43 12.4789218903
1337617701.43 15.2978506088
1337617701.44 15.9841890335
1337617701.45 16.4059925079
1337617701.45 18.7633228302
1337617701.45 16.249666214
1337617701.47 14.4701299667
1337617701.48 17.213142395
1337617701.48 17.4169616699
1337617701.48 16.8316860199
1337617701.49 16.8842353821
1337617701.49 15.8327455521
1337617701.49 13.7897787094
1337617701.49 14.8181200027
1337617701.5 14.8233861923
1337617701.5 13.3179550171
1337617701.51 16.8361091614
1337617701.51 19.4845123291
1337617701.52 21.826177597
1337617701.53 26.8612804413
1337617701.53 27.5001964569
1337617701.53 26.023109436
1337617701.55 30.2665729523
1337617701.56 35.9436035156
1337617701.56 37.2340164185
1337617701.56 37.9614868164
1337617701.56 39.6267356873
1337617701.57 36.387512207
1337617701.57 37.3011932373
1337617701.58 40.127532959
1337617701.58 37.6170005798
1337617701.58 38.2375183105
1337617701.59 39.9955711365
1337617701.59 38.1630439758
1337617701.6 39.2171859741
1337617701.6 42.3232460022
1337617701.61 40.8567810059
1337617701.61 40.8577346802
1337617701.62 43.6703872681
1337617701.63 42.0996017456
1337617701.63 41.6145820618
1337617701.63 43.870262146
1337617701.65 43.9924583435
1337617701.65 44.2064361572
1337617701.65 48.6243095398
1337617701.65 49.5647010803
1337617701.66 48.8428993225
1337617701.66 50.089389801
1337617701.67 51.2568969727
1337617701.67 47.7053794861
1337617701.68 48.2035331726
1337617701.68 48.8419456482
1337617701.69 44.9701957703
1337617701.69 45.689491272
1337617701.7 46.0973243713
1337617701.7 43.626335144
1337617701.71 45.6136474609
1337617701.71 47.3348388672
1337617701.72 41.974521637
1337617701.73 42.0373153687
1337617701.74 43.9585494995
1337617701.74 40.7706108093
1337617701.74 42.7555389404
1337617701.74 44.9748573303
1337617701.75 42.0199508667
1337617701.75 43.4575462341
1337617701.76 46.5761909485
1337617701.76 44.9443893433
1337617701.77 43.7324562073
1337617701.77 44.7761306763
1337617701.78 40.928943634
1337617701.78 39.6860771179
1337617701.79 41.6194381714
1337617701.79 39.2733459473
1337617701.8 38.2910652161
1337617701.8 39.4443664551
1337617701.82 37.6248130798
1337617701.82 34.642124176
1337617701.82 34.4267311096
1337617701.82 31.8171520233
1337617701.83 29.4544944763
1337617701.83 30.6891708374
1337617701.84 27.0458278656
1337617701.84 20.8899440765
1337617701.85 19.6425132751
1337617701.85 19.3801593781
1337617701.86 17.6213474274
1337617701.86 19.592508316
1337617701.87 16.5389995575
1337617701.87 11.1993284225
1337617701.88 11.8112287521
1337617701.88 11.3936834335
1337617701.89 9.60623455048
1337617701.9 11.0538158417
1337617701.91 9.86099720001
1337617701.91 8.56804466248
1337617701.91 9.98714065552
1337617701.92 10.4654846191
1337617701.92 10.913772583
1337617701.92 10.3189144135
1337617701.93 10.6163768768
1337617701.93 11.3810834885
1337617701.94 10.9770526886
1337617701.94 10.682715416
1337617701.95 9.84156608582
1337617701.95 8.70339775085
1337617701.96 8.88392925262
1337617701.96 8.59815597534
1337617701.97 7.45534896851
1337617701.98 7.3421421051
1337617701.99 7.29852724075
1337617701.99 5.96644163132
1337617701.99 6.28057527542
1337617701.99 6.58688783646
1337617702.0 5.20869159698
1337617702.0 4.64852046967
1337617702.01 1.94611275196
1337617702.01 -1.1235268116
1337617702.02 -3.98959207535
1337617702.02 -8.27614402771
1337617702.03 -8.69479084015
1337617702.03 -9.03422546387
1337617702.04 -10.7005414963
1337617702.04 -9.64385223389
1337617702.05 -11.1629009247
1337617702.05 -12.419210434
1337617702.07 -11.5061168671
1337617702.07 -15.392159462
1337617702.07 -16.8028736115
1337617702.07 -14.4865159988
1337617702.08 -15.5577087402
1337617702.08 -14.986530304
1337617702.09 -13.0052995682
1337617702.09 -14.2862548828
1337617702.1 -14.8091449738
1337617702.1 -13.0285654068
1337617702.11 -13.4068584442
1337617702.11 -14.3519296646
1337617702.12 -12.9349040985
1337617702.12 -12.2475938797
1337617702.13 -12.9126796722
1337617702.13 -12.9613084793
1337617702.15 -12.4617958069
1337617702.15 -14.1368293762
1337617702.15 -13.8516893387
1337617702.15 -15.1964712143
1337617702.16 -21.3538188934
1337617702.16 -22.0306606293
1337617702.17 -21.1668338776
1337617702.17 -25.8549995422
1337617702.18 -27.3306312561
1337617702.18 -29.4278507233
1337617702.19 -37.8193893433
1337617702.19 -38.8252830505
1337617702.2 -36.7400245667
1337617702.2 -41.7517318726
1337617702.21 -43.2472610474
1337617702.21 -44.5197105408
1337617702.22 -48.2739448547
1337617702.22 -46.6037559509
1337617702.23 -43.5559844971
1337617702.23 -44.2116127014
1337617702.24 -40.911365509
1337617702.24 -36.3258056641
1337617702.25 -36.0086250305
1337617702.25 -32.7408065796
1337617702.26 -27.1848430634
1337617702.26 -26.3633613586
1337617702.27 -23.6016292572
1337617702.27 -18.3081932068
1337617702.28 -17.2749042511
1337617702.28 -18.290348053
1337617702.3 -17.1379623413
1337617702.3 -19.4327926636
1337617702.3 -22.1098766327
1337617702.3 -21.4426460266
1337617702.31 -22.7310066223
1337617702.31 -26.4700698853
1337617702.32 -28.2583751678
1337617702.32 -31.9441299438
1337617702.33 -35.2999153137
1337617702.33 -32.2211341858
1337617702.34 -33.6949424744
1337617702.34 -36.4921875
1337617702.35 -35.2486495972
1337617702.35 -36.6902427673
1337617702.36 -35.7552566528
1337617702.36 -33.1426925659
1337617702.37 -32.8682327271
1337617702.38 -32.3248825073
1337617702.38 -34.6073722839
1337617702.39 -32.2507858276
1337617702.39 -29.260219574
1337617702.39 -27.9775543213
1337617702.4 -26.4215431213
1337617702.4 -26.8325405121
1337617702.41 -27.6474227905
1337617702.41 -29.4659366608
1337617702.42 -29.0175113678
1337617702.42 -34.635761261
1337617702.43 -39.1502799988
1337617702.43 -43.6551437378
1337617702.44 -43.0183639526
1337617702.44 -40.1361999512
1337617702.45 -36.6865196228
1337617702.45 -34.2453155518
1337617702.46 -32.3153152466
1337617702.46 -32.0326347351
1337617702.47 -31.985824585
1337617702.49 -35.4328422546
1337617702.49 -37.4801826477
1337617702.49 -38.0505943298
1337617702.49 -40.6738853455
1337617702.49 -43.2293777466
1337617702.5 -41.7727432251
1337617702.5 -42.5734138489
1337617702.51 -45.6801872253
1337617702.51 -45.5314407349
1337617702.52 -47.4886474609
1337617702.52 -47.6569137573
1337617702.53 -44.9429016113
1337617702.53 -47.0107803345
1337617702.54 -49.3163261414
1337617702.54 -49.3797798157
1337617702.55 -49.7494850159
1337617702.55 -49.7702598572
1337617702.57 -49.7587852478
1337617702.57 -51.9152297974
1337617702.57 -58.1177940369
1337617702.57 -58.5067672729
1337617702.58 -55.3854446411
1337617702.58 -57.8437767029
1337617702.59 -55.6410675049
1337617702.59 -53.6720962524
1337617702.59 -57.9315948486
1337617702.6 -56.558921814
1337617702.6 -53.4503746033
1337617702.61 -54.4721908569
1337617702.61 -52.7880706787
1337617702.62 -50.470375061
1337617702.63 -54.2701301575
1337617702.63 -53.2490501404
1337617702.64 -48.5972175598
1337617702.65 -50.6381950378
1337617702.65 -48.6486854553
1337617702.66 -46.5933189392
1337617702.66 -49.397480011
1337617702.66 -47.4587097168
1337617702.67 -44.3008079529
1337617702.67 -43.6755027771
1337617702.68 -45.6481323242
1337617702.68 -46.3274383545
1337617702.68 -46.8577461243
1337617702.69 -50.2430801392
1337617702.7 -46.3115653992
1337617702.7 -44.4639129639
1337617702.71 -47.8075332642
1337617702.71 -46.8575744629
1337617702.72 -48.9938201904
1337617702.73 -51.0541992188
1337617702.73 -49.5090866089
1337617702.74 -49.6047477722
1337617702.74 -51.2843475342
1337617702.74 -50.7153053284
1337617702.75 -49.9366111755
1337617702.75 -52.4722747803
1337617702.76 -52.1339035034
1337617702.76 -51.0656051636
1337617702.77 -52.9059753418
1337617702.77 -53.2168502808
1337617702.78 -52.522403717
1337617702.78 -54.1546211243
1337617702.78 -54.7095985413
1337617702.79 -53.8333358765
1337617702.79 -53.6183586121
1337617702.8 -54.596660614
1337617702.82 -53.8567657471
1337617702.82 -52.6518440247
1337617702.82 -52.3362693787
1337617702.82 -49.819644928
1337617702.82 -47.831615448
1337617702.83 -46.0528526306
1337617702.83 -43.0156059265
1337617702.84 -42.1286048889
1337617702.84 -42.988079071
1337617702.85 -41.7705078125
1337617702.85 -40.9442672729
1337617702.86 -40.1003265381
1337617702.86 -39.1776733398
1337617702.87 -39.589099884
1337617702.87 -37.7843666077
1337617702.88 -38.3051261902
1337617702.88 -38.2987823486
1337617702.9 -37.6537475586
1337617702.9 -41.0297851562
1337617702.9 -45.0835456848
1337617702.9 -45.2604255676
1337617702.91 -47.0468063354
1337617702.91 -51.0885391235
1337617702.92 -51.4769477844
1337617702.93 -52.6522140503
1337617702.93 -51.9854354858
1337617702.94 -48.6685676575
1337617702.94 -48.1990890503
1337617702.94 -50.2809944153
1337617702.95 -47.9834747314
1337617702.95 -46.3065567017
1337617702.96 -45.9601860046
1337617702.96 -42.4272651672
1337617702.97 -38.7334289551
1337617702.99 -39.6553421021
1337617702.99 -35.6718330383
1337617702.99 -33.0546836853
1337617702.99 -37.4469642639
1337617702.99 -36.8684501648
1337617703.0 -36.0903778076
1337617703.0 -38.3904418945
1337617703.01 -37.0681800842
1337617703.01 -35.6312484741
1337617703.02 -41.6173744202
1337617703.02 -44.05286026
1337617703.03 -43.1662483215
1337617703.03 -49.8020782471
1337617703.04 -52.218044281
1337617703.04 -52.2966003418
1337617703.05 -57.5447616577
1337617703.06 -55.2112770081
1337617703.06 -50.8709182739
1337617703.08 -53.01978302
1337617703.08 -50.9312667847
1337617703.08 -49.8383750916
1337617703.08 -50.9890670776
1337617703.09 -48.7364425659
1337617703.09 -47.0834732056
1337617703.09 -47.1623764038
1337617703.1 -48.8695106506
1337617703.1 -46.984828949
1337617703.11 -44.9512710571
1337617703.11 -46.4044685364
1337617703.12 -43.9413604736
1337617703.13 -44.1381530762
1337617703.13 -46.1595802307
1337617703.14 -42.3435592651
1337617703.15 -43.1852073669
1337617703.15 -46.7140235901
1337617703.16 -46.3869934082
1337617703.16 -48.1429023743
1337617703.16 -50.6858062744
1337617703.16 -47.4908905029
1337617703.17 -46.1684341431
1337617703.17 -49.7198867798
1337617703.18 -49.0882225037
1337617703.18 -45.0068359375
1337617703.19 -42.7132492065
1337617703.19 -37.5138282776
1337617703.2 -31.6944408417
1337617703.2 -29.8314208984
1337617703.21 -27.2071533203
1337617703.21 -22.489276886
1337617703.22 -23.6763858795
1337617703.24 -25.109210968
1337617703.24 -25.78083992
1337617703.24 -31.7950019836
1337617703.24 -35.741230011
1337617703.24 -35.2306861877
1337617703.25 -38.496006012
1337617703.25 -42.6491241455
1337617703.26 -40.957862854
1337617703.27 -42.4585227966
1337617703.27 -41.5263366699
1337617703.27 -35.6694946289
1337617703.28 -35.0693092346
1337617703.28 -37.1899337769
1337617703.29 -33.9793624878
1337617703.29 -35.2542610168
1337617703.3 -35.0975112915
1337617703.32 -32.4573326111
1337617703.32 -34.3058242798
1337617703.33 -33.5901451111
1337617703.33 -31.0622138977
1337617703.33 -29.2086048126
1337617703.33 -27.1086158752
1337617703.33 -25.4246845245
1337617703.34 -23.8216781616
1337617703.34 -24.8595085144
1337617703.35 -24.7870121002
1337617703.36 -25.3127498627
1337617703.36 -26.1382293701
1337617703.36 -27.4566135406
1337617703.37 -28.1900959015
1337617703.37 -27.3364715576
1337617703.38 -27.1031150818
1337617703.38 -27.4601211548
1337617703.41 -28.7610416412
1337617703.41 -32.6790351868
1337617703.41 -33.3142700195
1337617703.41 -31.752248764
1337617703.41 -30.5401763916
1337617703.42 -25.8953666687
1337617703.42 -25.9120941162
1337617703.42 -26.3887329102
1337617703.43 -22.624382019
1337617703.43 -19.9748706818
1337617703.44 -12.4301767349
1337617703.44 -7.04029321671
1337617703.45 -3.08467078209
1337617703.45 -2.36995005608
1337617703.46 -2.54137468338
1337617703.46 -9.32481098175
1337617703.47 -14.3208560944
1337617703.5 -20.0654239655
1337617703.5 -26.405626297
1337617703.5 -24.7706031799
1337617703.5 -25.2896213531
1337617703.5 -26.1218528748
1337617703.5 -25.10405159
1337617703.51 -25.9476852417
1337617703.51 -26.2395877838
1337617703.51 -23.563911438
1337617703.52 -22.7281990051
1337617703.52 -22.1939201355
1337617703.53 -21.2711467743
1337617703.53 -21.116569519
1337617703.54 -20.1987495422
1337617703.54 -16.2801361084
1337617703.55 -11.6631765366
1337617703.55 -10.268362999
1337617703.56 -6.92609453201
1337617703.58 -3.65969061852
1337617703.58 -6.1750702858
1337617703.58 -5.18380451202
1337617703.58 -3.47550916672
1337617703.59 -6.62712955475
1337617703.59 -7.0919137001
1337617703.6 -5.31061172485
1337617703.6 -8.31902694702
1337617703.6 -9.33680438995
1337617703.61 -9.15906429291
1337617703.61 -13.5193586349
1337617703.62 -13.0809183121
1337617703.62 -10.2018356323
1337617703.63 -12.5733470917
1337617703.63 -12.0829553604
1337617703.65 -9.09182929993
1337617703.66 -10.1876173019
1337617703.66 -6.66538953781
1337617703.66 -1.82809042931
1337617703.66 -2.20071697235
1337617703.66 0.281957983971
1337617703.67 3.78394794464
1337617703.67 6.563580513
1337617703.68 7.77441549301
1337617703.68 11.6145038605
1337617703.69 13.6517276764
1337617703.69 12.5857162476
1337617703.7 14.4528303146
1337617703.71 14.5395107269
1337617703.71 13.1573238373
1337617703.71 13.8653516769
1337617703.72 14.2588129044
1337617703.74 10.2474212646
1337617703.74 9.67750549316
1337617703.74 12.110452652
1337617703.74 8.55833435059
1337617703.74 10.753326416
1337617703.75 13.3508758545
1337617703.75 10.6147460938
1337617703.76 15.049864769
1337617703.76 19.1455154419
1337617703.77 15.9218769073
1337617703.77 16.7312526703
1337617703.78 19.6691246033
1337617703.78 19.7283916473
1337617703.79 23.6523551941
1337617703.79 25.7529239655
1337617703.8 21.4807758331
1337617703.8 21.7722263336
1337617703.81 24.8093147278
1337617703.81 25.6428375244
1337617703.83 29.5657157898
1337617703.83 32.6123657227
1337617703.83 29.7516498566
1337617703.83 29.7515087128
1337617703.84 34.1709136963
1337617703.84 33.5293922424
1337617703.85 33.2618331909
1337617703.85 37.5461883545
1337617703.86 38.9781723022
1337617703.86 39.8766708374
1337617703.87 43.1759910583
1337617703.87 41.7683105469
1337617703.88 39.5403518677
1337617703.88 41.0413551331
1337617703.89 39.6587524414
1337617703.89 38.6277427673
1337617703.9 39.9751701355
1337617703.9 36.7200279236
1337617703.92 33.8946914673
1337617703.92 36.1465568542
1337617703.92 36.1744804382
1337617703.92 35.3848571777
1337617703.93 36.9399375916
1337617703.93 38.6736946106
1337617703.94 39.523223877
1337617703.94 42.6932258606
1337617703.95 46.4334487915
1337617703.95 47.7368431091
1337617703.96 51.3487625122
1337617703.96 52.1583328247
1337617703.97 53.0556373596
1337617703.97 54.9463005066
1337617703.98 52.9619941711
1337617703.98 54.8077545166
1337617704.01 55.7220687866
1337617704.01 55.7743721008
1337617704.01 57.843460083
1337617704.01 53.7731056213
1337617704.01 52.418296814
1337617704.01 53.2321128845
1337617704.02 51.5340270996
1337617704.02 51.8078384399
1337617704.03 52.9931259155
1337617704.03 54.86145401
1337617704.04 59.564666748
1337617704.04 66.4308166504
1337617704.05 77.3261642456
1337617704.05 85.0971603394
1337617704.06 93.9136352539
1337617704.06 102.482139587
1337617704.07 105.717819214
1337617704.08 113.109611511
1337617704.08 118.394798279
1337617704.08 109.076675415
1337617704.08 104.612014771
1337617704.09 98.7316131592
1337617704.1 91.6363601685
1337617704.1 93.716468811
1337617704.1 91.9056091309
1337617704.11 87.917175293
1337617704.11 77.962638855
1337617704.12 69.9476089478
1337617704.12 64.9075088501
1337617704.13 59.7421455383
1337617704.13 55.7785568237
1337617704.14 52.4371910095
1337617704.14 47.9059638977
1337617704.16 54.1180152893
1337617704.16 57.207157135
1337617704.17 57.9938316345
1337617704.17 64.4413909912
1337617704.17 70.8141098022
1337617704.18 75.9013290405
1337617704.18 77.5579452515
1337617704.19 75.5663146973
1337617704.19 69.6100082397
1337617704.19 68.8567733765
1337617704.2 68.3214416504
1337617704.2 68.0641937256
1337617704.21 68.2752532959
1337617704.21 83.3835601807
1337617704.22 96.9296875
1337617704.23 110.603965759
1337617704.23 120.311538696
1337617704.25 129.036407471
1337617704.25 134.826919556
1337617704.25 140.81036377
1337617704.25 152.160812378
1337617704.26 162.196136475
1337617704.26 170.760116577
1337617704.27 174.303527832
1337617704.27 178.266708374
1337617704.27 183.289794922
1337617704.28 191.367965698
1337617704.29 196.2525177
1337617704.29 201.475372314
1337617704.3 207.369384766
1337617704.3 213.987091064
1337617704.3 221.482467651
1337617704.31 229.897262573
1337617704.32 236.224243164
1337617704.32 241.74659729
1337617704.33 249.837524414
1337617704.33 259.291870117
1337617704.34 267.568725586
1337617704.35 286.593994141
1337617704.35 301.371582031
1337617704.35 314.327331543
1337617704.36 329.981231689
1337617704.36 340.086395264
1337617704.36 348.618499756
1337617704.37 357.670318604
1337617704.37 375.881988525
1337617704.38 393.990356445
1337617704.39 412.146118164
1337617704.39 425.003631592
1337617704.4 442.943084717
1337617704.4 462.094177246
1337617704.4 477.20602417
1337617704.41 486.217132568
1337617704.42 497.698669434
1337617704.42 505.699981689
1337617704.42 518.979309082
1337617704.43 535.338806152
1337617704.45 549.335205078
1337617704.45 558.840209961
1337617704.45 577.766113281
1337617704.45 593.302368164
1337617704.45 605.809387207
1337617704.46 615.380554199
1337617704.46 622.479675293
1337617704.47 625.113586426
1337617704.47 642.941345215
1337617704.48 658.533813477
1337617704.5 669.903259277
1337617704.51 683.194091797
1337617704.51 689.83392334
1337617704.51 690.739257812
1337617704.51 695.09753418
1337617704.51 708.701293945
1337617704.51 712.778686523
1337617704.52 718.744567871
1337617704.52 726.743713379
1337617704.53 728.114807129
1337617704.54 730.841369629
1337617704.54 735.413452148
1337617704.55 740.460266113
1337617704.55 743.936401367
1337617704.55 751.061340332
1337617704.56 768.395751953
1337617704.56 785.616516113
1337617704.57 802.920837402
1337617704.57 819.079833984
1337617704.58 834.075622559
1337617704.59 849.440673828
1337617704.59 863.017089844
1337617704.6 884.280517578
1337617704.6 908.053527832
1337617704.6 926.952758789
1337617704.61 950.77532959
1337617704.61 977.918395996
1337617704.62 1000.01916504
1337617704.62 1012.54156494
1337617704.63 1028.64892578
1337617704.64 1042.75183105
1337617704.65 1053.54309082
1337617704.65 1065.12939453
1337617704.65 1076.69421387
1337617704.65 1083.85180664
1337617704.66 1098.27539062
1337617704.66 1112.48986816
1337617704.67 1123.10290527
1337617704.67 1124.19567871
1337617704.68 1125.49267578
1337617704.69 1124.05004883
1337617704.69 1120.14099121
1337617704.69 1124.06896973
1337617704.7 1125.41955566
1337617704.7 1127.6463623
1337617704.71 1128.07043457
1337617704.71 1124.97741699
1337617704.72 1119.4420166
1337617704.72 1115.89306641
1337617704.73 1111.92443848
1337617704.74 1104.98815918
1337617704.74 1104.02185059
1337617704.74 1102.7890625
1337617704.75 1098.13244629
1337617704.75 1095.97717285
1337617704.76 1089.35058594
1337617704.76 1081.26745605
1337617704.77 1074.51208496
1337617704.77 1063.3248291
1337617704.78 1051.49780273
1337617704.79 1041.31091309
1337617704.8 1037.9864502
1337617704.8 1033.19763184
1337617704.8 1027.91955566
1337617704.81 1024.41699219
1337617704.81 1012.13800049
1337617704.81 1001.40563965
1337617704.82 995.525817871
1337617704.82 990.454956055
1337617704.83 987.978149414
1337617704.85 985.216125488
1337617704.85 980.666564941
1337617704.85 974.802062988
1337617704.85 968.150634766
1337617704.85 963.792175293
1337617704.86 960.052368164
1337617704.86 945.689941406
1337617704.87 934.823547363
1337617704.87 924.687194824
1337617704.88 913.138427734
1337617704.89 911.040283203
1337617704.89 908.289123535
1337617704.89 889.549133301
1337617704.9 871.404052734
1337617704.9 857.161804199
1337617704.91 846.884338379
1337617704.92 845.843505859
1337617704.93 846.06036377
1337617704.93 842.69354248
1337617704.93 835.169128418
1337617704.93 833.504333496
1337617704.94 831.31262207
1337617704.94 818.865539551
1337617704.96 812.329406738
1337617704.96 802.359130859
1337617704.96 796.004821777
1337617704.96 794.616027832
1337617704.97 791.065795898
1337617704.97 778.729614258
1337617704.98 770.207580566
1337617704.98 762.737915039
1337617704.99 752.560974121
1337617704.99 746.200134277
1337617705.0 740.396972656
1337617705.01 735.397827148
1337617705.01 728.336486816
1337617705.01 720.28692627
1337617705.02 714.077148438
1337617705.02 699.682128906
1337617705.03 688.61114502
1337617705.03 680.690734863
1337617705.04 674.818359375
1337617705.04 672.862365723
1337617705.06 669.368896484
1337617705.06 664.931274414
1337617705.06 664.855895996
1337617705.06 662.747375488
1337617705.07 662.442504883
1337617705.07 660.999694824
1337617705.08 650.682250977
1337617705.08 643.403503418
1337617705.09 637.821044922
1337617705.09 636.656921387
1337617705.1 636.554443359
1337617705.11 629.728149414
1337617705.12 619.421630859
1337617705.12 611.396728516
1337617705.12 600.598327637
1337617705.12 594.323486328
1337617705.13 588.645507812
1337617705.13 578.083984375
1337617705.14 573.461791992
1337617705.14 571.996520996
1337617705.15 565.839355469
1337617705.16 564.370056152
1337617705.16 558.464355469
1337617705.16 549.308105469
1337617705.17 545.414245605
1337617705.17 540.006835938
1337617705.18 532.263671875
1337617705.18 525.429992676
1337617705.19 522.323364258
1337617705.19 517.612670898
1337617705.21 511.904876709
1337617705.21 511.652923584
1337617705.21 506.877105713
1337617705.21 502.258331299
1337617705.22 501.983673096
1337617705.22 496.878417969
1337617705.23 496.597991943
1337617705.23 496.177368164
1337617705.24 493.198425293
1337617705.24 491.269042969
1337617705.25 488.454162598
1337617705.26 485.028442383
1337617705.26 476.467437744
1337617705.26 471.459686279
1337617705.27 467.262512207
1337617705.27 465.004364014
1337617705.28 461.291168213
1337617705.28 457.625518799
1337617705.29 454.448974609
1337617705.29 449.77444458
1337617705.3 448.264160156
1337617705.3 447.411224365
1337617705.31 444.327087402
1337617705.32 442.737487793
1337617705.32 442.326934814
1337617705.32 436.239959717
1337617705.33 429.226409912
1337617705.33 425.582519531
1337617705.34 421.658599854
1337617705.34 420.005828857
1337617705.35 422.441131592
1337617705.35 425.233825684
1337617705.36 424.408081055
1337617705.37 428.583587646
1337617705.37 430.051635742
1337617705.38 415.538970947
1337617705.38 407.661437988
1337617705.38 399.465026855
1337617705.39 389.103759766
1337617705.39 383.152038574
1337617705.4 377.510742188
1337617705.4 368.848632812
1337617705.41 362.126953125
1337617705.41 356.63180542
1337617705.43 349.754272461
1337617705.43 343.939880371
1337617705.43 344.773284912
1337617705.43 343.435180664
1337617705.44 341.473724365
1337617705.44 339.899017334
1337617705.45 336.901733398
1337617705.45 335.504150391
1337617705.46 335.828918457
1337617705.46 330.881317139
1337617705.47 328.520202637
1337617705.47 325.646484375
1337617705.48 321.963226318
1337617705.5 319.263000488
1337617705.5 316.183624268
1337617705.5 315.798095703
1337617705.5 316.635253906
1337617705.5 317.055236816
1337617705.51 312.426361084
1337617705.51 309.719116211
1337617705.52 304.873260498
1337617705.52 296.315979004
1337617705.53 289.960083008
1337617705.54 282.823303223
1337617705.54 278.193725586
1337617705.54 275.601013184
1337617705.55 275.895965576
1337617705.55 271.917205811
1337617705.56 266.272979736
1337617705.56 263.315093994
1337617705.57 254.516067505
1337617705.57 247.918319702
1337617705.59 243.763473511
1337617705.59 236.286010742
1337617705.59 237.972976685
1337617705.59 238.968994141
1337617705.6 236.774185181
1337617705.6 235.759597778
1337617705.61 232.470901489
1337617705.61 226.355941772
1337617705.62 220.339263916
1337617705.62 219.710281372
1337617705.63 216.125473022
1337617705.64 210.549789429
1337617705.64 211.27545166
1337617705.64 208.456787109
1337617705.65 203.793487549
1337617705.65 203.252471924
1337617705.66 202.880065918
1337617705.66 201.940246582
1337617705.67 203.301437378
1337617705.67 206.7996521
1337617705.68 209.219421387
1337617705.69 212.598892212
1337617705.69 213.650253296
1337617705.69 205.48324585
1337617705.7 199.909484863
1337617705.7 197.553588867
1337617705.7 197.379821777
1337617705.71 196.301742554
1337617705.71 196.705688477
1337617705.72 204.668670654
1337617705.73 210.809463501
1337617705.73 219.186843872
1337617705.73 212.627502441
1337617705.74 207.924102783
1337617705.76 202.720809937
1337617705.76 198.32258606
1337617705.76 196.649047852
1337617705.76 192.114089966
1337617705.77 187.443786621
1337617705.77 196.853591919
1337617705.78 203.122131348
1337617705.78 210.522094727
1337617705.78 215.376373291
1337617705.79 216.227020264
1337617705.81 218.628936768
1337617705.81 221.983291626
1337617705.81 229.349533081
1337617705.81 236.122817993
1337617705.82 243.33895874
1337617705.82 246.201065063
1337617705.83 245.425247192
1337617705.83 248.692611694
1337617705.83 238.349151611
1337617705.84 224.85824585
1337617705.86 217.671600342
1337617705.86 210.409698486
1337617705.86 210.506454468
1337617705.86 214.267105103
1337617705.87 216.568893433
1337617705.87 203.89982605
1337617705.87 197.088592529
1337617705.88 191.132659912
1337617705.88 180.984268188
1337617705.89 177.186447144
1337617705.91 174.457229614
1337617705.91 168.417160034
1337617705.91 174.944320679
1337617705.91 179.912704468
1337617705.91 181.518432617
1337617705.92 185.912658691
1337617705.92 176.938339233
1337617705.93 166.24319458
1337617705.93 154.210906982
1337617705.94 155.882247925
1337617705.94 155.20880127
1337617705.95 156.019577026
1337617705.95 147.111099243
1337617705.97 138.507843018
1337617705.97 130.906082153
1337617705.97 121.090148926
1337617705.97 112.820213318
1337617705.98 107.143577576
1337617705.98 102.625686646
1337617705.99 110.466362
1337617705.99 118.182647705
1337617706.0 124.265670776
1337617706.01 128.885131836
1337617706.01 131.350570679
1337617706.03 129.806976318
1337617706.03 127.403450012
1337617706.03 127.715820312
1337617706.03 124.742614746
1337617706.04 123.350067139
1337617706.04 123.574020386
1337617706.04 119.862693787
1337617706.05 114.004096985
1337617706.06 114.112991333
1337617706.06 114.058029175
1337617706.06 111.644012451
1337617706.07 113.333503723
1337617706.08 113.305984497
1337617706.09 109.160179138
1337617706.09 110.310432434
1337617706.09 101.663787842
1337617706.1 90.3925323486
1337617706.1 83.4512863159
1337617706.1 76.132484436
1337617706.12 68.760269165
1337617706.12 63.1926651001
1337617706.12 59.9806632996
1337617706.13 54.1821479797
1337617706.13 50.2602500916
1337617706.13 47.5735969543
1337617706.14 45.2189865112
1337617706.14 44.0470085144
1337617706.15 42.9580955505
1337617706.15 42.6684837341
1337617706.16 42.4125938416
1337617706.16 40.7836418152
1337617706.17 35.8059501648
1337617706.17 31.846912384
1337617706.19 28.1709785461
1337617706.19 26.139175415
1337617706.19 24.3199157715
1337617706.2 20.5555534363
1337617706.2 19.3363628387
1337617706.2 16.9952449799
1337617706.21 12.0435991287
1337617706.21 11.2976083755
1337617706.22 8.1815662384
1337617706.22 3.44302034378
1337617706.24 -0.500434458256
1337617706.24 1.64738106728
1337617706.24 0.40158110857
1337617706.24 -2.21343421936
1337617706.25 -0.0569231510162
1337617706.25 0.869343519211
1337617706.26 -0.655826866627
1337617706.26 0.675452589989
1337617706.27 -0.0443507432938
1337617706.27 -2.37417292595
1337617706.29 -2.47432374954
1337617706.29 -2.87692189217
1337617706.3 -5.33780288696
1337617706.3 -4.87190818787
1337617706.3 -5.96855401993
1337617706.31 -11.0937099457
1337617706.31 -13.9236698151
1337617706.31 -16.5730228424
1337617706.32 -21.0239830017
1337617706.33 -22.4871025085
1337617706.35 -20.3854293823
1337617706.35 -19.4306316376
1337617706.35 -17.9329185486
1337617706.35 -15.0706090927
1337617706.35 -14.4682607651
1337617706.35 -3.64993572235
1337617706.36 8.74076366425
1337617706.37 19.1198635101
1337617706.37 26.937707901
1337617706.37 53.174747467
1337617706.39 76.6762771606
1337617706.39 99.4709243774
1337617706.39 91.3456726074
1337617706.39 82.4263687134
1337617706.4 75.891242981
1337617706.4 64.8737030029
1337617706.41 56.9209594727
1337617706.41 52.9333267212
1337617706.42 49.3247947693
1337617706.42 44.7660255432
1337617706.43 40.7540550232
1337617706.43 37.9033584595
1337617706.44 27.7775478363
1337617706.45 19.7198963165
1337617706.46 11.5540809631
1337617706.46 6.38004207611
1337617706.46 5.93107414246
1337617706.46 4.33894968033
1337617706.47 0.512823581696
1337617706.47 1.3464410305
1337617706.48 2.73034477234
1337617706.48 -1.11510241032
1337617706.49 -1.74983763695
1337617706.5 -3.41419363022
1337617706.51 -10.4724769592
1337617706.51 -12.1742210388
1337617706.51 -10.1198863983
1337617706.52 -11.6424684525
1337617706.52 -12.8172216415
1337617706.52 -17.9361572266
1337617706.53 -24.7959938049
1337617706.53 -28.3149185181
1337617706.54 -28.1430644989
1337617706.55 -30.3469161987
1337617706.55 -34.3678245544
1337617706.55 -36.3057899475
1337617706.56 -38.9154396057
1337617706.56 -38.5133590698
1337617706.57 -36.5125045776
1337617706.57 -36.2654914856
1337617706.58 -34.3037071228
1337617706.58 -32.2459335327
1337617706.59 -32.6894302368
1337617706.59 -31.2806091309
1337617706.61 -30.9464683533
1337617706.61 -31.3882656097
1337617706.61 -44.9024772644
1337617706.61 -58.1576042175
1337617706.62 -69.7586593628
1337617706.62 -82.7625045776
1337617706.63 -95.2032928467
1337617706.63 -105.479431152
1337617706.64 -111.386299133
1337617706.64 -117.920402527
1337617706.65 -126.21710968
1337617706.65 -131.013305664
1337617706.66 -137.633071899
1337617706.66 -149.114593506
1337617706.67 -142.572967529
1337617706.68 -135.494613647
1337617706.68 -134.764129639
1337617706.68 -129.803955078
1337617706.69 -121.264091492
1337617706.69 -119.054229736
1337617706.7 -114.426689148
1337617706.7 -113.726104736
1337617706.71 -116.008537292
1337617706.71 -115.467376709
1337617706.72 -120.399719238
1337617706.72 -126.167564392
1337617706.73 -131.43510437
1337617706.73 -133.234481812
1337617706.74 -136.970367432
1337617706.74 -140.111907959
1337617706.75 -138.68560791
1337617706.75 -136.423675537
1337617706.77 -132.839889526
1337617706.77 -125.799758911
1337617706.77 -122.109298706
1337617706.77 -121.13923645
1337617706.78 -117.453735352
1337617706.78 -115.958862305
1337617706.79 -110.235496521
1337617706.79 -105.489700317
1337617706.8 -99.7253265381
1337617706.8 -93.4845504761
1337617706.81 -88.9685897827
1337617706.82 -86.3747024536
1337617706.82 -82.4020614624
1337617706.83 -76.6906661987
1337617706.83 -74.2644805908
1337617706.83 -69.251449585
1337617706.84 -64.126121521
1337617706.84 -59.4323654175
1337617706.85 -52.9657363892
1337617706.85 -52.6606445312
1337617706.86 -54.4000701904
1337617706.86 -56.090045929
1337617706.87 -54.7465515137
1337617706.87 -55.1779594421
1337617706.89 -51.2636413574
1337617706.89 -48.5036354065
1337617706.89 -52.5378112793
1337617706.89 -52.4901657104
1337617706.9 -52.8564453125
1337617706.9 -57.6618690491
1337617706.91 -59.8135032654
1337617706.91 -59.5847587585
1337617706.92 -63.2333831787
1337617706.93 -63.0707855225
1337617706.94 -61.3295211792
1337617706.94 -63.7505493164
1337617706.94 -61.5867767334
1337617706.94 -58.6222190857
1337617706.95 -58.046245575
1337617706.95 -56.3091506958
1337617706.96 -51.8555831909
1337617706.96 -49.2057723999
1337617706.97 -51.596408844
1337617706.97 -51.9690437317
1337617706.99 -53.8397789001
1337617706.99 -57.771812439
1337617706.99 -55.0711326599
1337617706.99 -54.7007293701
1337617707.0 -55.4540405273
1337617707.0 -53.2548675537
1337617707.01 -52.0142860413
1337617707.01 -52.3343238831
1337617707.02 -52.3022613525
1337617707.02 -52.2568969727
1337617707.02 -54.3213577271
1337617707.04 -55.0395965576
1337617707.04 -53.9291915894
1337617707.04 -53.0205192566
1337617707.05 -52.8869400024
1337617707.05 -50.5138397217
1337617707.06 -49.5138549805
1337617707.06 -48.3844451904
1337617707.07 -43.6034965515
1337617707.07 -41.2542648315
1337617707.08 -40.6954879761
1337617707.08 -40.3717002869
1337617707.09 -43.0140380859
1337617707.1 -42.5596237183
1337617707.1 -40.8313941956
1337617707.1 -40.6877326965
1337617707.11 -42.3394050598
1337617707.11 -44.1441841125
1337617707.12 -46.1623420715
1337617707.12 -47.4661598206
1337617707.12 -46.6501655579
1337617707.13 -49.2991485596
1337617707.13 -50.1582145691
1337617707.14 -50.1664161682
1337617707.15 -52.6542434692
1337617707.15 -51.4929580688
1337617707.16 -50.3841400146
1337617707.16 -52.0858612061
1337617707.16 -52.6278610229
1337617707.17 -54.3770217896
1337617707.18 -52.8856468201
1337617707.18 -51.0420608521
1337617707.18 -50.1729316711
1337617707.19 -47.955368042
1337617707.2 -52.726360321
1337617707.2 -52.1960983276
1337617707.2 -48.9613418579
1337617707.22 -50.4944801331
1337617707.22 -47.7016372681
1337617707.22 -48.9026679993
1337617707.22 -51.8665122986
1337617707.23 -52.7118530273
1337617707.23 -52.762676239
1337617707.24 -55.512676239
1337617707.24 -58.863445282
1337617707.25 -53.6085662842
1337617707.25 -52.7903862
1337617707.26 -53.9194374084
1337617707.27 -52.3159713745
1337617707.28 -53.6932487488
1337617707.28 -51.7403450012
1337617707.28 -48.1925735474
1337617707.28 -47.4023475647
1337617707.29 -47.4214248657
1337617707.3 -47.6306190491
1337617707.3 -46.1798210144
1337617707.3 -45.2988357544
1337617707.32 -44.890499115
1337617707.32 -45.3490066528
1337617707.32 -46.4061965942
1337617707.33 -47.6971969604
1337617707.33 -47.2830886841
1337617707.33 -41.8627624512
1337617707.34 -38.7976799011
1337617707.34 -36.1134872437
1337617707.35 -35.3818397522
1337617707.35 -34.1557159424
1337617707.37 -33.3045310974
1337617707.37 -33.4864120483
1337617707.37 -31.4303264618
1337617707.38 -33.4346542358
1337617707.38 -32.3720664978
1337617707.39 -29.8105297089
1337617707.39 -32.6176452637
1337617707.39 -31.6147708893
1337617707.4 -31.0464191437
1337617707.4 -32.6724014282
1337617707.42 -32.1385803223
1337617707.42 -32.6238021851
1337617707.42 -34.9926567078
1337617707.43 -38.3675270081
1337617707.43 -37.9962501526
1337617707.43 -39.1350898743
1337617707.44 -40.6088562012
1337617707.44 -40.6284828186
1337617707.45 -43.985458374
1337617707.45 -48.1286201477
1337617707.47 -46.9938240051
1337617707.47 -45.1203536987
1337617707.47 -45.9272003174
1337617707.48 -45.0397491455
1337617707.48 -44.8990707397
1337617707.49 -50.6257133484
1337617707.49 -50.6823387146
1337617707.49 -50.8708992004
1337617707.5 -53.7215995789
1337617707.5 -53.1108703613
1337617707.51 -53.8525886536
1337617707.51 -55.7428398132
1337617707.52 -55.0111694336
1337617707.53 -55.8260231018
1337617707.54 -57.5051994324
1337617707.54 -56.0766448975
1337617707.54 -54.2194252014
1337617707.54 -53.5686836243
1337617707.55 -53.8164520264
1337617707.55 -52.9309196472
1337617707.56 -51.2215652466
1337617707.56 -49.6366996765
1337617707.57 -48.0002059937
1337617707.57 -48.7847747803
1337617707.59 -50.2699546814
1337617707.59 -50.4373283386
1337617707.59 -48.284526825
1337617707.6 -46.6213760376
1337617707.6 -46.9381866455
1337617707.61 -44.7782592773
1337617707.61 -44.0886039734
1337617707.61 -42.8034744263
1337617707.62 -37.1968765259
1337617707.63 -34.4161643982
1337617707.63 -32.4365577698
1337617707.64 -31.4086723328
1337617707.64 -30.1539268494
1337617707.64 -31.9424571991
1337617707.65 -31.5922336578
1337617707.65 -28.8454113007
1337617707.66 -31.5465202332
1337617707.67 -32.2972869873
1337617707.67 -32.4474182129
1337617707.69 -38.0542564392
1337617707.69 -38.4985466003
1337617707.69 -33.9196166992
1337617707.69 -37.6759986877
1337617707.69 -36.5375938416
1337617707.7 -34.9018630981
1337617707.71 -38.7055702209
1337617707.72 -36.6625518799
1337617707.72 -35.9608001709
1337617707.72 -36.432434082
1337617707.74 -37.1219863892
1337617707.74 -36.6917991638
1337617707.74 -38.3114280701
1337617707.75 -41.309299469
1337617707.75 -39.6502990723
1337617707.75 -40.8486442566
1337617707.75 -43.6142921448
1337617707.76 -43.0478248596
1337617707.76 -43.5863418579
1337617707.77 -46.3930130005
1337617707.79 -43.1593780518
1337617707.8 -40.5165290833
1337617707.84 -41.7495155334
1337617707.84 -39.1301956177
1337617707.84 -38.6945228577
1337617707.85 -39.6274871826
1337617708.06 -35.2143821716
1337617708.07 -34.6083374023
1337617708.07 -34.2999534607
1337617708.07 -34.3701286316
1337617708.07 -35.7021636963
1337617708.07 -32.9943275452
1337617708.07 -32.1931304932
1337617708.07 -31.1367225647
1337617708.07 -30.5688667297
1337617708.08 -30.8416500092
1337617708.08 -28.5402507782
1337617708.08 -26.8540687561
1337617708.08 -26.9464588165
1337617708.08 -29.2044963837
1337617708.08 -30.9215316772
1337617708.08 -29.7318592072
1337617708.08 -32.1663169861
1337617708.08 -30.4382247925
1337617708.08 -29.4271430969
1337617708.09 -31.5338954926
1337617708.09 -29.0696277618
1337617708.09 -25.5715675354
1337617708.1 -26.3811359406
1337617708.1 -25.416021347
1337617708.1 -23.4465293884
1337617708.1 -26.7711791992
1337617708.1 -24.2966308594
1337617708.1 -19.5355186462
1337617708.11 -22.0359172821
1337617708.11 -22.9463748932
1337617708.12 -24.5409107208
1337617708.12 -28.669549942
1337617708.12 -29.091884613
1337617708.12 -29.5627765656
1337617708.13 -31.1731204987
1337617708.13 -34.4102478027
1337617708.13 -33.1889190674
1337617708.13 -30.3339157104
1337617708.13 -29.6424427032
1337617708.14 -24.8879203796
1337617708.17 -22.9721031189
1337617708.17 -23.3811473846
1337617708.18 -21.1822280884
1337617708.18 -19.6265468597
1337617708.18 -18.6505222321
1337617708.18 -19.0119743347
1337617708.18 -18.3322906494
1337617708.18 -16.0895023346
1337617708.18 -16.506729126
1337617708.21 -16.2073917389
1337617708.21 -16.0623378754
1337617708.21 -19.2467136383
1337617708.21 -17.8647937775
1337617708.21 -15.8439159393
1337617708.21 -18.3951244354
1337617708.22 -18.2691745758
1337617708.22 -16.4937477112
1337617708.22 -18.2932891846
1337617708.22 -16.6077480316
1337617708.22 -14.6216030121
1337617708.22 -15.4126996994
1337617708.23 -15.8355836868
1337617708.23 -15.6619434357
1337617708.23 -15.4008588791
1337617708.25 -16.8861141205
1337617708.25 -14.5351362228
1337617708.25 -15.9254980087
1337617708.25 -20.3330554962
1337617708.26 -21.3817958832
1337617708.26 -21.9220714569
1337617708.27 -24.4142627716
1337617708.27 -22.6061458588
1337617708.27 -22.5013046265
1337617708.27 -22.1576938629
1337617708.27 -18.3397483826
1337617708.28 -15.5535697937
1337617708.28 -13.7208385468
1337617708.28 -12.1819200516
1337617708.28 -12.8676996231
1337617708.29 -12.7863483429
1337617708.29 -13.5289487839
1337617708.29 -12.1557598114
1337617708.3 -9.98698616028
1337617708.3 -11.1670417786
1337617708.3 -12.5683193207
1337617708.32 -13.4965715408
1337617708.32 -13.6040802002
1337617708.32 -14.8414916992
1337617708.33 -16.2096424103
1337617708.33 -17.7050590515
1337617708.33 -24.0284881592
1337617708.33 -24.843629837
1337617708.33 -22.403213501
1337617708.33 -24.0988178253
1337617708.34 -23.5976905823
1337617708.34 -22.3036823273
1337617708.34 -25.5706634521
1337617708.34 -26.1557540894
1337617708.34 -23.0348014832
1337617708.34 -27.3163166046
1337617708.34 -26.6858768463
1337617708.35 -23.8916969299
1337617708.35 -28.5497646332
1337617708.35 -29.3969936371
1337617708.35 -28.1140441895
1337617708.36 -31.9772357941
1337617708.36 -30.9991817474
1337617708.36 -31.2574768066
1337617708.36 -32.4467353821
1337617708.36 -32.4403457642
1337617708.36 -31.960609436
1337617708.36 -32.6734695435
1337617708.37 -36.1007766724
1337617708.37 -34.8380584717
1337617708.37 -35.471862793
1337617708.38 -38.2749595642
1337617708.38 -40.2613449097
1337617708.39 -41.4075241089
1337617708.39 -42.2815971375
1337617708.4 -39.7571105957
1337617708.4 -36.7190628052
1337617708.41 -30.7680587769
1337617708.41 -26.5281715393
1337617708.43 -28.9763679504
1337617708.43 -30.6570415497
1337617708.43 -33.7730674744
1337617708.43 -36.4493637085
1337617708.44 -36.9314727783
1337617708.44 -41.6399002075
1337617708.45 -43.0436172485
1337617708.45 -40.3047142029
1337617708.47 -42.951374054
1337617708.47 -39.6467552185
1337617708.47 -6.76487350464
1337617708.47 17.2767009735
1337617708.48 41.2746429443
1337617708.48 35.4652442932
1337617708.49 28.4006271362
1337617708.49 23.5348186493
1337617708.49 18.3693675995
1337617708.5 7.18234777451
1337617708.52 -2.52929115295
1337617708.52 -7.34931468964
1337617708.52 10.9871292114
1337617708.52 24.681060791
1337617708.53 40.4432907104
1337617708.53 55.6997756958
1337617708.54 48.7590484619
1337617708.54 44.7429161072
1337617708.55 32.3134841919
1337617708.55 18.8994693756
1337617708.57 12.7874908447
1337617708.57 6.25701808929
1337617708.57 -10.9549751282
1337617708.57 -26.4187107086
1337617708.58 -42.3731613159
1337617708.58 -39.3921890259
1337617708.58 -37.4018592834
1337617708.59 -36.6197166443
1337617708.59 -33.4858169556
1337617708.6 -33.1680259705
1337617708.61 -31.0344181061
1337617708.61 -27.7742671967
1337617708.61 -43.0099868774
1337617708.62 -55.4444999695
1337617708.62 -65.5545654297
1337617708.63 -83.5140762329
1337617708.64 -99.4565124512
1337617708.64 -113.783927917
1337617708.64 -98.5736236572
1337617708.65 -88.3530960083
1337617708.67 -76.8011856079
1337617708.67 -63.562286377
1337617708.67 -59.2873344421
1337617708.67 -51.961265564
1337617708.67 -44.0490875244
1337617708.68 -44.1220474243
1337617708.68 -46.8645782471
1337617708.69 -48.0666503906
1337617708.69 -50.6553573608
1337617708.7 -47.0402336121
1337617708.7 -43.1649246216
1337617708.72 -44.7216873169
1337617708.72 -61.0513648987
1337617708.72 -74.8319091797
1337617708.72 -87.5775299072
1337617708.73 -83.2251586914
1337617708.73 -76.9498748779
1337617708.74 -73.9858551025
1337617708.74 -78.4052581787
1337617708.75 -77.6239471436
1337617708.77 -77.5683288574
1337617708.77 -80.0824050903
1337617708.77 -74.5093841553
1337617708.77 -72.5452575684
1337617708.78 -71.7424926758
1337617708.78 -66.8916168213
1337617708.79 -38.1298332214
1337617708.79 -12.164978981
1337617708.8 -12.9351320267
1337617708.8 -16.6687030792
1337617708.8 -18.9203491211
1337617708.82 -22.2760658264
1337617708.82 -17.7128448486
1337617708.82 -9.97210121155
1337617708.83 -6.33406114578
1337617708.83 -7.73454523087
1337617708.83 -9.28183746338
1337617708.84 -12.0108060837
1337617708.84 -2.98138427734
1337617708.85 5.15229701996
1337617708.86 12.4727830887
1337617708.86 14.7343406677
1337617708.87 5.29683828354
1337617708.87 0.119451805949
1337617708.87 -7.362865448
1337617708.88 -9.75816345215
1337617708.88 -15.3077850342
1337617708.89 -26.7161312103
1337617708.89 -47.1229171753
1337617708.9 -63.2671356201
1337617708.9 -82.8352279663
1337617708.91 -96.0082473755
1337617708.91 -93.264793396
1337617708.92 -97.2088394165
1337617708.93 -95.993347168
1337617708.93 -92.1247711182
1337617708.93 -99.984588623
1337617708.94 -102.099617004
1337617708.94 -103.748413086
1337617708.95 -103.813598633
1337617708.95 -100.843223572
1337617708.96 -97.9409332275
1337617708.96 -99.8943634033
1337617708.97 -101.773933411
1337617708.97 -101.263534546
1337617708.98 -103.382759094
1337617708.99 -109.512702942
1337617709.0 -110.813819885
1337617709.0 -110.918388367
1337617709.0 -112.253936768
1337617709.0 -110.318153381
1337617709.01 -111.207351685
1337617709.01 -121.302818298
1337617709.03 -126.012138367
1337617709.03 -130.45362854
1337617709.03 -126.501434326
1337617709.03 -121.118545532
1337617709.04 -116.231666565
1337617709.04 -113.747566223
1337617709.05 -108.830337524
1337617709.05 -105.618736267
1337617709.06 -104.810806274
1337617709.07 -109.470085144
1337617709.07 -112.215744019
1337617709.07 -116.783920288
1337617709.08 -125.737312317
1337617709.09 -133.384857178
1337617709.1 -140.690628052
1337617709.1 -141.464920044
1337617709.1 -141.223510742
1337617709.1 -139.310317993
1337617709.11 -140.603363037
1337617709.11 -150.608551025
1337617709.12 -159.271728516
1337617709.12 -170.556182861
1337617709.13 -171.466796875
1337617709.13 -171.104263306
1337617709.15 -175.071258545
1337617709.15 -183.853820801
1337617709.15 -192.226104736
1337617709.15 -202.113037109
1337617709.16 -206.810699463
1337617709.16 -195.651885986
1337617709.17 -192.499862671
1337617709.17 -186.50163269
1337617709.18 -182.060012817
1337617709.18 -181.68711853
1337617709.2 -177.107254028
1337617709.2 -168.251083374
1337617709.21 -163.019226074
1337617709.21 -155.64251709
1337617709.21 -146.747070312
1337617709.21 -141.781097412
1337617709.22 -136.417037964
1337617709.22 -130.466552734
1337617709.23 -124.946899414
1337617709.23 -115.778137207
1337617709.25 -107.546844482
1337617709.25 -103.500556946
1337617709.25 -97.0389404297
1337617709.26 -92.3188934326
1337617709.26 -88.7295532227
1337617709.26 -88.3219070435
1337617709.27 -86.9752807617
1337617709.27 -85.9856185913
1337617709.28 -87.6247787476
1337617709.28 -88.6110610962
1337617709.3 -91.1644973755
1337617709.3 -90.3546447754
1337617709.3 -87.6273956299
1337617709.3 -82.8930740356
1337617709.31 -80.5832595825
1337617709.31 -77.2238769531
1337617709.32 -73.9420776367
1337617709.32 -73.5344848633
1337617709.33 -68.8036346436
1337617709.33 -63.6369400024
1337617709.34 -61.5732727051
1337617709.34 -64.3102264404
1337617709.35 -65.6888656616
1337617709.36 -66.8446578979
1337617709.36 -67.4976577759
1337617709.37 -63.8757247925
1337617709.37 -63.5945396423
1337617709.37 -64.501625061
1337617709.38 -61.4417572021
1337617709.38 -61.0819473267
1337617709.39 -60.7451057434
1337617709.39 -59.3060035706
1337617709.4 -61.3120956421
1337617709.42 -61.1314163208
1337617709.42 -58.103313446
1337617709.42 -52.9972572327
1337617709.42 -49.0524787903
1337617709.44 -45.7147064209
1337617709.44 -43.0662994385
1337617709.44 -41.9098739624
1337617709.44 -37.5129699707
1337617709.44 -32.4643783569
1337617709.45 -31.9853515625
1337617709.46 -27.1875038147
1337617709.46 -25.8202018738
1337617709.47 -26.5864677429
1337617709.47 -23.6762523651
1337617709.47 -23.4333686829
1337617709.48 -20.1253547668
1337617709.48 -15.714673996
1337617709.49 -11.0259151459
1337617709.49 -9.9270029068
1337617709.5 -7.36056137085
1337617709.5 -3.14145946503
1337617709.51 -3.5744304657
1337617709.51 0.244349479675
1337617709.53 1.32802176476
1337617709.53 -1.87730264664
1337617709.53 -0.568277597427
1337617709.53 -2.13348150253
1337617709.54 -4.87939214706
1337617709.54 -5.46426391602
1337617709.55 -5.90010786057
1337617709.55 -8.4139289856
1337617709.56 -10.4610271454
1337617709.56 -11.9457607269
1337617709.57 -14.2522735596
1337617709.57 -13.6700897217
1337617709.58 -8.52288532257
1337617709.59 -6.50057506561
1337617709.59 -4.95979404449
1337617709.59 -4.42851352692
1337617709.6 -3.78025579453
1337617709.6 -3.59919261932
1337617709.61 -2.77440643311
1337617709.61 -0.906692743301
1337617709.63 -1.14398884773
1337617709.63 0.195172786713
1337617709.63 1.72024893761
1337617709.63 -0.60857462883
1337617709.64 -2.33683443069
1337617709.64 -1.0477437973
1337617709.65 -1.94866001606
1337617709.65 0.539697170258
1337617709.66 3.03006505966
1337617709.66 -1.49873077869
1337617709.69 -0.690167188644
1337617709.69 1.92280006409
1337617709.69 2.85313987732
1337617709.69 6.2867269516
1337617709.69 8.55379962921
1337617709.69 10.0596199036
1337617709.7 12.8804969788
1337617709.7 17.7845783234
1337617709.71 19.6344947815
1337617709.71 20.0115222931
1337617709.72 22.4689445496
1337617709.73 19.9301166534
1337617709.73 25.6668834686
1337617709.73 33.1441268921
1337617709.74 35.7101364136
1337617709.74 35.463596344
1337617709.75 37.1611175537
1337617709.75 36.0215568542
1337617709.76 34.9181022644
1337617709.76 39.3670387268
1337617709.77 44.0908584595
1337617709.77 48.49634552
1337617709.78 54.9932022095
1337617709.78 60.5554008484
1337617709.79 62.493976593
1337617709.8 60.0079956055
1337617709.8 60.2711791992
1337617709.8 59.099811554
1337617709.81 59.7097320557
1337617709.81 53.4095153809
1337617709.81 47.013217926
1337617709.82 42.5723381042
1337617709.83 40.4031181335
1337617709.83 39.7557144165
1337617709.84 34.9449501038
1337617709.84 33.2735557556
1337617709.85 33.5282936096
1337617709.85 30.0727844238
1337617709.86 31.0734729767
1337617709.86 34.9406967163
1337617709.87 34.4602241516
1337617709.87 37.1669158936
1337617709.88 36.2003860474
1337617709.88 31.9687976837
1337617709.9 31.1650314331
1337617709.9 31.2035865784
1337617709.9 28.6571655273
1337617709.9 28.3647403717
1337617709.91 28.6044960022
1337617709.91 26.4899730682
1337617709.92 23.8184242249
1337617709.92 22.4396438599
1337617709.93 23.6913986206
1337617709.93 22.9815387726
1337617709.95 24.0807914734
1337617709.95 21.4191932678
1337617709.95 17.8366603851
1337617709.95 18.0160446167
1337617709.96 19.6524353027
1337617709.96 20.0707435608
1337617709.97 19.6295642853
1337617709.97 19.7008666992
1337617709.98 19.0834293365
1337617709.98 18.870141983
1337617709.99 18.5382041931
1337617709.99 17.0385665894
1337617710.0 12.6680927277
1337617710.02 13.1272563934
1337617710.02 16.4501800537
1337617710.02 15.498591423
1337617710.02 16.1018714905
1337617710.02 15.4385128021
1337617710.03 16.3954601288
1337617710.03 21.8743782043
1337617710.04 28.3191146851
1337617710.04 29.5923728943
1337617710.04 28.2452602386
1337617710.05 27.4446582794
1337617710.07 26.8266716003
1337617710.07 24.246925354
1337617710.07 23.5325908661
1337617710.07 19.759267807
1337617710.08 13.249294281
1337617710.08 12.5820350647
1337617710.09 12.5563144684
1337617710.09 10.2235393524
1337617710.1 16.3695220947
1337617710.1 20.2656650543
1337617710.1 20.6406288147
1337617710.11 25.765001297
1337617710.11 24.9398536682
1337617710.13 21.6204776764
1337617710.13 21.6827087402
1337617710.14 19.3685054779
1337617710.14 17.0786418915
1337617710.14 16.8913116455
1337617710.15 15.7973909378
1337617710.15 15.1517753601
1337617710.15 14.0672340393
1337617710.16 12.3046188354
1337617710.17 12.9924459457
1337617710.17 11.2122163773
1337617710.18 9.86205768585
1337617710.2 10.1022396088
1337617710.2 8.31727313995
1337617710.2 8.24586296082
1337617710.2 8.9374961853
1337617710.2 6.02453660965
1337617710.21 2.8060400486
1337617710.21 5.87489509583
1337617710.23 7.6077375412
1337617710.23 9.88774013519
1337617710.23 7.81171226501
1337617710.23 2.02314996719
1337617710.24 -2.93285655975
1337617710.24 -5.34811019897
1337617710.25 -6.60449266434
1337617710.26 -8.96838092804
1337617710.26 -9.11155319214
1337617710.27 -10.0253343582
1337617710.27 -12.8454532623
1337617710.29 -12.1967134476
1337617710.29 -11.6103162766
1337617710.29 -9.90449619293
1337617710.29 -6.58288955688
1337617710.29 -3.7082426548
1337617710.3 -7.37451410294
1337617710.3 -4.55950975418
1337617710.31 -1.00110757351
1337617710.31 -3.17070579529
1337617710.31 -2.78460884094
1337617710.33 -4.21728754044
1337617710.33 -4.45870399475
1337617710.33 1.84051823616
1337617710.34 4.97005462646
1337617710.34 5.58465957642
1337617710.34 5.53326511383
1337617710.35 4.07070207596
1337617710.35 2.71221351624
1337617710.36 4.92891407013
1337617710.37 6.92378139496
1337617710.38 5.6331744194
1337617710.38 6.64127635956
1337617710.38 8.22315597534
1337617710.38 9.56571388245
1337617710.39 13.2653532028
1337617710.39 14.3886241913
1337617710.4 14.9312810898
1337617710.4 15.2686042786
1337617710.41 14.1534395218
1337617710.41 16.9194431305
1337617710.43 18.6855163574
1337617710.43 19.7079524994
1337617710.43 20.0887928009
1337617710.43 16.1709480286
1337617710.44 13.7037477493
1337617710.44 15.9239940643
1337617710.45 15.1223888397
1337617710.45 14.0308628082
1337617710.46 14.668337822
1337617710.46 13.0962400436
1337617710.47 13.7454996109
1337617710.47 16.8212966919
1337617710.48 18.0521278381
1337617710.49 16.1318378448
1337617710.49 17.8557453156
1337617710.49 19.966211319
1337617710.5 20.3474464417
1337617710.5 23.6896114349
1337617710.51 23.5958328247
1337617710.51 19.5913772583
1337617710.52 19.863822937
1337617710.52 22.4313411713
1337617710.53 20.9618282318
1337617710.54 22.6100559235
1337617710.55 23.4823131561
1337617710.55 18.6766834259
1337617710.55 19.7149410248
1337617710.56 22.2211532593
1337617710.56 20.7226867676
1337617710.56 23.8950748444
1337617710.57 26.9622802734
1337617710.57 26.5869617462
1337617710.58 29.672334671
1337617710.6 34.1702156067
1337617710.6 32.4625320435
1337617710.6 30.7170372009
1337617710.6 29.6061038971
1337617710.61 24.4628314972
1337617710.61 23.5783729553
1337617710.61 24.6479511261
1337617710.62 22.2885456085
1337617710.63 22.8727340698
1337617710.63 23.2985630035
1337617710.65 22.0510349274
1337617710.65 21.4090194702
1337617710.65 26.8954906464
1337617710.65 29.2181072235
1337617710.65 30.9618625641
1337617710.66 34.2410011292
1337617710.66 33.8556137085
1337617710.67 33.55128479
1337617710.67 35.3447227478
1337617710.68 36.6394271851
1337617710.68 34.8693885803
1337617710.69 35.4698181152
1337617710.69 35.6596183777
1337617710.7 24.9788455963
1337617710.7 19.5557632446
1337617710.71 14.5410366058
1337617710.71 24.0985336304
1337617710.73 38.166343689
1337617710.73 48.2952575684
1337617710.73 45.2143707275
1337617710.73 46.7817459106
1337617710.74 47.2220077515
1337617710.75 46.4331245422
1337617710.75 49.5566520691
1337617710.75 49.4588279724
1337617710.76 46.0017204285
1337617710.77 45.4834327698
1337617710.77 45.4241256714
1337617710.77 45.7958221436
1337617710.79 45.301864624
1337617710.79 41.9592971802
1337617710.79 39.7380409241
1337617710.79 40.9798851013
1337617710.8 44.5161094666
1337617710.8 48.325630188
1337617710.81 47.8772773743
1337617710.81 45.818523407
1337617710.83 45.7255439758
1337617710.83 51.3023529053
1337617710.83 56.3474082947
1337617710.84 59.1103858948
1337617710.84 58.8801727295
1337617710.85 55.0272407532
1337617710.85 56.5883369446
1337617710.85 58.9534645081
1337617710.86 59.4391822815
1337617710.86 58.4772796631
1337617710.88 56.3814735413
1337617710.88 57.9993095398
1337617710.88 61.7916297913
1337617710.88 67.2560348511
1337617710.89 65.6945419312
1337617710.89 64.1027679443
1337617710.9 64.9002838135
1337617710.9 59.9431152344
1337617710.91 61.3371429443
1337617710.91 62.4531021118
1337617710.93 56.6800918579
1337617710.93 52.8979034424
1337617710.93 50.6469154358
1337617710.93 44.3940200806
1337617710.94 43.1864280701
1337617710.94 45.9733085632
1337617710.95 43.92735672
1337617710.95 47.9856529236
1337617710.96 52.6876373291
1337617710.96 52.9019470215
1337617710.98 56.1654891968
1337617710.98 54.8932151794
1337617710.98 55.3273582458
1337617710.99 56.3544197083
1337617710.99 54.6305351257
1337617710.99 53.8634262085
1337617711.0 50.0434570312
1337617711.0 49.9624328613
1337617711.01 52.9353218079
1337617711.01 50.1450653076
1337617711.03 48.9410018921
1337617711.03 50.4005050659
1337617711.03 49.2595291138
1337617711.03 51.6408500671
1337617711.04 53.752155304
1337617711.04 54.2588348389
1337617711.05 56.1609420776
1337617711.05 58.1110725403
1337617711.06 59.4802970886
1337617711.06 58.5173912048
1337617711.08 60.0534858704
1337617711.08 64.4942626953
1337617711.08 64.109916687
1337617711.08 66.9569702148
1337617711.09 69.6960983276
1337617711.09 66.2591171265
1337617711.1 67.1931991577
1337617711.1 69.1607894897
1337617711.11 63.2217559814
1337617711.11 62.7082290649
