1337618784.77 -276.0
1337618784.78 -249.0
1337618784.78 -252.0
1337618784.78 -196.0
1337618784.8 -172.0
1337618784.8 -169.0
1337618784.8 -112.0
1337618784.81 -81.0
1337618784.81 -91.0
1337618784.81 -26.0
1337618784.95 22.0
1337618784.95 11.0
1337618784.96 71.0
1337618784.96 106.0
1337618784.96 98.0
1337618784.96 166.0
1337618784.96 189.0
1337618784.96 198.0
1337618784.96 275.0
1337618785.0 297.0
1337618785.0 289.0
1337618785.0 340.0
1337618785.0 353.0
1337618785.0 343.0
1337618785.0 388.0
1337618785.0 401.0
1337618785.01 392.0
1337618785.02 426.0
1337618785.02 436.0
1337618785.02 437.0
1337618785.02 482.0
1337618785.02 492.0
1337618785.02 491.0
1337618785.02 518.0
1337618785.02 521.0
1337618785.02 529.0
1337618785.02 544.0
1337618785.02 550.0
1337618785.02 547.0
1337618785.04 527.0
1337618785.04 530.0
1337618785.04 513.0
1337618785.04 487.0
1337618785.04 497.0
1337618785.04 486.0
1337618785.04 480.0
1337618785.04 490.0
1337618785.09 470.0
1337618785.09 447.0
1337618785.09 454.0
1337618785.09 448.0
1337618785.1 419.0
1337618785.1 439.0
1337618785.1 425.0
1337618785.1 392.0
1337618785.1 413.0
1337618785.11 391.0
1337618785.11 373.0
1337618785.11 389.0
1337618785.11 361.0
1337618785.12 338.0
1337618785.12 351.0
1337618785.13 342.0
1337618785.13 331.0
1337618785.13 340.0
1337618785.13 311.0
1337618785.13 283.0
1337618785.13 284.0
1337618785.13 270.0
1337618785.14 267.0
1337618785.14 261.0
1337618785.14 236.0
1337618785.14 230.0
1337618785.14 231.0
1337618785.14 246.0
1337618785.14 -1428.0
1337618785.14 -1446.0
1337618785.14 -1482.0
1337618785.14 -1505.0
1337618785.14 -1538.0
1337618785.14 -1538.0
1337618785.14 -1546.0
1337618785.16 -1561.0
1337618785.16 -1572.0
1337618785.17 -1606.0
1337618785.18 -1638.0
1337618785.19 -1656.0
1337618785.21 -1656.0
1337618785.21 -1656.0
1337618785.21 -1666.0
1337618785.21 -1669.0
1337618785.21 -1699.0
1337618785.21 -1701.0
1337618785.21 -1691.0
1337618785.21 -1689.0
1337618785.21 -1698.0
1337618785.22 -1703.0
1337618785.22 -1710.0
1337618785.22 -1710.0
1337618785.22 -1691.0
1337618785.22 -1702.0
1337618785.22 -1698.0
1337618785.22 -1676.0
1337618785.22 -1685.0
1337618785.22 -1673.0
1337618785.22 -1654.0
1337618785.22 -1644.0
1337618785.22 -1615.0
1337618785.22 -1591.0
1337618785.22 -1553.0
1337618785.23 -1530.0
1337618785.23 -1513.0
1337618785.24 -1518.0
1337618785.24 -1495.0
1337618785.24 -1423.0
1337618785.24 -1392.0
1337618785.24 -1382.0
1337618785.25 -1360.0
1337618785.25 -1338.0
1337618785.26 -1305.0
1337618785.26 -1267.0
1337618785.27 -1255.0
1337618785.27 -1217.0
1337618785.28 -1191.0
1337618785.28 -1169.0
1337618785.29 -1142.0
1337618785.29 -1106.0
1337618785.3 -1064.0
1337618785.3 -1034.0
1337618785.31 -1007.0
1337618785.31 -955.0
1337618785.32 -927.0
1337618785.32 -910.0
1337618785.33 -887.0
1337618785.33 -853.0
1337618785.34 -819.0
1337618785.35 -805.0
1337618785.35 -787.0
1337618785.36 -766.0
1337618785.36 -759.0
1337618785.36 -735.0
1337618785.37 -700.0
1337618785.37 -663.0
1337618785.38 -642.0
1337618785.38 -628.0
1337618785.39 -585.0
1337618785.39 -542.0
1337618785.4 -508.0
1337618785.4 -479.0
1337618785.41 -430.0
1337618785.41 -385.0
1337618785.42 -353.0
1337618785.42 -319.0
1337618785.44 -279.0
1337618785.44 -261.0
1337618785.44 -228.0
1337618785.44 -180.0
1337618785.45 -141.0
1337618785.45 -107.0
1337618785.46 -87.0
1337618785.46 -68.0
1337618785.47 -29.0
1337618785.47 6.0
1337618785.48 14.0
1337618785.48 64.0
1337618785.49 103.0
1337618785.49 113.0
1337618785.51 163.0
1337618785.51 201.0
1337618785.51 230.0
1337618785.51 280.0
1337618785.52 319.0
1337618785.52 343.0
1337618785.53 380.0
1337618785.53 425.0
1337618785.54 442.0
1337618785.54 502.0
1337618785.55 538.0
1337618785.55 540.0
1337618785.56 594.0
1337618785.56 636.0
1337618785.57 651.0
1337618785.57 683.0
1337618785.59 704.0
1337618785.59 721.0
1337618785.59 756.0
1337618785.59 790.0
1337618785.6 810.0
1337618785.6 836.0
1337618785.61 871.0
1337618785.61 884.0
1337618785.62 914.0
1337618785.62 955.0
1337618785.63 958.0
1337618785.63 971.0
1337618785.64 1025.0
1337618785.64 1059.0
1337618785.66 1068.0
1337618785.66 1115.0
1337618785.66 1162.0
1337618785.66 1169.0
1337618785.67 1226.0
1337618785.67 1233.0
1337618785.68 1237.0
1337618785.68 1308.0
1337618785.69 1317.0
1337618785.69 1334.0
1337618785.7 1390.0
1337618785.7 1398.0
1337618785.71 1401.0
1337618785.72 1464.0
1337618785.72 1483.0
1337618785.73 1465.0
1337618785.73 1510.0
1337618785.73 1512.0
1337618785.73 1516.0
1337618785.74 1554.0
1337618785.75 1536.0
1337618785.75 1549.0
1337618785.76 1571.0
1337618785.76 1570.0
1337618785.77 1585.0
1337618785.77 1613.0
1337618785.78 1609.0
1337618785.79 1595.0
1337618785.79 1610.0
1337618785.79 1628.0
1337618785.8 1637.0
1337618785.8 1629.0
1337618785.8 1632.0
1337618785.81 1631.0
1337618785.82 1623.0
1337618785.82 1647.0
1337618785.83 1645.0
1337618785.83 1650.0
1337618785.84 1652.0
1337618785.84 1639.0
1337618785.86 1653.0
1337618785.86 1664.0
1337618785.86 1651.0
1337618785.86 1631.0
1337618785.87 1630.0
1337618785.87 1625.0
1337618785.87 1594.0
1337618785.88 1586.0
1337618785.88 1565.0
1337618785.89 1543.0
1337618785.89 1518.0
1337618785.9 1489.0
1337618785.9 1472.0
1337618785.92 1423.0
1337618785.92 1401.0
1337618785.93 1395.0
1337618785.93 1379.0
1337618785.93 1376.0
1337618785.94 1347.0
1337618785.94 1308.0
1337618785.94 1304.0
1337618785.95 1277.0
1337618785.95 1225.0
1337618785.96 1217.0
1337618785.96 1205.0
1337618785.97 1144.0
1337618785.97 1140.0
1337618785.98 1109.0
1337618785.98 1048.0
1337618785.99 1038.0
1337618786.01 1004.0
1337618786.01 963.0
1337618786.01 958.0
1337618786.01 917.0
1337618786.02 864.0
1337618786.02 876.0
1337618786.02 865.0
1337618786.03 821.0
1337618786.03 828.0
1337618786.04 807.0
1337618786.04 767.0
1337618786.05 775.0
1337618786.05 749.0
1337618786.06 712.0
1337618786.06 700.0
1337618786.07 656.0
1337618786.07 612.0
1337618786.08 593.0
1337618786.09 551.0
1337618786.09 503.0
1337618786.11 466.0
1337618786.11 436.0
1337618786.11 373.0
1337618786.11 315.0
1337618786.12 297.0
1337618786.12 250.0
1337618786.12 212.0
1337618786.13 195.0
1337618786.13 135.0
1337618786.14 92.0
1337618786.14 70.0
1337618786.15 25.0
1337618786.15 7.0
1337618786.16 -2.0
1337618786.17 -76.0
1337618786.17 -116.0
1337618786.17 -113.0
1337618786.18 -155.0
1337618786.19 -205.0
1337618786.19 -217.0
1337618786.19 -265.0
1337618786.2 -314.0
1337618786.2 -314.0
1337618786.22 -379.0
1337618786.22 -416.0
1337618786.22 -422.0
1337618786.23 -491.0
1337618786.23 -499.0
1337618786.24 -500.0
1337618786.24 -576.0
1337618786.24 -593.0
1337618786.25 -599.0
1337618786.26 -639.0
1337618786.26 -683.0
1337618786.26 -695.0
1337618786.27 -742.0
1337618786.27 -757.0
1337618786.28 -757.0
1337618786.28 -813.0
1337618786.29 -825.0
1337618786.29 -858.0
1337618786.3 -907.0
1337618786.3 -903.0
1337618786.32 -910.0
1337618786.32 -956.0
1337618786.32 -987.0
1337618786.33 -1003.0
1337618786.33 -1022.0
1337618786.33 -1057.0
1337618786.34 -1072.0
1337618786.34 -1110.0
1337618786.35 -1120.0
1337618786.35 -1142.0
1337618786.36 -1175.0
1337618786.36 -1193.0
1337618786.37 -1232.0
1337618786.37 -1261.0
1337618786.38 -1262.0
1337618786.38 -1267.0
1337618786.39 -1287.0
1337618786.41 -1317.0
1337618786.41 -1331.0
1337618786.41 -1315.0
1337618786.41 -1314.0
1337618786.42 -1334.0
1337618786.42 -1338.0
1337618786.42 -1342.0
1337618786.43 -1371.0
1337618786.43 -1358.0
1337618786.44 -1367.0
1337618786.44 -1376.0
1337618786.45 -1360.0
1337618786.45 -1371.0
1337618786.46 -1367.0
1337618786.46 -1353.0
1337618786.47 -1367.0
1337618786.47 -1368.0
1337618786.48 -1344.0
1337618786.48 -1334.0
1337618786.49 -1358.0
1337618786.5 -1327.0
1337618786.51 -1345.0
1337618786.51 -1341.0
1337618786.51 -1307.0
1337618786.51 -1331.0
1337618786.52 -1311.0
1337618786.52 -1320.0
1337618786.53 -1335.0
1337618786.53 -1314.0
1337618786.54 -1289.0
1337618786.54 -1278.0
1337618786.55 -1260.0
1337618786.55 -1249.0
1337618786.56 -1224.0
1337618786.56 -1214.0
1337618786.57 -1204.0
1337618786.57 -1176.0
1337618786.59 -1146.0
1337618786.59 -1136.0
1337618786.59 -1117.0
1337618786.59 -1088.0
1337618786.6 -1089.0
1337618786.6 -1068.0
1337618786.61 -1025.0
1337618786.61 -991.0
1337618786.62 -956.0
1337618786.62 -936.0
1337618786.63 -937.0
1337618786.63 -890.0
1337618786.64 -868.0
1337618786.64 -878.0
1337618786.65 -842.0
1337618786.65 -810.0
1337618786.67 -821.0
1337618786.67 -784.0
1337618786.68 -752.0
1337618786.68 -761.0
1337618786.68 -724.0
1337618786.68 -692.0
1337618786.69 -688.0
1337618786.69 -649.0
1337618786.7 -639.0
1337618786.7 -631.0
1337618786.71 -574.0
1337618786.71 -558.0
1337618786.72 -559.0
1337618786.72 -506.0
1337618786.73 -458.0
1337618786.73 -450.0
1337618786.74 -399.0
1337618786.74 -369.0
1337618786.75 -345.0
1337618786.75 -306.0
1337618786.77 -281.0
1337618786.77 -255.0
1337618786.77 -229.0
1337618786.78 -197.0
1337618786.78 -162.0
1337618786.78 -126.0
1337618786.79 -88.0
1337618786.79 -72.0
1337618786.8 -39.0
1337618786.8 16.0
1337618786.81 56.0
1337618786.81 67.0
1337618786.82 118.0
1337618786.82 151.0
1337618786.83 149.0
1337618786.83 204.0
1337618786.84 227.0
1337618786.86 243.0
1337618786.86 305.0
1337618786.86 316.0
1337618786.86 340.0
1337618786.86 398.0
1337618786.87 414.0
1337618786.87 416.0
1337618786.88 471.0
1337618786.88 499.0
1337618786.89 496.0
1337618786.89 568.0
1337618786.9 573.0
1337618786.9 581.0
1337618786.91 651.0
1337618786.91 655.0
1337618786.92 668.0
1337618786.92 705.0
1337618786.94 697.0
1337618786.94 705.0
1337618786.94 757.0
1337618786.95 769.0
1337618786.95 756.0
1337618786.95 785.0
1337618786.96 762.0
1337618786.96 752.0
1337618786.97 790.0
1337618786.97 778.0
1337618786.98 774.0
1337618786.98 786.0
1337618786.99 767.0
1337618786.99 772.0
1337618787.0 792.0
1337618787.0 784.0
1337618787.03 776.0
1337618787.03 778.0
1337618787.03 744.0
1337618787.03 727.0
1337618787.03 731.0
1337618787.03 720.0
1337618787.04 716.0
1337618787.04 707.0
1337618787.05 678.0
1337618787.05 662.0
1337618787.06 659.0
1337618787.06 635.0
1337618787.07 621.0
1337618787.07 600.0
1337618787.08 560.0
1337618787.08 536.0
1337618787.09 511.0
1337618787.11 489.0
1337618787.11 474.0
1337618787.11 446.0
1337618787.11 408.0
1337618787.11 376.0
1337618787.12 352.0
1337618787.12 333.0
1337618787.13 324.0
1337618787.13 302.0
1337618787.14 285.0
1337618787.14 276.0
1337618787.15 248.0
1337618787.15 236.0
1337618787.16 239.0
1337618787.17 214.0
1337618787.17 209.0
1337618787.19 205.0
1337618787.19 180.0
1337618787.2 184.0
1337618787.2 183.0
1337618787.2 132.0
1337618787.2 132.0
1337618787.2 146.0
1337618787.21 126.0
1337618787.21 149.0
1337618787.22 141.0
1337618787.22 104.0
1337618787.23 116.0
1337618787.23 120.0
1337618787.24 93.0
1337618787.25 105.0
1337618787.26 112.0
1337618787.26 80.0
1337618787.26 101.0
1337618787.26 115.0
1337618787.27 90.0
1337618787.27 117.0
1337618787.27 117.0
1337618787.28 78.0
1337618787.29 98.0
1337618787.29 105.0
1337618787.3 81.0
1337618787.3 107.0
1337618787.31 117.0
1337618787.31 86.0
1337618787.32 125.0
1337618787.32 138.0
1337618787.34 125.0
1337618787.34 174.0
1337618787.34 175.0
1337618787.34 155.0
1337618787.35 192.0
1337618787.35 211.0
1337618787.36 202.0
1337618787.36 246.0
1337618787.37 271.0
1337618787.37 260.0
1337618787.37 321.0
1337618787.38 334.0
1337618787.39 323.0
1337618787.39 387.0
1337618787.4 382.0
1337618787.4 373.0
1337618787.42 413.0
1337618787.42 415.0
1337618787.42 409.0
1337618787.42 445.0
1337618787.43 433.0
1337618787.43 406.0
1337618787.43 439.0
1337618787.44 407.0
1337618787.44 387.0
1337618787.45 424.0
1337618787.45 385.0
1337618787.46 371.0
1337618787.47 374.0
1337618787.47 334.0
1337618787.48 317.0
1337618787.48 305.0
1337618787.49 253.0
1337618787.5 225.0
1337618787.5 223.0
1337618787.5 182.0
1337618787.5 168.0
1337618787.51 151.0
1337618787.52 104.0
1337618787.52 92.0
1337618787.53 69.0
1337618787.53 47.0
1337618787.54 38.0
1337618787.54 -5.0
1337618787.54 -47.0
1337618787.55 -74.0
1337618787.55 -95.0
1337618787.56 -107.0
1337618787.56 -127.0
1337618787.57 -159.0
1337618787.6 -186.0
1337618787.6 -211.0
1337618787.6 -245.0
1337618787.6 -261.0
1337618787.6 -260.0
1337618787.6 -288.0
1337618787.6 -306.0
1337618787.61 -323.0
1337618787.61 -344.0
1337618787.62 -339.0
1337618787.62 -359.0
1337618787.63 -381.0
1337618787.63 -381.0
1337618787.64 -379.0
1337618787.64 -368.0
1337618787.65 -368.0
1337618787.65 -371.0
1337618787.67 -382.0
1337618787.68 -400.0
1337618787.68 -409.0
1337618787.68 -425.0
1337618787.68 -445.0
1337618787.69 -457.0
1337618787.69 -472.0
1337618787.69 -495.0
1337618787.7 -508.0
1337618787.7 -513.0
1337618787.71 -535.0
1337618787.72 -554.0
1337618787.72 -577.0
1337618787.72 -611.0
1337618787.73 -620.0
1337618787.73 -636.0
1337618787.75 -669.0
1337618787.75 -670.0
1337618787.75 -676.0
1337618787.75 -716.0
1337618787.76 -732.0
1337618787.76 -735.0
1337618787.77 -769.0
1337618787.77 -758.0
1337618787.78 -769.0
1337618787.79 -805.0
1337618787.79 -795.0
1337618787.79 -800.0
1337618787.8 -823.0
1337618787.8 -806.0
1337618787.81 -801.0
1337618787.82 -819.0
1337618787.82 -789.0
1337618787.84 -783.0
1337618787.84 -815.0
1337618787.84 -791.0
1337618787.84 -783.0
1337618787.84 -794.0
1337618787.85 -754.0
1337618787.85 -745.0
1337618787.86 -757.0
1337618787.86 -727.0
1337618787.87 -711.0
1337618787.87 -716.0
1337618787.88 -668.0
1337618787.88 -651.0
1337618787.89 -671.0
1337618787.89 -633.0
1337618787.9 -625.0
1337618787.9 -635.0
1337618787.92 -585.0
1337618787.92 -578.0
1337618787.93 -586.0
1337618787.93 -546.0
1337618787.93 -543.0
1337618787.93 -559.0
1337618787.94 -531.0
1337618787.94 -552.0
1337618787.95 -578.0
1337618787.95 -559.0
1337618787.96 -584.0
1337618787.96 -604.0
1337618787.97 -597.0
1337618787.97 -632.0
1337618787.98 -653.0
1337618787.98 -653.0
1337618788.01 -694.0
1337618788.01 -725.0
1337618788.01 -730.0
1337618788.01 -770.0
1337618788.01 -779.0
1337618788.02 -778.0
1337618788.02 -811.0
1337618788.02 -809.0
1337618788.03 -821.0
1337618788.03 -858.0
1337618788.04 -862.0
1337618788.04 -876.0
1337618788.05 -916.0
1337618788.05 -918.0
1337618788.06 -933.0
1337618788.06 -969.0
1337618788.07 -964.0
1337618788.07 -978.0
1337618788.08 -1016.0
1337618788.09 -1002.0
1337618788.11 -1026.0
1337618788.11 -1065.0
1337618788.11 -1052.0
1337618788.11 -1084.0
1337618788.11 -1127.0
1337618788.12 -1123.0
1337618788.12 -1164.0
1337618788.12 -1210.0
1337618788.13 -1203.0
1337618788.13 -1238.0
1337618788.14 -1282.0
1337618788.14 -1283.0
1337618788.15 -1341.0
1337618788.15 -1392.0
1337618788.16 -1382.0
1337618788.16 -1436.0
1337618788.17 -1473.0
1337618788.18 -1479.0
1337618788.19 -1534.0
1337618788.19 -1564.0
1337618788.19 -1561.0
1337618788.19 -1596.0
1337618788.2 -1615.0
1337618788.2 -1619.0
1337618788.21 -1666.0
1337618788.22 -1690.0
1337618788.22 -1677.0
1337618788.22 -1707.0
1337618788.23 -1722.0
1337618788.23 -1726.0
1337618788.24 -1761.0
1337618788.24 -1763.0
1337618788.25 -1771.0
1337618788.27 -1810.0
1337618788.27 -1817.0
1337618788.27 -1817.0
1337618788.27 -1832.0
1337618788.27 -1832.0
1337618788.28 -1845.0
1337618788.28 -1852.0
1337618788.29 -1841.0
1337618788.29 -1854.0
1337618788.3 -1879.0
1337618788.3 -1884.0
1337618788.31 -1897.0
1337618788.32 -1892.0
1337618788.32 -1887.0
1337618788.34 -1903.0
1337618788.34 -1900.0
1337618788.34 -1888.0
1337618788.34 -1891.0
1337618788.34 -1881.0
1337618788.35 -1875.0
1337618788.35 -1873.0
1337618788.36 -1867.0
1337618788.36 -1859.0
1337618788.37 -1861.0
1337618788.37 -1856.0
1337618788.38 -1832.0
1337618788.38 -1836.0
1337618788.39 -1834.0
1337618788.39 -1812.0
1337618788.4 -1801.0
1337618788.43 -1782.0
1337618788.43 -1772.0
1337618788.43 -1767.0
1337618788.43 -1739.0
1337618788.43 -1712.0
1337618788.44 -1686.0
1337618788.44 -1671.0
1337618788.44 -1636.0
1337618788.44 -1594.0
1337618788.45 -1565.0
1337618788.45 -1523.0
1337618788.46 -1479.0
1337618788.46 -1441.0
1337618788.47 -1393.0
1337618788.49 -1353.0
1337618788.49 -1316.0
1337618788.49 -1264.0
1337618788.49 -1199.0
1337618788.49 -1164.0
1337618788.5 -1120.0
1337618788.5 -1066.0
1337618788.51 -1028.0
1337618788.51 -960.0
1337618788.52 -898.0
1337618788.52 -867.0
1337618788.53 -809.0
1337618788.53 -765.0
1337618788.54 -749.0
1337618788.54 -723.0
1337618788.55 -741.0
1337618788.55 -799.0
1337618788.57 -860.0
1337618788.57 -932.0
1337618788.57 -1058.0
1337618788.58 -1182.0
1337618788.58 -1309.0
1337618788.58 -1508.0
1337618788.59 -1664.0
1337618788.59 -1873.0
1337618788.6 -2131.0
1337618788.6 -2317.0
1337618788.61 -2556.0
1337618788.61 -2818.0
1337618788.62 -3038.0
1337618788.64 -3332.0
1337618788.64 -3630.0
1337618788.64 -3852.0
1337618788.64 -4163.0
1337618788.64 -4453.0
1337618788.65 -4718.0
1337618788.65 -5040.0
1337618788.66 -5318.0
1337618788.66 -5621.0
1337618788.67 -5932.0
1337618788.67 -6242.0
1337618788.68 -6550.0
1337618788.68 -6845.0
1337618788.69 -7164.0
1337618788.69 -7446.0
1337618788.7 -7727.0
1337618788.7 -8057.0
1337618788.72 -8321.0
1337618788.72 -8593.0
1337618788.72 -8914.0
1337618788.72 -9162.0
1337618788.73 -9416.0
1337618788.73 -9708.0
1337618788.74 -9921.0
1337618788.74 -10176.0
1337618788.75 -10446.0
1337618788.75 -10620.0
1337618788.76 -10850.0
1337618788.76 -11066.0
1337618788.77 -11223.0
1337618788.77 -11407.0
1337618788.78 -11602.0
1337618788.78 -11726.0
1337618788.81 -11890.0
1337618788.81 -12053.0
1337618788.81 -12146.0
1337618788.81 -12281.0
1337618788.81 -12388.0
1337618788.82 -12439.0
1337618788.82 -12548.0
1337618788.82 -12618.0
1337618788.83 -12650.0
1337618788.83 -12736.0
1337618788.84 -12780.0
1337618788.84 -12796.0
1337618788.85 -12827.0
1337618788.85 -12860.0
1337618788.86 -12866.0
1337618788.86 -12902.0
1337618788.87 -12927.0
1337618788.88 -12927.0
1337618788.88 -12941.0
1337618788.88 -12942.0
1337618788.89 -12938.0
1337618788.89 -12966.0
1337618788.9 -12987.0
1337618788.9 -12979.0
1337618788.91 -12984.0
1337618788.91 -13015.0
1337618788.92 -13012.0
1337618788.92 -13001.0
1337618788.93 -13035.0
1337618788.93 -13003.0
1337618788.94 -12997.0
1337618788.94 -13011.0
1337618788.95 -12966.0
1337618788.97 -12959.0
1337618788.97 -12964.0
1337618788.97 -12915.0
1337618788.97 -12900.0
1337618788.97 -12912.0
1337618788.98 -12837.0
1337618788.98 -12831.0
1337618788.98 -12840.0
1337618788.99 -12759.0
1337618789.0 -12784.0
1337618789.0 -12742.0
1337618789.01 -12681.0
1337618789.01 -12677.0
1337618789.01 -12608.0
1337618789.02 -12569.0
1337618789.02 -12559.0
1337618789.05 -12537.0
1337618789.05 -12491.0
1337618789.05 -12463.0
1337618789.05 -12416.0
1337618789.05 -12361.0
1337618789.06 -12334.0
1337618789.06 -12298.0
1337618789.07 -12264.0
1337618789.07 -12227.0
1337618789.08 -12200.0
1337618789.08 -12164.0
1337618789.09 -12118.0
1337618789.09 -12105.0
1337618789.1 -12051.0
1337618789.12 -12011.0
1337618789.12 -12014.0
1337618789.13 -11945.0
1337618789.13 -11914.0
1337618789.13 -11922.0
1337618789.13 -11858.0
1337618789.13 -11846.0
1337618789.14 -11833.0
1337618789.14 -11773.0
1337618789.15 -11763.0
1337618789.15 -11752.0
1337618789.16 -11694.0
1337618789.16 -11711.0
1337618789.18 -11696.0
1337618789.18 -11631.0
1337618789.19 -11648.0
1337618789.19 -11626.0
1337618789.19 -11610.0
1337618789.19 -11613.0
1337618789.2 -11592.0
1337618789.2 -11589.0
1337618789.2 -11582.0
1337618789.21 -11575.0
1337618789.21 -11571.0
1337618789.22 -11569.0
1337618789.22 -11600.0
1337618789.23 -11582.0
1337618789.25 -11567.0
1337618789.25 -11581.0
1337618789.25 -11544.0
1337618789.25 -11525.0
1337618789.26 -11553.0
1337618789.26 -11522.0
1337618789.26 -11524.0
1337618789.27 -11550.0
1337618789.27 -11485.0
1337618789.28 -11494.0
1337618789.28 -11482.0
1337618789.29 -11417.0
1337618789.29 -11421.0
1337618789.3 -11395.0
1337618789.32 -11327.0
1337618789.32 -11337.0
1337618789.32 -11296.0
1337618789.32 -11258.0
1337618789.33 -11259.0
1337618789.33 -11192.0
1337618789.33 -11164.0
1337618789.34 -11112.0
1337618789.35 -11058.0
1337618789.35 -11032.0
1337618789.35 -11002.0
1337618789.36 -10969.0
1337618789.36 -10919.0
1337618789.38 -10870.0
1337618789.38 -10870.0
1337618789.39 -10837.0
1337618789.39 -10801.0
1337618789.39 -10802.0
1337618789.39 -10743.0
1337618789.4 -10696.0
1337618789.41 -10710.0
1337618789.43 -10650.0
1337618789.43 -10620.0
1337618789.43 -10595.0
1337618789.43 -10491.0
1337618789.43 -10472.0
1337618789.44 -10455.0
1337618789.44 -10363.0
1337618789.44 -10351.0
1337618789.45 -10356.0
1337618789.45 -10232.0
1337618789.46 -10248.0
1337618789.46 -10199.0
1337618789.48 -10096.0
1337618789.48 -10113.0
1337618789.48 -10052.0
1337618789.48 -9976.0
1337618789.49 -9965.0
1337618789.49 -9887.0
1337618789.5 -9801.0
1337618789.5 -9810.0
1337618789.51 -9732.0
1337618789.51 -9671.0
1337618789.53 -9651.0
1337618789.53 -9574.0
1337618789.53 -9483.0
1337618789.53 -9427.0
1337618789.54 -9274.0
1337618789.54 -9115.0
1337618789.55 -8945.0
1337618789.55 -8719.0
1337618789.56 -8514.0
1337618789.56 -8262.0
1337618789.57 -7990.0
1337618789.57 -7690.0
1337618789.58 -7396.0
1337618789.6 -7056.0
1337618789.6 -6723.0
1337618789.6 -6376.0
1337618789.6 -6007.0
1337618789.6 -5661.0
1337618789.61 -5294.0
1337618789.61 -4914.0
1337618789.62 -4534.0
1337618789.62 -4164.0
1337618789.63 -3759.0
1337618789.64 -3398.0
1337618789.65 -3025.0
1337618789.65 -2639.0
1337618789.65 -2307.0
1337618789.66 -1926.0
1337618789.66 -1555.0
1337618789.66 -1241.0
1337618789.67 -868.0
1337618789.67 -546.0
1337618789.68 -253.0
1337618789.69 104.0
1337618789.69 411.0
1337618789.69 691.0
1337618789.7 1010.0
1337618789.7 1303.0
1337618789.71 1550.0
1337618789.71 1849.0
1337618789.72 2100.0
1337618789.72 2313.0
1337618789.74 2566.0
1337618789.74 2801.0
1337618789.74 2973.0
1337618789.75 3221.0
1337618789.75 3401.0
1337618789.75 3567.0
1337618789.76 3785.0
1337618789.76 3931.0
1337618789.77 4082.0
1337618789.77 4255.0
1337618789.78 4436.0
1337618789.78 4554.0
1337618789.79 4719.0
1337618789.8 4827.0
1337618789.81 4938.0
1337618789.81 5093.0
1337618789.81 5154.0
1337618789.81 5289.0
1337618789.82 5389.0
1337618789.82 5439.0
1337618789.83 5590.0
1337618789.83 5653.0
1337618789.84 5729.0
1337618789.85 5850.0
1337618789.86 5904.0
1337618789.86 5950.0
1337618789.86 6027.0
1337618789.86 6075.0
1337618789.87 6114.0
1337618789.87 6203.0
1337618789.88 6237.0
1337618789.88 6302.0
1337618789.89 6386.0
1337618789.89 6416.0
1337618789.91 6476.0
1337618789.91 6549.0
1337618789.91 6594.0
1337618789.91 6645.0
1337618789.92 6706.0
1337618789.92 6737.0
1337618789.93 6792.0
1337618789.93 6836.0
1337618789.94 6837.0
1337618789.94 6892.0
1337618789.96 6922.0
1337618789.96 6925.0
1337618789.96 7012.0
1337618789.96 6988.0
1337618789.97 7008.0
1337618789.97 7068.0
1337618789.98 7039.0
1337618789.98 7070.0
1337618789.99 7058.0
1337618789.99 7020.0
1337618790.01 7030.0
1337618790.01 7001.0
1337618790.01 6985.0
1337618790.01 6981.0
1337618790.02 6927.0
1337618790.02 6920.0
1337618790.03 6896.0
1337618790.03 6855.0
1337618790.04 6855.0
1337618790.04 6801.0
1337618790.05 6742.0
1337618790.05 6750.0
1337618790.06 6702.0
1337618790.06 6657.0
1337618790.07 6625.0
1337618790.08 6585.0
1337618790.08 6501.0
1337618790.08 6462.0
1337618790.09 6410.0
1337618790.09 6318.0
1337618790.1 6321.0
1337618790.1 6256.0
1337618790.11 6208.0
1337618790.11 6180.0
1337618790.12 6120.0
1337618790.12 6073.0
1337618790.13 6040.0
1337618790.13 5976.0
1337618790.14 5915.0
1337618790.14 5886.0
1337618790.15 5806.0
1337618790.16 5754.0
1337618790.16 5710.0
1337618790.16 5623.0
1337618790.17 5590.0
1337618790.17 5510.0
1337618790.18 5419.0
1337618790.18 5423.0
1337618790.19 5339.0
1337618790.19 5283.0
1337618790.2 5282.0
1337618790.21 5195.0
1337618790.21 5151.0
1337618790.21 5115.0
1337618790.22 5028.0
1337618790.22 4996.0
1337618790.23 4958.0
1337618790.24 4899.0
1337618790.24 4863.0
1337618790.24 4802.0
1337618790.25 4758.0
1337618790.25 4732.0
1337618790.26 4699.0
1337618790.26 4651.0
1337618790.27 4599.0
1337618790.27 4566.0
1337618790.28 4490.0
1337618790.29 4430.0
1337618790.29 4408.0
1337618790.29 4312.0
1337618790.3 4275.0
1337618790.3 4229.0
1337618790.31 4142.0
1337618790.31 4149.0
1337618790.32 4085.0
1337618790.32 4009.0
1337618790.33 3979.0
1337618790.34 3907.0
1337618790.34 3843.0
1337618790.34 3779.0
1337618790.35 3733.0
1337618790.35 3651.0
1337618790.35 3610.0
1337618790.36 3593.0
1337618790.37 3471.0
1337618790.37 3432.0
1337618790.37 3367.0
1337618790.39 3282.0
1337618790.39 3259.0
1337618790.39 3167.0
1337618790.4 3124.0
1337618790.4 3068.0
1337618790.4 3002.0
1337618790.41 2987.0
1337618790.42 2914.0
1337618790.42 2882.0
1337618790.43 2830.0
1337618790.45 2771.0
1337618790.45 2773.0
1337618790.45 2693.0
1337618790.45 2656.0
1337618790.45 2609.0
1337618790.46 2540.0
1337618790.46 2541.0
1337618790.46 2484.0
1337618790.47 2454.0
1337618790.47 2441.0
1337618790.48 2352.0
1337618790.49 2326.0
1337618790.49 2266.0
1337618790.51 2213.0
1337618790.51 2177.0
1337618790.51 2124.0
1337618790.51 2122.0
1337618790.52 2048.0
1337618790.52 2023.0
1337618790.53 1984.0
1337618790.53 1917.0
1337618790.53 1894.0
1337618790.54 1832.0
1337618790.56 1809.0
1337618790.56 1764.0
1337618790.56 1702.0
1337618790.56 1686.0
1337618790.57 1614.0
1337618790.57 1590.0
1337618790.57 1516.0
1337618790.58 1456.0
1337618790.58 1446.0
1337618790.59 1359.0
1337618790.61 1347.0
1337618790.61 1312.0
1337618790.62 1249.0
1337618790.62 1225.0
1337618790.62 1162.0
1337618790.62 1129.0
1337618790.66 1089.0
1337618790.66 1040.0
1337618790.67 989.0
1337618790.68 946.0
1337618790.78 941.0
1337618790.78 882.0
1337618790.78 858.0
1337618790.78 850.0
1337618790.79 762.0
1337618790.79 750.0
1337618790.79 730.0
1337618790.79 680.0
1337618790.79 662.0
1337618790.8 610.0
1337618790.8 593.0
1337618790.85 566.0
1337618790.87 551.0
1337618790.97 527.0
1337618790.99 486.0
1337618790.99 481.0
1337618790.99 445.0
1337618790.99 434.0
1337618791.0 431.0
1337618791.0 379.0
1337618791.0 374.0
1337618791.0 383.0
1337618791.01 373.0
1337618791.03 390.0
1337618791.03 372.0
1337618791.03 358.0
1337618791.03 358.0
1337618791.03 328.0
1337618791.04 334.0
1337618791.04 330.0
1337618791.04 337.0
1337618791.04 322.0
1337618791.05 300.0
1337618791.05 330.0
1337618791.05 310.0
1337618791.05 322.0
1337618791.05 351.0
1337618791.05 317.0
1337618791.05 311.0
1337618791.05 296.0
1337618791.05 310.0
1337618791.05 307.0
1337618791.05 287.0
1337618791.06 304.0
1337618791.06 266.0
1337618791.06 275.0
1337618791.06 316.0
1337618791.06 290.0
1337618791.06 317.0
1337618791.06 311.0
1337618791.06 275.0
1337618791.06 300.0
1337618791.06 290.0
1337618791.06 302.0
1337618791.06 322.0
1337618791.06 310.0
1337618791.07 308.0
1337618791.08 282.0
1337618791.08 294.0
1337618791.08 294.0
1337618791.08 281.0
1337618791.08 298.0
1337618791.08 248.0
1337618791.08 238.0
1337618791.08 249.0
1337618791.08 219.0
1337618791.08 244.0
1337618791.08 223.0
1337618791.08 185.0
1337618791.08 226.0
1337618791.08 193.0
1337618791.08 176.0
1337618791.08 194.0
1337618791.08 160.0
1337618791.08 141.0
1337618791.09 121.0
1337618791.09 128.0
1337618791.09 85.0
1337618791.09 56.0
1337618791.09 84.0
1337618791.09 35.0
1337618791.09 41.0
1337618791.09 42.0
1337618791.09 -21.0
1337618791.1 -14.0
1337618791.1 -38.0
1337618791.1 -81.0
1337618791.1 -112.0
1337618791.1 -116.0
1337618791.11 -149.0
1337618791.11 -151.0
1337618791.12 -164.0
1337618791.13 -209.0
1337618791.13 -201.0
1337618791.13 -239.0
1337618791.14 -241.0
1337618791.14 -241.0
1337618791.15 -285.0
1337618791.15 -260.0
1337618791.16 -288.0
1337618791.18 -330.0
1337618791.18 -311.0
1337618791.18 -343.0
1337618791.18 -357.0
1337618791.18 -361.0
1337618791.19 -378.0
1337618791.2 -392.0
1337618791.2 -430.0
1337618791.2 -440.0
1337618791.21 -461.0
1337618791.21 -488.0
1337618791.22 -489.0
1337618791.22 -532.0
1337618791.23 -559.0
1337618791.23 -549.0
1337618791.24 -600.0
1337618791.26 -608.0
1337618791.26 -608.0
1337618791.26 -656.0
1337618791.26 -673.0
1337618791.27 -691.0
1337618791.27 -691.0
1337618791.28 -715.0
1337618791.28 -756.0
1337618791.28 -751.0
1337618791.29 -805.0
1337618791.29 -818.0
1337618791.31 -798.0
1337618791.31 -846.0
1337618791.31 -863.0
1337618791.31 -888.0
1337618791.32 -928.0
1337618791.32 -922.0
1337618791.33 -950.0
1337618791.33 -994.0
1337618791.34 -1017.0
1337618791.34 -1051.0
1337618791.35 -1064.0
1337618791.35 -1082.0
1337618791.37 -1088.0
1337618791.37 -1095.0
1337618791.37 -1142.0
1337618791.37 -1150.0
1337618791.38 -1153.0
1337618791.38 -1167.0
1337618791.39 -1169.0
1337618791.39 -1214.0
1337618791.4 -1228.0
1337618791.4 -1247.0
1337618791.41 -1263.0
1337618791.42 -1231.0
1337618791.42 -1252.0
1337618791.43 -1284.0
1337618791.43 -1280.0
1337618791.43 -1303.0
1337618791.44 -1319.0
1337618791.44 -1307.0
1337618791.45 -1329.0
1337618791.45 -1351.0
1337618791.46 -1352.0
1337618791.48 -1363.0
1337618791.48 -1368.0
1337618791.48 -1371.0
1337618791.48 -1359.0
1337618791.48 -1371.0
1337618791.49 -1386.0
1337618791.49 -1377.0
1337618791.5 -1396.0
1337618791.5 -1412.0
1337618791.51 -1395.0
1337618791.52 -1412.0
1337618791.53 -1411.0
1337618791.53 -1378.0
1337618791.53 -1397.0
1337618791.53 -1400.0
1337618791.54 -1364.0
1337618791.54 -1386.0
1337618791.55 -1398.0
1337618791.55 -1380.0
1337618791.56 -1382.0
1337618791.57 -1407.0
1337618791.57 -1403.0
1337618791.58 -1397.0
1337618791.58 -1416.0
1337618791.58 -1415.0
1337618791.59 -1411.0
1337618791.59 -1440.0
1337618791.6 -1453.0
1337618791.6 -1456.0
1337618791.61 -1462.0
1337618791.61 -1444.0
1337618791.62 -1428.0
1337618791.62 -1457.0
1337618791.65 -1453.0
1337618791.65 -1436.0
1337618791.65 -1477.0
1337618791.65 -1463.0
1337618791.65 -1447.0
1337618791.65 -1463.0
1337618791.66 -1466.0
1337618791.66 -1467.0
1337618791.67 -1485.0
1337618791.67 -1491.0
1337618791.69 -1497.0
1337618791.69 -1504.0
1337618791.7 -1524.0
1337618791.7 -1540.0
1337618791.7 -1547.0
1337618791.7 -1537.0
1337618791.71 -1535.0
1337618791.71 -1538.0
1337618791.72 -1539.0
1337618791.72 -1551.0
1337618791.73 -1551.0
1337618791.75 -1547.0
1337618791.75 -1550.0
1337618791.75 -1570.0
1337618791.75 -1609.0
1337618791.75 -1620.0
1337618791.76 -1647.0
1337618791.76 -1648.0
1337618791.77 -1651.0
1337618791.77 -1690.0
1337618791.79 -1667.0
1337618791.79 -1688.0
1337618791.79 -1710.0
1337618791.79 -1689.0
1337618791.8 -1708.0
1337618791.8 -1735.0
1337618791.81 -1719.0
1337618791.81 -1725.0
1337618791.82 -1750.0
1337618791.91 -1739.0
1337618791.93 -1721.0
1337618791.94 -1736.0
1337618791.94 -1740.0
1337618791.97 -1748.0
1337618791.97 -1767.0
1337618791.97 -1766.0
1337618791.97 -1761.0
1337618791.97 -1786.0
1337618791.97 -1790.0
1337618791.97 -1781.0
1337618791.98 -1803.0
1337618791.98 -1798.0
1337618791.98 -1766.0
1337618791.99 -1790.0
1337618791.99 -1821.0
1337618791.99 -1806.0
1337618791.99 -1826.0
1337618792.0 -1849.0
1337618792.0 -1838.0
1337618792.0 -1853.0
1337618792.0 -1876.0
1337618792.0 -1874.0
1337618792.0 -1880.0
1337618792.0 -1903.0
1337618792.13 -1895.0
1337618792.14 -1916.0
1337618792.14 -1936.0
1337618792.14 -1915.0
1337618792.14 -1933.0
1337618792.15 -1958.0
1337618792.15 -1965.0
1337618792.21 -1951.0
1337618792.22 -1972.0
1337618792.22 -1991.0
1337618792.25 -1980.0
1337618792.25 -2000.0
1337618792.26 -2012.0
1337618792.26 -1995.0
1337618792.26 -2006.0
1337618792.26 -2012.0
1337618792.26 -2001.0
1337618792.26 -1999.0
1337618792.26 -1979.0
1337618792.26 -1969.0
1337618792.26 -1968.0
1337618792.26 -1962.0
1337618792.26 -1978.0
1337618792.26 -1959.0
1337618792.26 -1950.0
1337618792.27 -1928.0
1337618792.27 -1886.0
1337618792.27 -1888.0
1337618792.27 -1878.0
1337618792.27 -1841.0
1337618792.27 -1841.0
1337618792.28 -1809.0
1337618792.28 -1792.0
1337618792.28 -1781.0
1337618792.28 -1766.0
1337618792.28 -1749.0
1337618792.28 -1701.0
1337618792.28 -1690.0
1337618792.29 -1659.0
1337618792.29 -1622.0
1337618792.29 -1606.0
1337618792.29 -1590.0
1337618792.29 -1563.0
1337618792.29 -1551.0
1337618792.29 -1554.0
1337618792.29 -1539.0
1337618792.29 -1544.0
1337618792.29 -1546.0
1337618792.29 -1538.0
1337618792.29 -1568.0
1337618792.29 -1560.0
1337618792.29 -1559.0
1337618792.3 -1578.0
1337618792.3 -1588.0
1337618792.3 -1612.0
1337618792.3 -1633.0
1337618792.3 -1662.0
1337618792.3 -1687.0
1337618792.31 -1699.0
1337618792.31 -1719.0
1337618792.31 -1779.0
1337618792.31 -1803.0
1337618792.31 -1850.0
1337618792.32 -1915.0
1337618792.32 -1942.0
1337618792.32 -2053.0
1337618792.32 -2099.0
1337618792.32 -2183.0
1337618792.32 -2236.0
1337618792.32 -2294.0
1337618792.32 -2361.0
1337618792.33 -2441.0
1337618792.33 -2520.0
1337618792.33 -2603.0
1337618792.33 -2703.0
1337618792.33 -2780.0
1337618792.33 -2874.0
1337618792.34 -2953.0
1337618792.34 -3038.0
1337618792.34 -3137.0
1337618792.35 -3208.0
1337618792.35 -3311.0
1337618792.37 -3413.0
1337618792.37 -3494.0
1337618792.37 -3592.0
1337618792.37 -3674.0
1337618792.38 -3763.0
1337618792.38 -3869.0
1337618792.4 -3976.0
1337618792.4 -4051.0
1337618792.41 -4163.0
1337618792.41 -4265.0
1337618792.41 -4358.0
1337618792.41 -4476.0
1337618792.42 -4561.0
1337618792.44 -4645.0
1337618792.44 -4745.0
1337618792.44 -4838.0
1337618792.44 -4930.0
1337618792.44 -5010.0
1337618792.45 -5100.0
1337618792.45 -5183.0
1337618792.46 -5243.0
1337618792.46 -5319.0
1337618792.47 -5369.0
1337618792.47 -5431.0
1337618792.48 -5508.0
1337618792.48 -5561.0
1337618792.49 -5597.0
1337618792.51 -5648.0
1337618792.51 -5700.0
1337618792.51 -5711.0
1337618792.51 -5769.0
1337618792.52 -5801.0
1337618792.52 -5801.0
1337618792.52 -5850.0
1337618792.54 -5850.0
1337618792.54 -5843.0
1337618792.54 -5859.0
1337618792.56 -5872.0
1337618792.56 -5855.0
1337618792.57 -5859.0
1337618792.57 -5832.0
1337618792.57 -5763.0
1337618792.57 -5763.0
1337618792.58 -5749.0
1337618792.58 -5700.0
1337618792.58 -5665.0
1337618792.6 -5624.0
1337618792.6 -5594.0
1337618792.6 -5589.0
1337618792.6 -5551.0
1337618792.61 -5476.0
1337618792.61 -5421.0
1337618792.62 -5417.0
1337618792.62 -5370.0
1337618792.63 -5322.0
1337618792.63 -5284.0
1337618792.64 -5224.0
1337618792.65 -5210.0
1337618792.65 -5194.0
1337618792.66 -5119.0
1337618792.66 -5065.0
1337618792.66 -5050.0
1337618792.67 -5009.0
1337618792.67 -4965.0
1337618792.68 -4925.0
1337618792.68 -4837.0
1337618792.69 -4824.0
1337618792.71 -4832.0
1337618792.71 -4748.0
1337618792.71 -4702.0
1337618792.71 -4645.0
1337618792.71 -4579.0
1337618792.72 -4578.0
1337618792.72 -4504.0
1337618792.73 -4390.0
1337618792.74 -4333.0
1337618792.74 -4286.0
1337618792.74 -4246.0
1337618792.75 -4186.0
1337618792.75 -4079.0
1337618792.77 -3995.0
1337618792.77 -3960.0
1337618792.77 -3914.0
1337618792.77 -3837.0
1337618792.78 -3732.0
1337618792.78 -3680.0
1337618792.79 -3640.0
1337618792.79 -3571.0
1337618792.8 -3501.0
1337618792.8 -3367.0
1337618792.83 -3305.0
1337618792.83 -3298.0
1337618792.83 -3204.0
1337618792.83 -3130.0
1337618792.83 -3038.0
1337618792.84 -2943.0
1337618792.84 -2935.0
1337618792.84 -2880.0
1337618792.85 -2768.0
1337618792.85 -2711.0
1337618792.87 -2665.0
1337618792.87 -2602.0
1337618792.87 -2576.0
1337618792.88 -2484.0
1337618792.88 -2390.0
1337618792.88 -2385.0
1337618792.89 -2334.0
1337618792.89 -2281.0
1337618792.9 -2222.0
1337618792.9 -2128.0
1337618792.92 -2085.0
1337618792.92 -2054.0
1337618792.92 -1995.0
1337618792.93 -1915.0
1337618792.93 -1816.0
1337618792.93 -1782.0
1337618792.94 -1737.0
1337618792.94 -1657.0
1337618792.95 -1576.0
1337618792.95 -1436.0
1337618792.96 -1361.0
1337618792.96 -1322.0
1337618792.97 -1205.0
1337618792.99 -1089.0
1337618792.99 -992.0
1337618792.99 -857.0
1337618792.99 -790.0
1337618792.99 -687.0
1337618793.0 -503.0
1337618793.0 -408.0
1337618793.01 -313.0
1337618793.45 -176.0
1337618793.46 -77.0
1337618793.46 78.0
1337618793.49 224.0
1337618793.5 303.0
1337618793.5 415.0
1337618793.5 529.0
1337618793.5 641.0
1337618793.51 756.0
1337618793.51 877.0
1337618793.51 975.0
1337618793.51 1083.0
1337618793.51 1190.0
1337618793.53 1310.0
1337618793.54 1409.0
1337618793.54 1479.0
1337618793.54 1572.0
1337618793.54 1642.0
1337618793.54 1739.0
1337618793.54 1830.0
1337618793.55 1860.0
1337618793.55 1903.0
1337618793.78 1974.0
1337618793.79 2019.0
1337618793.79 2050.0
1337618793.79 2055.0
1337618793.79 2051.0
1337618793.79 2076.0
1337618793.79 2086.0
1337618793.79 2081.0
1337618793.79 2081.0
1337618793.8 2062.0
1337618793.8 2082.0
1337618793.8 2072.0
1337618793.8 2030.0
1337618793.81 2069.0
1337618793.81 2069.0
1337618793.82 2063.0
1337618793.82 2095.0
1337618793.82 2075.0
1337618793.82 2062.0
1337618793.82 2089.0
1337618793.82 2063.0
1337618793.82 2046.0
1337618793.84 2048.0
1337618793.84 2030.0
1337618793.84 2043.0
1337618793.84 2035.0
1337618793.84 2054.0
1337618793.84 2052.0
1337618793.84 2045.0
1337618793.84 2061.0
1337618793.85 2032.0
1337618793.85 2042.0
1337618793.85 2026.0
1337618793.85 2019.0
1337618793.85 2048.0
1337618793.85 2054.0
1337618793.85 2102.0
1337618793.85 2114.0
1337618793.85 2139.0
1337618793.85 2175.0
1337618793.85 2167.0
1337618793.86 2210.0
1337618793.86 2214.0
1337618793.86 2236.0
1337618793.86 2269.0
1337618793.86 2299.0
1337618793.86 2332.0
1337618793.86 2376.0
1337618793.86 2423.0
1337618793.86 2468.0
1337618793.86 2535.0
1337618793.86 2539.0
1337618793.87 2586.0
1337618793.87 2611.0
1337618793.87 2638.0
1337618793.87 -1081.0
1337618793.87 -1074.0
1337618793.88 -1133.0
1337618793.88 -1163.0
1337618793.88 -1196.0
1337618793.88 -1235.0
1337618793.88 -1264.0
1337618793.89 -1287.0
1337618793.89 -1304.0
1337618793.89 -1352.0
1337618793.89 -1361.0
1337618793.89 -1376.0
1337618793.89 -1388.0
1337618793.89 -1375.0
1337618793.89 -1376.0
1337618793.89 -1390.0
1337618793.89 -1390.0
1337618793.9 -1394.0
1337618793.91 -1406.0
1337618793.91 -1390.0
1337618793.91 -1408.0
1337618793.92 -1418.0
1337618793.94 -1406.0
1337618793.94 -1434.0
1337618793.94 -1444.0
1337618793.94 -1451.0
1337618793.94 -1483.0
1337618793.95 -1524.0
1337618793.97 -1544.0
1337618793.97 -1589.0
1337618793.97 -1634.0
1337618793.97 -1652.0
1337618793.97 -1705.0
1337618793.98 -1767.0
1337618793.98 -1805.0
1337618794.0 -1872.0
1337618794.0 -1935.0
1337618794.0 -1984.0
1337618794.0 -2054.0
1337618794.01 -2124.0
1337618794.02 -2177.0
1337618794.02 -2249.0
1337618794.02 -2332.0
1337618794.03 -2375.0
1337618794.03 -2443.0
1337618794.05 -2511.0
1337618794.05 -2558.0
1337618794.05 -2626.0
1337618794.06 -2696.0
1337618794.06 -2743.0
1337618794.06 -2811.0
1337618794.07 -2872.0
1337618794.07 -2909.0
1337618794.08 -2964.0
1337618794.08 -3014.0
1337618794.09 -3039.0
1337618794.09 -3082.0
1337618794.1 -3120.0
1337618794.11 -3146.0
1337618794.11 -3203.0
1337618794.11 -3226.0
1337618794.12 -3243.0
1337618794.12 -3299.0
1337618794.13 -3323.0
1337618794.13 -3331.0
1337618794.14 -3354.0
1337618794.15 -3360.0
1337618794.15 -3369.0
1337618794.16 -3378.0
1337618794.16 -3351.0
1337618794.17 -3339.0
1337618794.17 -3352.0
1337618794.17 -3319.0
1337618794.18 -3291.0
1337618794.18 -3286.0
1337618794.19 -3224.0
1337618794.2 -3188.0
1337618794.2 -3185.0
1337618794.21 -3092.0
1337618794.22 -3077.0
1337618794.22 -3025.0
1337618794.22 -2930.0
1337618794.22 -2927.0
1337618794.23 -2833.0
1337618794.23 -2729.0
1337618794.24 -2686.0
1337618794.24 -2578.0
1337618794.25 -2470.0
1337618794.25 -2404.0
1337618794.26 -2326.0
1337618794.26 -2197.0
1337618794.27 -2138.0
1337618794.28 -2040.0
1337618794.28 -1919.0
1337618794.28 -1880.0
1337618794.29 -1759.0
1337618794.29 -1672.0
1337618794.3 -1598.0
1337618794.3 -1497.0
1337618794.31 -1418.0
1337618794.31 -1367.0
1337618794.33 -1302.0
1337618794.33 -1194.0
1337618794.33 -1111.0
1337618794.33 -1051.0
1337618794.34 -954.0
1337618794.34 -894.0
1337618794.35 -850.0
1337618794.35 -756.0
1337618794.36 -674.0
1337618794.36 -636.0
1337618794.38 -546.0
1337618794.38 -500.0
1337618794.38 -472.0
1337618794.38 -385.0
1337618794.39 -333.0
1337618794.39 -318.0
1337618794.4 -228.0
1337618794.4 -191.0
1337618794.41 -182.0
1337618794.41 -84.0
1337618794.42 -43.0
1337618794.43 -31.0
1337618794.43 46.0
1337618794.43 81.0
1337618794.44 99.0
1337618794.44 166.0
1337618794.45 180.0
1337618794.45 191.0
1337618794.46 232.0
1337618794.46 256.0
1337618794.48 271.0
1337618794.48 302.0
1337618794.48 311.0
1337618794.48 322.0
1337618794.49 336.0
1337618794.49 360.0
1337618794.5 364.0
1337618794.5 343.0
1337618794.51 378.0
1337618794.51 376.0
1337618794.52 360.0
1337618794.52 400.0
1337618794.53 368.0
1337618794.53 345.0
1337618794.55 387.0
1337618794.55 353.0
1337618794.55 343.0
1337618794.56 363.0
1337618794.56 312.0
1337618794.56 295.0
1337618794.57 298.0
1337618794.57 245.0
1337618794.58 251.0
1337618794.58 250.0
1337618794.6 209.0
1337618794.6 192.0
1337618794.6 162.0
1337618794.6 143.0
1337618794.61 145.0
1337618794.61 109.0
1337618794.62 73.0
1337618794.63 51.0
1337618794.63 6.0
1337618794.63 2.0
1337618794.65 -20.0
1337618794.65 -71.0
1337618794.66 -102.0
1337618794.66 -141.0
1337618794.66 -195.0
1337618794.66 -220.0
1337618794.67 -253.0
1337618794.67 -287.0
1337618794.68 -312.0
1337618794.68 -358.0
1337618794.7 -400.0
1337618794.7 -424.0
1337618794.71 -450.0
1337618794.71 -478.0
1337618794.71 -536.0
1337618794.71 -571.0
1337618794.72 -590.0
1337618794.72 -629.0
1337618794.73 -637.0
1337618794.73 -651.0
1337618794.75 -691.0
1337618794.75 -683.0
1337618794.75 -686.0
1337618794.76 -727.0
1337618794.76 -722.0
1337618794.76 -710.0
1337618794.77 -734.0
1337618794.77 -715.0
1337618794.78 -696.0
1337618794.78 -713.0
1337618794.79 -673.0
1337618794.79 -655.0
1337618794.8 -668.0
1337618794.8 -637.0
1337618794.82 -612.0
1337618794.82 -610.0
1337618794.82 -591.0
1337618794.82 -577.0
1337618794.83 -575.0
1337618794.83 -562.0
1337618794.84 -538.0
1337618794.84 -520.0
1337618794.85 -522.0
1337618794.85 -502.0
1337618794.86 -482.0
1337618794.86 -484.0
1337618794.87 -439.0
1337618794.88 -414.0
1337618794.88 -431.0
1337618794.88 -394.0
1337618794.89 -366.0
1337618794.89 -377.0
1337618794.9 -326.0
1337618794.91 -289.0
1337618794.91 -299.0
1337618794.91 -243.0
1337618794.92 -219.0
1337618794.92 -232.0
1337618794.93 -174.0
1337618794.93 -156.0
1337618794.94 -152.0
1337618794.94 -108.0
1337618794.95 -83.0
1337618794.96 -78.0
1337618794.97 -38.0
1337618794.97 -10.0
1337618794.97 4.0
1337618794.97 31.0
1337618794.98 60.0
1337618794.98 71.0
1337618794.99 78.0
1337618794.99 119.0
1337618795.0 125.0
1337618795.0 150.0
1337618795.01 211.0
1337618795.01 215.0
1337618795.03 237.0
1337618795.03 281.0
1337618795.03 301.0
1337618795.03 332.0
1337618795.04 382.0
1337618795.04 394.0
1337618795.05 395.0
1337618795.05 465.0
1337618795.05 481.0
1337618795.06 517.0
1337618795.07 587.0
1337618795.08 577.0
1337618795.08 603.0
1337618795.08 651.0
1337618795.09 661.0
1337618795.09 696.0
1337618795.09 745.0
1337618795.1 759.0
1337618795.11 793.0
1337618795.11 846.0
1337618795.13 865.0
1337618795.13 911.0
1337618795.13 948.0
1337618795.13 960.0
1337618795.14 995.0
1337618795.14 1021.0
1337618795.14 1035.0
1337618795.15 1068.0
1337618795.16 1091.0
1337618795.16 1101.0
1337618795.17 1129.0
1337618795.18 1136.0
1337618795.18 1166.0
1337618795.18 1194.0
1337618795.19 1196.0
1337618795.19 1224.0
