1337359821.92 222.0
1337359821.93 205.0
1337359821.93 214.0
1337359821.94 237.0
1337359821.94 221.0
1337359821.95 216.0
1337359821.95 236.0
1337359821.96 222.0
1337359821.96 231.0
1337359821.97 249.0
1337359821.97 231.0
1337359821.98 241.0
1337359821.99 256.0
1337359821.99 235.0
1337359821.99 236.0
1337359822.0 261.0
1337359822.0 252.0
1337359822.01 259.0
1337359822.01 293.0
1337359822.02 292.0
1337359822.02 294.0
1337359822.03 317.0
1337359822.03 335.0
1337359822.04 336.0
1337359822.04 356.0
1337359822.05 379.0
1337359822.05 380.0
1337359822.06 392.0
1337359822.06 419.0
1337359822.07 415.0
1337359822.07 421.0
1337359822.08 444.0
1337359822.08 420.0
1337359822.09 413.0
1337359822.09 415.0
1337359822.1 357.0
1337359822.1 333.0
1337359822.11 341.0
1337359822.11 291.0
1337359822.12 267.0
1337359822.12 289.0
1337359822.13 265.0
1337359822.13 246.0
1337359822.14 266.0
1337359822.14 240.0
1337359822.15 200.0
1337359822.15 210.0
1337359822.16 195.0
1337359822.16 166.0
1337359822.17 166.0
1337359822.17 136.0
1337359822.18 99.0
1337359822.18 100.0
1337359822.19 82.0
1337359822.19 58.0
1337359822.2 86.0
1337359822.2 75.0
1337359822.21 44.0
1337359822.21 62.0
1337359822.22 56.0
1337359822.22 35.0
1337359822.23 42.0
1337359822.23 42.0
1337359822.24 11.0
1337359822.24 -10.0
1337359822.25 -16.0
1337359822.25 -48.0
1337359822.26 -80.0
1337359822.26 -85.0
1337359822.27 -110.0
1337359822.27 -143.0
1337359822.28 -142.0
1337359822.28 -180.0
1337359822.29 -228.0
1337359822.29 -229.0
1337359822.3 -277.0
1337359822.3 -324.0
1337359822.31 -312.0
1337359822.31 -355.0
1337359822.32 -403.0
1337359822.32 -382.0
1337359822.33 -403.0
1337359822.33 -442.0
1337359822.34 -428.0
1337359822.34 -437.0
1337359822.35 -468.0
1337359822.35 -448.0
1337359822.36 -421.0
1337359822.36 -424.0
1337359822.37 -408.0
1337359822.37 -386.0
1337359822.38 -397.0
1337359822.38 -393.0
1337359822.39 -368.0
1337359822.39 -378.0
1337359822.4 -371.0
1337359822.4 -350.0
1337359822.41 -367.0
1337359822.41 -356.0
1337359822.42 -319.0
1337359822.42 -317.0
1337359822.43 -306.0
1337359822.43 -263.0
1337359822.44 -255.0
1337359822.44 -259.0
1337359822.45 -217.0
1337359822.45 -193.0
1337359822.46 -203.0
1337359822.46 -171.0
1337359822.47 -157.0
1337359822.47 -180.0
1337359822.48 -159.0
1337359822.48 -150.0
1337359822.49 -159.0
1337359822.49 -149.0
1337359822.5 -144.0
1337359822.5 -158.0
1337359822.51 -153.0
1337359822.51 -147.0
1337359822.52 -169.0
1337359822.52 -167.0
1337359822.53 -148.0
1337359822.53 -165.0
1337359822.54 -162.0
1337359822.54 -125.0
1337359822.55 -135.0
1337359822.55 -138.0
1337359822.56 -95.0
1337359822.56 -88.0
1337359822.57 -92.0
1337359822.57 -51.0
1337359822.58 -44.0
1337359822.58 -56.0
1337359822.59 -28.0
1337359822.59 -7.0
1337359822.6 0.0
1337359822.6 33.0
1337359822.61 58.0
1337359822.61 58.0
1337359822.62 92.0
1337359822.62 122.0
1337359822.63 122.0
1337359822.63 162.0
1337359822.64 186.0
1337359822.64 167.0
1337359822.65 195.0
1337359822.65 223.0
1337359822.66 202.0
1337359822.66 232.0
1337359822.67 270.0
1337359822.67 274.0
1337359822.68 301.0
1337359822.68 326.0
1337359822.69 319.0
1337359822.69 313.0
1337359822.7 322.0
1337359822.7 318.0
1337359822.71 315.0
1337359822.71 315.0
1337359822.72 312.0
1337359822.72 310.0
1337359822.73 307.0
1337359822.73 300.0
1337359822.74 272.0
1337359822.74 261.0
1337359822.74 256.0
1337359822.75 220.0
1337359822.76 214.0
1337359822.76 215.0
1337359822.77 175.0
1337359822.77 169.0
1337359822.78 187.0
1337359822.78 149.0
1337359822.79 126.0
1337359822.79 139.0
1337359822.8 104.0
1337359822.8 90.0
1337359822.8 112.0
1337359822.81 91.0
1337359822.82 74.0
1337359822.82 84.0
1337359822.83 54.0
1337359822.83 33.0
1337359822.84 37.0
1337359822.84 2.0
1337359822.85 -9.0
1337359822.85 -2.0
1337359822.86 -37.0
1337359822.86 -52.0
1337359822.88 -50.0
1337359822.88 -89.0
1337359822.89 -114.0
1337359822.89 -121.0
1337359822.89 -147.0
1337359822.9 -171.0
1337359822.9 -179.0
1337359822.9 -190.0
1337359822.91 -212.0
1337359822.91 -218.0
1337359822.92 -223.0
1337359822.92 -230.0
1337359822.92 -242.0
1337359822.93 -255.0
1337359822.94 -262.0
1337359822.94 -287.0
1337359822.95 -287.0
1337359822.95 -289.0
1337359822.96 -297.0
1337359822.96 -287.0
1337359822.97 -294.0
1337359822.97 -296.0
1337359822.98 -270.0
1337359822.98 -256.0
1337359822.99 -247.0
1337359822.99 -202.0
1337359823.0 -179.0
1337359823.0 -183.0
1337359823.02 -148.0
1337359823.02 -126.0
1337359823.02 -151.0
1337359823.02 -124.0
1337359823.03 -103.0
1337359823.03 -120.0
1337359823.04 -95.0
1337359823.04 -87.0
1337359823.05 -98.0
1337359823.05 -76.0
1337359823.06 -72.0
1337359823.06 -74.0
1337359823.07 -53.0
1337359823.07 -49.0
1337359823.08 -30.0
1337359823.08 1.0
1337359823.09 20.0
1337359823.09 27.0
1337359823.1 32.0
1337359823.1 57.0
1337359823.11 59.0
1337359823.11 43.0
1337359823.11 53.0
1337359823.14 35.0
1337359823.14 7.0
1337359823.14 18.0
1337359823.14 25.0
1337359823.14 25.0
1337359823.15 42.0
1337359823.15 59.0
1337359823.16 60.0
1337359823.16 65.0
1337359823.17 79.0
1337359823.17 82.0
1337359823.17 78.0
1337359823.18 84.0
1337359823.18 71.0
1337359823.19 63.0
1337359823.19 77.0
1337359823.2 62.0
1337359823.21 55.0
1337359823.21 75.0
1337359823.21 60.0
1337359823.23 55.0
1337359823.23 87.0
1337359823.24 89.0
1337359823.24 77.0
1337359823.24 104.0
1337359823.25 112.0
1337359823.25 99.0
1337359823.26 140.0
1337359823.26 157.0
1337359823.27 161.0
1337359823.27 183.0
1337359823.28 188.0
1337359823.28 195.0
1337359823.29 215.0
1337359823.29 221.0
1337359823.3 223.0
1337359823.3 240.0
1337359823.31 235.0
1337359823.31 239.0
1337359823.34 247.0
1337359823.34 260.0
1337359823.34 255.0
1337359823.34 262.0
1337359823.34 292.0
1337359823.34 306.0
1337359823.34 321.0
1337359823.35 350.0
1337359823.36 374.0
1337359823.36 384.0
1337359823.37 408.0
1337359823.37 428.0
1337359823.38 420.0
1337359823.38 412.0
1337359823.38 420.0
1337359823.39 421.0
1337359823.4 431.0
1337359823.4 439.0
1337359823.41 432.0
1337359823.41 431.0
1337359823.41 426.0
1337359823.42 416.0
1337359823.43 420.0
1337359823.43 442.0
1337359823.44 430.0
1337359823.44 429.0
1337359823.45 463.0
1337359823.45 440.0
1337359823.46 443.0
1337359823.46 475.0
1337359823.47 456.0
1337359823.48 459.0
1337359823.48 468.0
1337359823.49 448.0
1337359823.49 451.0
1337359823.5 457.0
1337359823.5 435.0
1337359823.5 448.0
1337359823.51 455.0
1337359823.51 433.0
1337359823.52 443.0
1337359823.52 455.0
1337359823.53 436.0
1337359823.53 436.0
1337359823.54 458.0
1337359823.54 458.0
1337359823.55 462.0
1337359823.55 476.0
1337359823.56 470.0
1337359823.56 464.0
1337359823.57 465.0
1337359823.59 473.0
1337359823.59 493.0
1337359823.59 491.0
1337359823.6 507.0
1337359823.6 520.0
1337359823.6 504.0
1337359823.6 529.0
1337359823.61 521.0
1337359823.61 502.0
1337359823.62 524.0
1337359823.62 491.0
1337359823.62 477.0
1337359823.63 510.0
1337359823.63 478.0
1337359823.64 458.0
1337359823.65 485.0
1337359823.65 459.0
1337359823.66 433.0
1337359823.66 460.0
1337359823.66 444.0
1337359823.67 409.0
1337359823.68 430.0
1337359823.68 415.0
1337359823.69 393.0
1337359823.69 411.0
1337359823.7 393.0
1337359823.7 376.0
1337359823.7 390.0
1337359823.71 372.0
1337359823.72 358.0
1337359823.73 365.0
1337359823.74 342.0
1337359823.74 324.0
1337359823.74 327.0
1337359823.75 329.0
1337359823.75 319.0
1337359823.75 311.0
1337359823.75 323.0
1337359823.76 318.0
1337359823.76 304.0
1337359823.77 325.0
1337359823.77 338.0
1337359823.78 317.0
1337359823.79 333.0
1337359823.79 354.0
1337359823.79 336.0
1337359823.8 360.0
1337359823.81 385.0
1337359823.81 372.0
1337359823.82 393.0
1337359823.82 416.0
1337359823.83 388.0
1337359823.84 414.0
1337359823.85 429.0
1337359823.85 386.0
1337359823.85 415.0
1337359823.85 431.0
1337359823.86 387.0
1337359823.86 401.0
1337359823.87 414.0
1337359823.87 365.0
1337359823.87 349.0
1337359823.88 356.0
1337359823.88 307.0
1337359823.89 290.0
1337359823.89 299.0
1337359823.9 259.0
1337359823.9 245.0
1337359823.91 245.0
1337359823.91 217.0
1337359823.92 217.0
1337359823.92 212.0
1337359823.93 193.0
1337359823.95 176.0
1337359823.95 161.0
1337359823.95 151.0
1337359823.95 118.0
1337359823.95 113.0
1337359823.96 121.0
1337359823.97 78.0
1337359823.97 73.0
1337359823.97 94.0
1337359823.98 37.0
1337359823.98 24.0
1337359823.99 45.0
1337359824.0 -5.0
1337359824.0 -21.0
1337359824.0 4.0
1337359824.01 -35.0
1337359824.01 -54.0
1337359824.02 -24.0
1337359824.02 -65.0
1337359824.03 -82.0
1337359824.03 -51.0
1337359824.04 -89.0
1337359824.04 -95.0
1337359824.05 -63.0
1337359824.06 -99.0
1337359824.06 -109.0
1337359824.07 -60.0
1337359824.07 -82.0
1337359824.08 -92.0
1337359824.08 -53.0
1337359824.08 -71.0
1337359824.09 -78.0
1337359824.1 -55.0
1337359824.12 -45.0
1337359824.12 -47.0
1337359824.12 -46.0
1337359824.12 -32.0
1337359824.12 -33.0
1337359824.12 -41.0
1337359824.14 -16.0
1337359824.14 -8.0
1337359824.14 -13.0
1337359824.14 25.0
1337359824.15 28.0
1337359824.15 22.0
1337359824.16 61.0
1337359824.16 47.0
1337359824.17 24.0
1337359824.17 63.0
1337359824.18 49.0
1337359824.18 20.0
1337359824.19 63.0
1337359824.2 63.0
1337359824.2 26.0
1337359824.2 51.0
1337359824.21 58.0
1337359824.22 26.0
1337359824.22 52.0
1337359824.22 65.0
1337359824.23 39.0
1337359824.24 53.0
1337359824.24 67.0
1337359824.25 40.0
1337359824.25 48.0
1337359824.25 57.0
1337359824.26 18.0
1337359824.27 26.0
1337359824.29 35.0
1337359824.29 -9.0
1337359824.29 -8.0
1337359824.29 17.0
1337359824.3 -17.0
1337359824.3 -25.0
1337359824.3 0.0
1337359824.31 -29.0
1337359824.31 -53.0
1337359824.32 -28.0
1337359824.32 -42.0
1337359824.32 -67.0
1337359824.33 -43.0
1337359824.34 -51.0
1337359824.34 -67.0
1337359824.36 -39.0
1337359824.36 -40.0
1337359824.37 -53.0
1337359824.37 -37.0
1337359824.37 -33.0
1337359824.37 -47.0
1337359824.38 -28.0
1337359824.38 -8.0
1337359824.38 -34.0
1337359824.39 -19.0
1337359824.4 16.0
1337359824.4 -13.0
1337359824.41 -7.0
1337359824.41 37.0
1337359824.41 -2.0
1337359824.42 -18.0
1337359824.42 15.0
1337359824.43 -20.0
1337359824.43 -36.0
1337359824.44 1.0
1337359824.44 -29.0
1337359824.45 -52.0
1337359824.47 -25.0
1337359824.47 -67.0
1337359824.47 -86.0
1337359824.47 -63.0
1337359824.47 -94.0
1337359824.48 -96.0
1337359824.49 -64.0
1337359824.49 -77.0
1337359824.49 -84.0
1337359824.5 -44.0
1337359824.5 -30.0
1337359824.51 -44.0
1337359824.51 -27.0
1337359824.52 -7.0
1337359824.53 -28.0
1337359824.53 -16.0
1337359824.53 6.0
1337359824.54 -17.0
1337359824.54 -22.0
1337359824.55 -3.0
1337359824.56 -6.0
1337359824.56 -12.0
1337359824.57 9.0
1337359824.57 -2.0
1337359824.57 -22.0
1337359824.58 -1.0
1337359824.58 -17.0
1337359824.59 -44.0
1337359824.59 -11.0
1337359824.6 -26.0
1337359824.6 -61.0
1337359824.61 -18.0
1337359824.61 -20.0
1337359824.64 -46.0
1337359824.64 -3.0
1337359824.64 11.0
1337359824.64 -18.0
1337359824.64 1.0
1337359824.65 4.0
1337359824.65 -18.0
1337359824.66 -15.0
1337359824.66 2.0
1337359824.66 -10.0
1337359824.67 -13.0
1337359824.67 16.0
1337359824.68 -4.0
1337359824.68 -3.0
1337359824.69 27.0
1337359824.7 2.0
1337359824.7 6.0
1337359824.71 39.0
1337359824.72 0.0
1337359824.72 -7.0
1337359824.73 29.0
1337359824.73 16.0
1337359824.74 16.0
1337359824.74 41.0
1337359824.74 38.0
1337359824.74 29.0
1337359824.75 50.0
1337359824.75 67.0
1337359824.76 50.0
1337359824.76 57.0
1337359824.77 72.0
1337359824.77 62.0
1337359824.78 81.0
1337359824.78 104.0
1337359824.79 88.0
1337359824.79 106.0
1337359824.81 123.0
1337359824.82 95.0
1337359824.82 103.0
1337359824.82 109.0
1337359824.82 61.0
1337359824.83 36.0
1337359824.83 37.0
1337359824.83 -14.0
1337359824.84 -52.0
1337359824.84 -42.0
1337359824.85 -76.0
1337359824.85 -116.0
1337359824.86 -100.0
1337359824.87 -125.0
1337359824.87 -167.0
1337359824.89 -149.0
1337359824.89 -169.0
1337359824.89 -195.0
1337359824.89 -167.0
1337359824.9 -179.0
1337359824.9 -197.0
1337359824.9 -171.0
1337359824.91 -183.0
1337359824.91 -206.0
1337359824.92 -173.0
1337359824.93 -180.0
1337359824.93 -212.0
1337359824.94 -197.0
1337359824.94 -195.0
1337359824.94 -218.0
1337359824.95 -213.0
1337359824.95 -193.0
1337359824.96 -209.0
1337359824.97 -215.0
1337359824.97 -198.0
1337359824.98 -221.0
1337359824.98 -237.0
1337359824.98 -213.0
1337359824.99 -223.0
1337359824.99 -214.0
1337359825.01 -179.0
1337359825.01 -195.0
1337359825.02 -179.0
1337359825.02 -148.0
1337359825.02 -159.0
1337359825.03 -148.0
1337359825.03 -105.0
1337359825.03 -96.0
1337359825.04 -93.0
1337359825.04 -58.0
1337359825.05 -34.0
1337359825.05 -38.0
1337359825.06 -6.0
1337359825.07 29.0
1337359825.07 7.0
1337359825.08 25.0
1337359825.08 46.0
1337359825.09 19.0
1337359825.09 31.0
1337359825.1 53.0
1337359825.1 39.0
1337359825.1 65.0
1337359825.11 94.0
1337359825.11 77.0
1337359825.12 96.0
1337359825.13 116.0
1337359825.13 91.0
1337359825.13 102.0
1337359825.14 138.0
1337359825.14 123.0
1337359825.15 130.0
1337359825.15 171.0
1337359825.16 161.0
1337359825.16 156.0
1337359825.17 187.0
1337359825.17 182.0
1337359825.18 165.0
1337359825.18 181.0
1337359825.19 162.0
1337359825.19 145.0
1337359825.2 151.0
1337359825.2 136.0
1337359825.21 127.0
1337359825.23 130.0
1337359825.23 119.0
1337359825.23 106.0
1337359825.23 118.0
1337359825.24 108.0
1337359825.24 88.0
1337359825.24 88.0
1337359825.25 85.0
1337359825.25 53.0
1337359825.26 29.0
1337359825.26 36.0
1337359825.27 10.0
1337359825.27 -15.0
1337359825.28 -2.0
1337359825.28 -22.0
1337359825.29 -65.0
1337359825.29 -58.0
1337359825.3 -81.0
1337359825.3 -124.0
1337359825.31 -113.0
1337359825.33 -139.0
1337359825.33 -168.0
1337359825.33 -159.0
1337359825.33 -189.0
1337359825.34 -229.0
1337359825.34 -218.0
1337359825.34 -246.0
1337359825.35 -285.0
1337359825.35 -267.0
1337359825.36 -277.0
1337359825.36 -312.0
1337359825.37 -309.0
1337359825.37 -311.0
1337359825.4 -340.0
1337359825.4 -351.0
1337359825.4 -351.0
1337359825.4 -377.0
1337359825.4 -399.0
1337359825.4 -391.0
1337359825.41 -400.0
1337359825.42 -415.0
1337359825.42 -405.0
1337359825.42 -412.0
1337359825.43 -421.0
1337359825.44 -403.0
1337359825.44 -402.0
1337359825.46 -406.0
1337359825.46 -375.0
1337359825.46 -372.0
1337359825.46 -390.0
1337359825.46 -362.0
1337359825.47 -364.0
1337359825.48 -391.0
1337359825.48 -372.0
1337359825.48 -357.0
1337359825.49 -375.0
1337359825.49 -359.0
1337359825.5 -332.0
1337359825.5 -345.0
1337359825.51 -341.0
1337359825.51 -315.0
1337359825.52 -332.0
1337359825.52 -339.0
1337359825.53 -306.0
1337359825.53 -311.0
1337359825.54 -306.0
1337359825.54 -273.0
1337359825.55 -289.0
1337359825.56 -290.0
1337359825.56 -268.0
1337359825.57 -296.0
1337359825.57 -310.0
1337359825.59 -288.0
1337359825.59 -311.0
1337359825.6 -335.0
1337359825.6 -325.0
1337359825.6 -341.0
1337359825.6 -370.0
1337359825.6 -352.0
1337359825.61 -340.0
1337359825.61 -369.0
1337359825.62 -366.0
1337359825.62 -364.0
1337359825.63 -390.0
1337359825.63 -378.0
1337359825.64 -364.0
1337359825.64 -364.0
1337359825.67 -336.0
1337359825.67 -319.0
1337359825.67 -302.0
1337359825.67 -277.0
1337359825.67 -264.0
1337359825.68 -254.0
1337359825.68 -243.0
1337359825.68 -204.0
1337359825.69 -187.0
1337359825.69 -187.0
1337359825.7 -152.0
1337359825.7 -138.0
1337359825.71 -145.0
1337359825.71 -118.0
1337359825.72 -93.0
1337359825.72 -109.0
1337359825.73 -87.0
1337359825.73 -59.0
1337359825.74 -68.0
1337359825.75 -55.0
1337359825.75 -42.0
1337359825.75 -47.0
1337359825.76 -39.0
1337359825.76 -37.0
1337359825.77 -54.0
1337359825.77 -58.0
1337359825.78 -58.0
1337359825.78 -71.0
1337359825.79 -73.0
1337359825.79 -57.0
1337359825.8 -70.0
1337359825.8 -83.0
1337359825.81 -70.0
1337359825.82 -81.0
1337359825.82 -111.0
1337359825.83 -103.0
1337359825.86 -98.0
1337359825.86 -125.0
1337359825.86 -106.0
1337359825.86 -111.0
1337359825.87 -131.0
1337359825.87 -115.0
1337359825.87 -125.0
1337359825.87 -121.0
1337359825.87 -103.0
1337359825.87 -104.0
1337359825.89 -90.0
1337359825.89 -69.0
1337359825.89 -71.0
1337359825.89 -63.0
1337359825.9 -50.0
1337359825.9 -32.0
1337359825.91 -16.0
1337359825.91 -6.0
1337359825.92 18.0
1337359825.92 30.0
1337359825.93 34.0
1337359825.93 62.0
1337359825.94 85.0
1337359825.94 81.0
1337359825.95 110.0
1337359825.95 130.0
1337359825.96 127.0
1337359825.96 162.0
1337359825.97 181.0
1337359825.97 171.0
1337359825.98 160.0
1337359825.98 68.0
1337359825.99 -76.0
1337359825.99 -212.0
1337359826.0 -422.0
1337359826.0 -658.0
1337359826.01 -885.0
1337359826.01 -1160.0
1337359826.02 -1462.0
1337359826.02 -1751.0
1337359826.03 -2086.0
1337359826.04 -2443.0
1337359826.04 -2786.0
1337359826.05 -3178.0
1337359826.05 -3526.0
1337359826.06 -3879.0
1337359826.06 -4277.0
1337359826.06 -4606.0
1337359826.07 -4964.0
1337359826.08 -5362.0
1337359826.08 -5669.0
1337359826.08 -6037.0
1337359826.09 -6408.0
1337359826.09 -6701.0
1337359826.11 -7068.0
1337359826.12 -7379.0
1337359826.12 -7635.0
1337359826.12 -7962.0
1337359826.12 -8243.0
1337359826.12 -8476.0
1337359826.13 -8778.0
1337359826.13 -9041.0
1337359826.14 -9245.0
1337359826.14 -9507.0
1337359826.15 -9732.0
1337359826.15 -9904.0
1337359826.16 -10105.0
1337359826.16 -10295.0
1337359826.17 -10438.0
1337359826.17 -10603.0
1337359826.18 -10795.0
1337359826.18 -10911.0
1337359826.19 -11055.0
1337359826.2 -11215.0
1337359826.21 -11296.0
1337359826.21 -11420.0
1337359826.22 -11570.0
1337359826.22 -11641.0
1337359826.22 -11736.0
1337359826.23 -11864.0
1337359826.23 -11895.0
1337359826.23 -11957.0
1337359826.24 -12068.0
1337359826.24 -12069.0
1337359826.25 -12124.0
1337359826.25 -12227.0
1337359826.28 -12223.0
1337359826.28 -12265.0
1337359826.28 -12338.0
1337359826.28 -12316.0
1337359826.28 -12351.0
1337359826.28 -12419.0
1337359826.29 -12400.0
1337359826.29 -12434.0
1337359826.3 -12469.0
1337359826.3 -12434.0
1337359826.31 -12453.0
1337359826.32 -12462.0
1337359826.32 -12417.0
1337359826.33 -12427.0
1337359826.33 -12423.0
1337359826.34 -12360.0
1337359826.34 -12362.0
1337359826.34 -12354.0
1337359826.35 -12309.0
1337359826.35 -12318.0
1337359826.36 -12279.0
1337359826.36 -12202.0
1337359826.37 -12101.0
1337359826.37 -11945.0
1337359826.38 -11756.0
1337359826.38 -11524.0
1337359826.39 -11270.0
1337359826.4 -10982.0
1337359826.4 -10663.0
1337359826.4 -10335.0
1337359826.41 -9970.0
1337359826.41 -9600.0
1337359826.42 -9218.0
1337359826.42 -8792.0
1337359826.44 -8404.0
1337359826.44 -8011.0
1337359826.44 -7571.0
1337359826.44 -7187.0
1337359826.45 -6788.0
1337359826.45 -6374.0
1337359826.46 -6003.0
1337359826.46 -5611.0
1337359826.47 -5219.0
1337359826.47 -4845.0
1337359826.48 -4479.0
1337359826.48 -4115.0
1337359826.49 -3792.0
1337359826.49 -3475.0
1337359826.5 -3141.0
1337359826.5 -2861.0
1337359826.51 -2573.0
1337359826.53 -2257.0
1337359826.53 -1996.0
1337359826.53 -1735.0
1337359826.53 -1460.0
1337359826.54 -1213.0
1337359826.54 -987.0
1337359826.54 -764.0
1337359826.56 -548.0
1337359826.56 -354.0
1337359826.56 -161.0
1337359826.57 40.0
1337359826.57 211.0
1337359826.57 390.0
1337359826.58 559.0
1337359826.58 696.0
1337359826.59 856.0
1337359826.59 986.0
1337359826.6 1101.0
1337359826.6 1223.0
1337359826.61 1317.0
1337359826.61 1419.0
1337359826.62 1516.0
1337359826.62 1594.0
1337359826.63 1695.0
1337359826.63 1773.0
1337359826.65 1824.0
1337359826.65 1896.0
1337359826.66 1969.0
1337359826.66 2000.0
1337359826.66 2059.0
1337359826.66 2124.0
1337359826.67 2145.0
1337359826.67 2195.0
1337359826.68 2259.0
1337359826.68 2279.0
1337359826.69 2331.0
1337359826.69 2385.0
1337359826.7 2376.0
1337359826.7 2404.0
1337359826.71 2436.0
1337359826.71 2411.0
1337359826.72 2425.0
1337359826.72 2443.0
1337359826.73 2414.0
1337359826.73 2418.0
1337359826.74 2424.0
1337359826.74 2407.0
1337359826.76 2412.0
1337359826.76 2419.0
1337359826.76 2422.0
1337359826.77 2456.0
1337359826.77 2457.0
1337359826.77 2457.0
1337359826.78 2474.0
1337359826.78 2468.0
1337359826.79 2468.0
1337359826.8 2483.0
1337359826.8 2477.0
1337359826.8 2474.0
1337359826.81 2482.0
1337359826.81 2450.0
1337359826.82 2441.0
1337359826.82 2446.0
1337359826.83 2401.0
1337359826.83 2390.0
1337359826.84 2394.0
1337359826.84 2343.0
1337359826.85 2331.0
1337359826.85 2321.0
1337359826.86 2292.0
1337359826.86 2284.0
1337359826.87 2247.0
1337359826.87 2216.0
1337359826.88 2203.0
1337359826.88 2167.0
1337359826.89 2162.0
1337359826.89 2163.0
1337359826.9 2122.0
1337359826.91 2128.0
1337359826.91 2115.0
1337359826.91 2078.0
1337359826.92 2083.0
1337359826.92 2053.0
1337359826.93 2014.0
1337359826.93 2045.0
1337359826.94 2026.0
1337359826.94 1976.0
1337359826.95 1993.0
1337359826.95 1966.0
1337359826.96 1918.0
1337359826.96 1934.0
1337359826.97 1918.0
1337359826.97 1880.0
1337359826.98 1894.0
1337359826.98 1868.0
1337359826.99 1846.0
1337359826.99 1867.0
1337359827.0 1838.0
1337359827.0 1832.0
1337359827.01 1854.0
1337359827.01 1814.0
1337359827.02 1806.0
1337359827.02 1810.0
1337359827.03 1767.0
1337359827.03 1760.0
1337359827.04 1737.0
1337359827.04 1692.0
1337359827.05 1696.0
1337359827.05 1673.0
1337359827.06 1630.0
1337359827.06 1637.0
1337359827.07 1609.0
1337359827.07 1566.0
1337359827.08 1567.0
1337359827.08 1557.0
1337359827.09 1520.0
1337359827.09 1502.0
1337359827.1 1485.0
1337359827.1 1454.0
1337359827.11 1436.0
1337359827.11 1432.0
1337359827.12 1414.0
1337359827.12 1402.0
1337359827.13 1380.0
1337359827.13 1354.0
1337359827.14 1326.0
1337359827.14 1291.0
1337359827.15 1269.0
1337359827.15 1216.0
1337359827.16 1190.0
1337359827.16 1176.0
1337359827.17 1106.0
1337359827.17 1073.0
1337359827.18 1071.0
1337359827.18 1005.0
1337359827.19 974.0
1337359827.19 974.0
1337359827.2 924.0
1337359827.2 899.0
1337359827.21 898.0
1337359827.22 863.0
1337359827.22 847.0
1337359827.22 849.0
1337359827.23 823.0
1337359827.23 813.0
1337359827.24 819.0
1337359827.24 798.0
1337359827.25 797.0
1337359827.25 821.0
1337359827.26 810.0
1337359827.26 809.0
1337359827.27 827.0
1337359827.27 825.0
1337359827.28 823.0
1337359827.28 832.0
1337359827.29 826.0
1337359827.3 841.0
1337359827.3 844.0
1337359827.3 833.0
1337359827.31 858.0
1337359827.31 865.0
1337359827.32 850.0
1337359827.32 876.0
1337359827.33 883.0
1337359827.33 854.0
1337359827.34 875.0
1337359827.34 866.0
1337359827.35 837.0
1337359827.35 864.0
1337359827.36 853.0
1337359827.36 851.0
1337359827.37 891.0
1337359827.37 871.0
1337359827.38 858.0
1337359827.38 886.0
1337359827.39 863.0
1337359827.39 854.0
1337359827.4 876.0
1337359827.4 861.0
1337359827.41 849.0
1337359827.41 852.0
1337359827.42 846.0
1337359827.42 834.0
1337359827.43 821.0
1337359827.43 819.0
1337359827.44 815.0
1337359827.44 798.0
1337359827.45 804.0
1337359827.45 792.0
1337359827.46 759.0
1337359827.46 774.0
1337359827.47 761.0
1337359827.47 745.0
1337359827.48 779.0
1337359827.48 756.0
1337359827.49 727.0
1337359827.49 765.0
1337359827.5 729.0
1337359827.5 694.0
1337359827.51 750.0
1337359827.51 722.0
1337359827.52 702.0
1337359827.52 761.0
1337359827.53 744.0
1337359827.53 723.0
1337359827.54 763.0
1337359827.54 733.0
1337359827.55 714.0
1337359827.55 743.0
1337359827.56 711.0
1337359827.56 706.0
1337359827.58 726.0
1337359827.58 693.0
1337359827.59 689.0
1337359827.59 695.0
1337359827.6 660.0
1337359827.6 654.0
1337359827.6 654.0
1337359827.6 642.0
1337359827.61 633.0
1337359827.61 616.0
1337359827.62 615.0
1337359827.64 601.0
1337359827.64 584.0
1337359827.64 570.0
1337359827.64 567.0
1337359827.65 545.0
1337359827.65 514.0
1337359827.65 515.0
1337359827.66 484.0
1337359827.66 440.0
1337359827.67 428.0
1337359827.67 398.0
1337359827.68 359.0
1337359827.68 354.0
1337359827.69 322.0
1337359827.69 290.0
1337359827.7 289.0
1337359827.7 254.0
1337359827.71 225.0
1337359827.71 229.0
1337359827.72 193.0
1337359827.72 163.0
1337359827.73 162.0
1337359827.73 139.0
1337359827.74 110.0
1337359827.76 90.0
1337359827.76 84.0
1337359827.76 52.0
1337359827.76 30.0
1337359827.77 40.0
1337359827.77 28.0
1337359827.77 5.0
1337359827.78 18.0
1337359827.78 9.0
1337359827.79 -18.0
1337359827.79 8.0
1337359827.8 0.0
1337359827.8 -21.0
1337359827.82 12.0
1337359827.82 -5.0
1337359827.83 -38.0
1337359827.83 10.0
1337359827.83 -5.0
1337359827.83 -49.0
1337359827.84 1.0
1337359827.84 -8.0
1337359827.85 -48.0
1337359827.85 -6.0
1337359827.86 -8.0
1337359827.86 -48.0
1337359827.87 -14.0
1337359827.87 -17.0
1337359827.88 -48.0
1337359827.88 -24.0
1337359827.89 -31.0
1337359827.91 -63.0
1337359827.91 -46.0
1337359827.91 -54.0
1337359827.91 -82.0
1337359827.91 -54.0
1337359827.92 -57.0
1337359827.93 -90.0
1337359827.93 -79.0
1337359827.93 -85.0
1337359827.95 -113.0
1337359827.95 -114.0
1337359827.95 -125.0
1337359827.95 -148.0
1337359827.96 -167.0
1337359827.96 -195.0
1337359827.97 -206.0
1337359827.97 -224.0
1337359827.98 -262.0
1337359827.98 -262.0
1337359827.99 -278.0
1337359827.99 -314.0
1337359828.0 -304.0
1337359828.0 -324.0
1337359828.01 -358.0
1337359828.01 -343.0
1337359828.02 -363.0
1337359828.02 -365.0
1337359828.03 -338.0
1337359828.03 -361.0
1337359828.04 -360.0
1337359828.04 -336.0
1337359828.05 -355.0
1337359828.05 -347.0
1337359828.06 -320.0
1337359828.06 -329.0
1337359828.07 -325.0
1337359828.07 -318.0
1337359828.08 -321.0
1337359828.08 -321.0
1337359828.09 -334.0
1337359828.09 -337.0
1337359828.1 -328.0
1337359828.1 -341.0
1337359828.11 -328.0
1337359828.12 -297.0
1337359828.12 -312.0
1337359828.12 -299.0
1337359828.13 -278.0
1337359828.14 -294.0
1337359828.14 -285.0
1337359828.14 -272.0
1337359828.15 -284.0
1337359828.15 -259.0
1337359828.16 -227.0
1337359828.16 -238.0
1337359828.17 -204.0
1337359828.17 -174.0
1337359828.18 -207.0
1337359828.18 -191.0
1337359828.19 -162.0
1337359828.19 -189.0
1337359828.2 -177.0
1337359828.2 -149.0
1337359828.22 -179.0
1337359828.22 -184.0
1337359828.22 -166.0
1337359828.22 -196.0
1337359828.23 -210.0
1337359828.23 -199.0
1337359828.24 -230.0
1337359828.24 -227.0
1337359828.25 -214.0
1337359828.25 -248.0
1337359828.27 -258.0
1337359828.27 -265.0
1337359828.27 -300.0
1337359828.27 -317.0
1337359828.28 -309.0
1337359828.28 -321.0
1337359828.29 -336.0
1337359828.29 -328.0
1337359828.3 -314.0
1337359828.3 -334.0
1337359828.31 -331.0
1337359828.31 -313.0
1337359828.32 -351.0
1337359828.32 -358.0
1337359828.33 -335.0
1337359828.33 -364.0
1337359828.34 -370.0
1337359828.34 -342.0
1337359828.35 -373.0
1337359828.35 -376.0
1337359828.36 -341.0
1337359828.36 -372.0
1337359828.37 -367.0
1337359828.38 -328.0
1337359828.38 -368.0
1337359828.38 -372.0
1337359828.39 -319.0
1337359828.39 -349.0
1337359828.4 -353.0
1337359828.4 -296.0
1337359828.41 -315.0
1337359828.41 -314.0
1337359828.42 -262.0
1337359828.42 -271.0
1337359828.43 -276.0
1337359828.43 -249.0
1337359828.44 -268.0
1337359828.44 -275.0
1337359828.45 -262.0
1337359828.45 -286.0
1337359828.46 -290.0
1337359828.47 -300.0
1337359828.47 -332.0
1337359828.47 -348.0
1337359828.48 -362.0
1337359828.48 -375.0
1337359828.49 -401.0
1337359828.49 -419.0
1337359828.5 -415.0
1337359828.5 -432.0
1337359828.51 -438.0
1337359828.51 -427.0
1337359828.52 -435.0
1337359828.52 -446.0
1337359828.53 -438.0
1337359828.53 -430.0
1337359828.54 -436.0
1337359828.56 -447.0
1337359828.56 -446.0
1337359828.56 -450.0
1337359828.57 -460.0
1337359828.57 -446.0
1337359828.57 -450.0
1337359828.57 -457.0
1337359828.58 -451.0
1337359828.58 -456.0
1337359828.59 -452.0
1337359828.59 -442.0
1337359828.6 -453.0
1337359828.6 -451.0
1337359828.61 -440.0
1337359828.61 -460.0
1337359828.62 -471.0
1337359828.62 -468.0
1337359828.63 -472.0
1337359828.63 -466.0
1337359828.64 -455.0
1337359828.64 -440.0
1337359828.65 -442.0
1337359828.65 -451.0
1337359828.65 -441.0
1337359828.66 -437.0
1337359828.67 -453.0
1337359828.67 -445.0
1337359828.68 -434.0
1337359828.68 -460.0
1337359828.69 -447.0
1337359828.69 -435.0
1337359828.7 -452.0
1337359828.7 -435.0
1337359828.71 -436.0
1337359828.71 -461.0
1337359828.72 -439.0
1337359828.72 -443.0
1337359828.72 -467.0
1337359828.73 -434.0
1337359828.74 -428.0
1337359828.74 -449.0
1337359828.74 -421.0
1337359828.75 -408.0
1337359828.76 -441.0
1337359828.76 -427.0
1337359828.77 -414.0
1337359828.77 -438.0
1337359828.79 -426.0
1337359828.79 -413.0
1337359828.79 -435.0
1337359828.79 -441.0
1337359828.79 -437.0
1337359828.8 -454.0
1337359828.83 -449.0
1337359828.83 -443.0
1337359828.83 -457.0
1337359828.83 -463.0
1337359828.83 -456.0
1337359828.83 -468.0
1337359828.84 -493.0
1337359828.84 -478.0
1337359828.85 -489.0
1337359828.85 -525.0
1337359828.86 -499.0
1337359828.86 -499.0
1337359828.87 -544.0
1337359828.87 -517.0
1337359828.88 -498.0
1337359828.88 -524.0
1337359828.89 -498.0
1337359828.9 -484.0
1337359828.9 -518.0
1337359828.9 -518.0
1337359828.91 -499.0
1337359828.91 -523.0
1337359828.92 -506.0
1337359828.92 -463.0
1337359828.93 -483.0
1337359828.93 -452.0
1337359828.94 -412.0
1337359828.94 -452.0
1337359828.95 -431.0
1337359828.95 -394.0
1337359828.96 -443.0
1337359828.96 -435.0
1337359828.97 -399.0
1337359828.97 -435.0
1337359828.98 -435.0
1337359828.98 -404.0
1337359828.99 -435.0
1337359828.99 -445.0
1337359829.0 -413.0
1337359829.0 -434.0
1337359829.02 -432.0
1337359829.02 -394.0
1337359829.02 -410.0
1337359829.02 -389.0
1337359829.03 -354.0
1337359829.03 -369.0
1337359829.04 -359.0
1337359829.04 -352.0
1337359829.05 -364.0
1337359829.05 -378.0
1337359829.06 -364.0
1337359829.07 -362.0
1337359829.07 -386.0
1337359829.07 -377.0
1337359829.08 -368.0
1337359829.08 -389.0
1337359829.09 -384.0
1337359829.09 -365.0
1337359829.1 -390.0
1337359829.1 -408.0
1337359829.11 -394.0
1337359829.11 -424.0
1337359829.12 -447.0
1337359829.12 -423.0
1337359829.13 -458.0
1337359829.13 -471.0
1337359829.14 -439.0
1337359829.14 -474.0
1337359829.14 -476.0
1337359829.15 -449.0
1337359829.17 -501.0
1337359829.17 -504.0
1337359829.17 -489.0
1337359829.18 -547.0
1337359829.18 -544.0
1337359829.18 -521.0
1337359829.19 -555.0
1337359829.19 -545.0
1337359829.19 -530.0
1337359829.2 -551.0
1337359829.2 -535.0
1337359829.21 -523.0
1337359829.22 -522.0
1337359829.22 -504.0
1337359829.23 -506.0
1337359829.23 -506.0
1337359829.24 -483.0
1337359829.24 -491.0
1337359829.24 -484.0
1337359829.25 -462.0
1337359829.25 -479.0
1337359829.26 -471.0
1337359829.27 -452.0
1337359829.27 -459.0
1337359829.28 -435.0
1337359829.28 -422.0
1337359829.29 -436.0
1337359829.29 -403.0
1337359829.29 -402.0
1337359829.3 -423.0
1337359829.31 -392.0
1337359829.32 -400.0
1337359829.33 -424.0
1337359829.33 -409.0
1337359829.33 -395.0
1337359829.34 -411.0
1337359829.34 -393.0
1337359829.34 -372.0
1337359829.35 -389.0
1337359829.35 -378.0
1337359829.36 -369.0
1337359829.36 -373.0
1337359829.37 -376.0
1337359829.37 -371.0
1337359829.38 -374.0
1337359829.38 -370.0
1337359829.38 -363.0
1337359829.39 -361.0
1337359829.39 -360.0
1337359829.4 -355.0
1337359829.41 -340.0
1337359829.41 -350.0
1337359829.42 -340.0
1337359829.42 -327.0
1337359829.43 -363.0
1337359829.43 -368.0
1337359829.44 -349.0
1337359829.44 -392.0
1337359829.45 -410.0
1337359829.45 -383.0
1337359829.46 -423.0
1337359829.46 -439.0
1337359829.47 -398.0
1337359829.49 -423.0
1337359829.49 -441.0
1337359829.49 -407.0
1337359829.49 -433.0
1337359829.49 -446.0
1337359829.5 -402.0
1337359829.51 -430.0
1337359829.51 -440.0
1337359829.52 -412.0
1337359829.52 -441.0
1337359829.53 -446.0
1337359829.53 -399.0
1337359829.54 -412.0
1337359829.54 -430.0
1337359829.54 -398.0
1337359829.54 -403.0
1337359829.55 -420.0
1337359829.57 -394.0
1337359829.57 -387.0
1337359829.57 -409.0
1337359829.57 -404.0
1337359829.58 -399.0
1337359829.58 -420.0
1337359829.59 -422.0
1337359829.59 -417.0
1337359829.59 -435.0
1337359829.6 -441.0
1337359829.6 -437.0
1337359829.61 -449.0
1337359829.61 -461.0
1337359829.62 -447.0
1337359829.63 -468.0
1337359829.63 -493.0
1337359829.64 -463.0
1337359829.64 -479.0
1337359829.65 -512.0
1337359829.65 -477.0
1337359829.66 -493.0
1337359829.66 -536.0
1337359829.66 -494.0
1337359829.69 -496.0
1337359829.69 -530.0
1337359829.69 -505.0
1337359829.69 -521.0
1337359829.69 -549.0
1337359829.7 -532.0
1337359829.7 -524.0
1337359829.7 -542.0
1337359829.71 -529.0
1337359829.71 -523.0
1337359829.72 -551.0
1337359829.72 -526.0
1337359829.73 -504.0
1337359829.74 -527.0
1337359829.74 -500.0
1337359829.75 -475.0
1337359829.75 -516.0
1337359829.76 -507.0
1337359829.76 -471.0
1337359829.77 -492.0
1337359829.77 -480.0
1337359829.78 -445.0
1337359829.78 -459.0
1337359829.79 -446.0
1337359829.79 -404.0
1337359829.8 -400.0
1337359829.8 -382.0
1337359829.8 -356.0
1337359829.81 -363.0
1337359829.82 -346.0
1337359829.82 -329.0
1337359829.83 -325.0
1337359829.83 -314.0
1337359829.84 -296.0
1337359829.84 -296.0
1337359829.84 -313.0
1337359829.85 -300.0
1337359829.86 -298.0
1337359829.86 -320.0
1337359829.87 -316.0
1337359829.87 -316.0
1337359829.87 -339.0
1337359829.88 -336.0
1337359829.88 -330.0
1337359829.89 -343.0
1337359829.89 -356.0
1337359829.9 -353.0
1337359829.91 -350.0
1337359829.91 -359.0
1337359829.91 -342.0
1337359829.92 -338.0
1337359829.92 -344.0
1337359829.93 -327.0
1337359829.95 -341.0
1337359829.95 -352.0
1337359829.95 -349.0
1337359829.95 -372.0
1337359829.95 -376.0
1337359829.96 -369.0
1337359829.97 -381.0
1337359829.97 -388.0
1337359829.97 -380.0
1337359829.99 -390.0
1337359830.0 -411.0
1337359830.0 -420.0
1337359830.0 -427.0
1337359830.01 -439.0
1337359830.01 -457.0
1337359830.01 -450.0
1337359830.01 -462.0
1337359830.02 -488.0
1337359830.03 -482.0
1337359830.03 -488.0
1337359830.03 -512.0
1337359830.04 -505.0
1337359830.05 -513.0
1337359830.05 -540.0
1337359830.06 -546.0
1337359830.06 -564.0
1337359830.06 -590.0
1337359830.07 -602.0
1337359830.07 -610.0
1337359830.08 -634.0
1337359830.09 -628.0
1337359830.09 -620.0
1337359830.09 -652.0
1337359830.11 -650.0
1337359830.11 -623.0
1337359830.11 -644.0
1337359830.12 -633.0
1337359830.12 -588.0
1337359830.13 -600.0
1337359830.13 -592.0
1337359830.13 -542.0
1337359830.14 -538.0
1337359830.14 -535.0
1337359830.15 -481.0
1337359830.16 -462.0
1337359830.16 -462.0
1337359830.17 -414.0
1337359830.17 -423.0
1337359830.17 -438.0
1337359830.18 -403.0
1337359830.19 -421.0
1337359830.2 -430.0
1337359830.2 -392.0
1337359830.2 -415.0
1337359830.21 -442.0
1337359830.21 -409.0
1337359830.22 -415.0
1337359830.22 -434.0
1337359830.22 -399.0
1337359830.23 -388.0
1337359830.23 -405.0
1337359830.24 -378.0
1337359830.25 -364.0
1337359830.25 -384.0
1337359830.26 -367.0
1337359830.26 -345.0
1337359830.27 -353.0
1337359830.28 -337.0
1337359830.28 -323.0
1337359830.28 -340.0
1337359830.29 -317.0
1337359830.29 -293.0
1337359830.3 -313.0
1337359830.3 -295.0
1337359830.3 -265.0
1337359830.31 -283.0
1337359830.32 -279.0
1337359830.34 -246.0
1337359830.34 -272.0
1337359830.34 -286.0
1337359830.34 -255.0
1337359830.34 -276.0
1337359830.35 -295.0
1337359830.35 -265.0
1337359830.35 -265.0
1337359830.36 -275.0
1337359830.37 -241.0
1337359830.37 -245.0
1337359830.37 -276.0
1337359830.38 -259.0
1337359830.38 -273.0
1337359830.39 -310.0
1337359830.39 -274.0
1337359830.4 -282.0
1337359830.41 -323.0
1337359830.41 -278.0
1337359830.41 -287.0
1337359830.42 -334.0
1337359830.42 -294.0
1337359830.43 -297.0
1337359830.44 -339.0
1337359830.44 -289.0
1337359830.45 -273.0
1337359830.45 -296.0
1337359830.46 -258.0
1337359830.46 -255.0
1337359830.46 -285.0
1337359830.47 -271.0
1337359830.47 -266.0
1337359830.48 -287.0
1337359830.48 -266.0
1337359830.5 -256.0
1337359830.5 -285.0
1337359830.5 -269.0
1337359830.51 -253.0
1337359830.51 -287.0
1337359830.51 -271.0
1337359830.52 -248.0
1337359830.52 -293.0
1337359830.53 -283.0
1337359830.53 -249.0
1337359830.54 -277.0
1337359830.54 -270.0
1337359830.55 -243.0
1337359830.55 -268.0
1337359830.56 -272.0
1337359830.56 -252.0
1337359830.58 -272.0
1337359830.58 -274.0
1337359830.58 -242.0
1337359830.58 -256.0
1337359830.59 -245.0
1337359830.6 -214.0
1337359830.6 -241.0
1337359830.6 -233.0
1337359830.61 -207.0
1337359830.61 -240.0
1337359830.62 -255.0
1337359830.63 -245.0
1337359830.63 -264.0
1337359830.64 -277.0
1337359830.66 -264.0
1337359830.66 -263.0
1337359830.66 -269.0
1337359830.66 -266.0
1337359830.66 -260.0
1337359830.67 -265.0
1337359830.67 -268.0
1337359830.67 -251.0
1337359830.68 -250.0
1337359830.69 -254.0
1337359830.69 -241.0
1337359830.69 -254.0
1337359830.7 -249.0
1337359830.7 -232.0
1337359830.71 -253.0
1337359830.71 -249.0
1337359830.72 -229.0
1337359830.72 -245.0
1337359830.73 -242.0
1337359830.75 -216.0
1337359830.75 -223.0
1337359830.75 -226.0
1337359830.75 -205.0
1337359830.76 -197.0
1337359830.76 -213.0
1337359830.76 -186.0
1337359830.77 -175.0
1337359830.77 -185.0
1337359830.78 -164.0
1337359830.78 -170.0
1337359830.79 -169.0
1337359830.79 -155.0
1337359830.8 -151.0
1337359830.8 -150.0
1337359830.81 -140.0
1337359830.82 -135.0
1337359830.82 -153.0
1337359830.83 -144.0
1337359830.83 -143.0
1337359830.84 -174.0
1337359830.85 -169.0
1337359830.85 -161.0
1337359830.85 -192.0
1337359830.86 -190.0
1337359830.86 -183.0
1337359830.86 -206.0
1337359830.87 -213.0
1337359830.88 -217.0
1337359830.88 -241.0
1337359830.88 -266.0
1337359830.89 -272.0
1337359830.89 -292.0
1337359830.91 -308.0
1337359830.91 -311.0
1337359830.91 -334.0
1337359830.92 -353.0
1337359830.92 -353.0
1337359830.93 -379.0
1337359830.93 -403.0
1337359830.93 -388.0
1337359830.94 -412.0
1337359830.94 -443.0
1337359830.95 -431.0
1337359830.95 -454.0
1337359830.96 -497.0
1337359830.97 -490.0
1337359830.99 -494.0
1337359830.99 -524.0
1337359831.0 -512.0
1337359831.0 -507.0
1337359831.0 -545.0
1337359831.0 -548.0
1337359831.0 -539.0
1337359831.01 -562.0
1337359831.01 -556.0
1337359831.02 -536.0
1337359831.02 -564.0
1337359831.02 -558.0
1337359831.03 -539.0
1337359831.03 -576.0
1337359831.04 -566.0
1337359831.04 -542.0
1337359831.05 -580.0
1337359831.05 -588.0
1337359831.06 -558.0
1337359831.06 -598.0
1337359831.07 -615.0
1337359831.07 -579.0
1337359831.08 -614.0
1337359831.08 -629.0
1337359831.09 -596.0
1337359831.09 -619.0
1337359831.1 -636.0
1337359831.12 -616.0
1337359831.12 -645.0
1337359831.12 -670.0
1337359831.13 -659.0
1337359831.13 -692.0
1337359831.13 -713.0
1337359831.14 -697.0
1337359831.14 -732.0
1337359831.14 -752.0
1337359831.15 -726.0
1337359831.16 -755.0
1337359831.16 -768.0
1337359831.16 -738.0
1337359831.17 -752.0
1337359831.17 -770.0
1337359831.18 -757.0
1337359831.2 -762.0
1337359831.2 -784.0
1337359831.2 -769.0
1337359831.21 -766.0
1337359831.21 -788.0
1337359831.22 -781.0
1337359831.22 -786.0
1337359831.22 -797.0
1337359831.22 -795.0
1337359831.23 -787.0
1337359831.23 -795.0
1337359831.24 -795.0
1337359831.24 -779.0
1337359831.25 -803.0
1337359831.27 -811.0
1337359831.27 -798.0
1337359831.27 -829.0
1337359831.27 -844.0
1337359831.28 -807.0
1337359831.28 -820.0
1337359831.28 -819.0
1337359831.29 -767.0
1337359831.29 -770.0
1337359831.3 -789.0
1337359831.3 -756.0
1337359831.31 -764.0
1337359831.31 -793.0
1337359831.32 -745.0
1337359831.33 -744.0
1337359831.33 -764.0
1337359831.34 -732.0
1337359831.34 -757.0
1337359831.35 -782.0
1337359831.35 -763.0
1337359831.37 -779.0
1337359831.37 -796.0
1337359831.37 -770.0
1337359831.37 -769.0
1337359831.38 -778.0
1337359831.38 -747.0
1337359831.39 -748.0
1337359831.39 -778.0
1337359831.39 -774.0
1337359831.4 -779.0
1337359831.41 -814.0
1337359831.41 -831.0
1337359831.42 -836.0
1337359831.42 -866.0
1337359831.42 -891.0
1337359831.43 -887.0
1337359831.43 -905.0
1337359831.44 -921.0
1337359831.44 -908.0
1337359831.45 -896.0
1337359831.45 -904.0
1337359831.46 -894.0
1337359831.46 -890.0
1337359831.47 -920.0
1337359831.47 -934.0
1337359831.48 -930.0
1337359831.48 -960.0
1337359831.49 -962.0
1337359831.49 -944.0
1337359831.5 -987.0
1337359831.52 -989.0
1337359831.52 -962.0
1337359831.52 -1003.0
1337359831.53 -1005.0
1337359831.53 -962.0
1337359831.53 -993.0
1337359831.53 -990.0
1337359831.54 -932.0
1337359831.54 -951.0
1337359831.55 -960.0
1337359831.56 -915.0
1337359831.56 -923.0
1337359831.56 -932.0
1337359831.57 -886.0
1337359831.57 -887.0
1337359831.58 -903.0
1337359831.58 -866.0
1337359831.59 -873.0
1337359831.59 -873.0
1337359831.6 -844.0
1337359831.61 -850.0
1337359831.61 -849.0
1337359831.61 -827.0
1337359831.62 -824.0
1337359831.62 -830.0
1337359831.63 -808.0
1337359831.63 -783.0
1337359831.64 -774.0
1337359831.65 -756.0
1337359831.65 -716.0
1337359831.66 -716.0
1337359831.66 -715.0
1337359831.67 -666.0
1337359831.67 -656.0
1337359831.67 -649.0
1337359831.68 -591.0
1337359831.68 -562.0
1337359831.69 -565.0
1337359831.7 -508.0
1337359831.72 -482.0
1337359831.72 -492.0
1337359831.72 -427.0
1337359831.72 -409.0
1337359831.72 -418.0
1337359831.73 -368.0
1337359831.73 -365.0
1337359831.73 -383.0
1337359831.74 -336.0
1337359831.74 -326.0
1337359831.75 -342.0
1337359831.75 -292.0
1337359831.76 -278.0
1337359831.77 -295.0
1337359831.77 -257.0
1337359831.77 -230.0
1337359831.78 -241.0
1337359831.78 -216.0
1337359831.79 -170.0
1337359831.8 -175.0
1337359831.81 -158.0
1337359831.81 -110.0
1337359831.81 -117.0
1337359831.81 -100.0
1337359831.82 -58.0
1337359831.82 -62.0
1337359831.83 -47.0
1337359831.83 -21.0
1337359831.84 -22.0
1337359831.84 0.0
1337359831.85 21.0
1337359831.85 41.0
1337359831.86 54.0
1337359831.86 69.0
1337359831.87 93.0
1337359831.88 83.0
1337359831.88 111.0
1337359831.88 137.0
1337359831.89 119.0
1337359831.89 130.0
1337359831.91 164.0
1337359831.91 147.0
1337359831.91 160.0
1337359831.91 205.0
1337359831.92 175.0
1337359831.92 174.0
1337359831.93 203.0
1337359831.94 190.0
1337359831.94 196.0
1337359831.94 229.0
1337359831.95 220.0
1337359831.95 212.0
1337359831.96 237.0
1337359831.96 224.0
1337359831.97 232.0
1337359831.98 258.0
1337359831.99 237.0
1337359831.99 243.0
1337359831.99 250.0
1337359831.99 218.0
1337359832.0 221.0
1337359832.01 224.0
1337359832.01 208.0
1337359832.01 212.0
1337359832.02 206.0
1337359832.02 205.0
1337359832.03 213.0
1337359832.03 207.0
1337359832.04 216.0
1337359832.04 227.0
1337359832.05 219.0
1337359832.05 225.0
1337359832.06 248.0
1337359832.06 240.0
1337359832.08 238.0
1337359832.08 269.0
1337359832.08 261.0
1337359832.09 256.0
1337359832.09 289.0
1337359832.09 280.0
1337359832.1 277.0
1337359832.1 302.0
1337359832.11 290.0
1337359832.11 289.0
1337359832.12 297.0
1337359832.12 273.0
1337359832.13 262.0
1337359832.13 259.0
1337359832.14 233.0
1337359832.14 222.0
1337359832.15 218.0
1337359832.15 198.0
1337359832.16 185.0
1337359832.16 175.0
1337359832.17 155.0
1337359832.17 130.0
1337359832.18 106.0
1337359832.18 104.0
1337359832.19 91.0
1337359832.19 63.0
1337359832.2 78.0
1337359832.2 71.0
1337359832.21 30.0
1337359832.22 59.0
1337359832.23 57.0
1337359832.23 10.0
1337359832.23 52.0
1337359832.24 46.0
1337359832.24 23.0
1337359832.24 71.0
1337359832.25 62.0
1337359832.25 48.0
1337359832.26 77.0
1337359832.26 80.0
1337359832.27 73.0
1337359832.27 114.0
1337359832.28 130.0
1337359832.29 108.0
1337359832.29 143.0
1337359832.29 166.0
1337359832.31 143.0
1337359832.33 175.0
1337359832.33 213.0
1337359832.33 202.0
1337359832.33 222.0
1337359832.34 257.0
1337359832.35 252.0
1337359832.35 264.0
1337359832.35 306.0
1337359832.36 317.0
1337359832.36 321.0
1337359832.36 335.0
1337359832.36 342.0
1337359832.36 327.0
1337359832.37 330.0
1337359832.37 340.0
1337359832.38 308.0
1337359832.38 309.0
1337359832.39 313.0
1337359832.39 271.0
1337359832.4 273.0
1337359832.4 288.0
1337359832.41 248.0
1337359832.41 245.0
1337359832.42 268.0
1337359832.42 217.0
1337359832.43 209.0
1337359832.45 250.0
1337359832.45 210.0
1337359832.45 205.0
1337359832.45 237.0
1337359832.45 211.0
1337359832.46 200.0
1337359832.46 214.0
1337359832.47 191.0
1337359832.47 176.0
1337359832.48 190.0
1337359832.48 171.0
1337359832.49 172.0
1337359832.5 174.0
1337359832.5 160.0
1337359832.5 166.0
1337359832.51 167.0
1337359832.52 157.0
1337359832.52 152.0
1337359832.53 152.0
1337359832.53 142.0
1337359832.53 137.0
1337359832.54 129.0
1337359832.54 126.0
1337359832.55 127.0
1337359832.55 114.0
1337359832.56 116.0
1337359832.56 128.0
1337359832.57 116.0
1337359832.57 123.0
1337359832.58 158.0
1337359832.58 143.0
1337359832.59 149.0
1337359832.59 184.0
1337359832.6 160.0
1337359832.61 173.0
1337359832.61 191.0
1337359832.62 170.0
1337359832.62 175.0
1337359832.63 161.0
1337359832.63 137.0
1337359832.63 140.0
1337359832.64 126.0
1337359832.65 110.0
1337359832.65 118.0
1337359832.66 99.0
1337359832.66 79.0
1337359832.66 87.0
1337359832.67 70.0
1337359832.67 48.0
1337359832.68 57.0
1337359832.68 37.0
1337359832.69 27.0
1337359832.69 38.0
1337359832.7 13.0
1337359832.7 20.0
1337359832.71 39.0
1337359832.71 14.0
1337359832.72 26.0
1337359832.73 43.0
1337359832.73 14.0
1337359832.73 17.0
1337359832.74 38.0
1337359832.74 9.0
1337359832.75 0.0
1337359832.76 20.0
1337359832.76 2.0
1337359832.76 -12.0
1337359832.77 -15.0
1337359832.77 -41.0
1337359832.78 -67.0
1337359832.78 -77.0
1337359832.79 -84.0
1337359832.79 -97.0
1337359832.8 -115.0
1337359832.8 -122.0
1337359832.81 -136.0
1337359832.81 -155.0
1337359832.82 -163.0
1337359832.82 -194.0
1337359832.85 -230.0
1337359832.85 -238.0
1337359832.85 -263.0
1337359832.85 -297.0
1337359833.52 -542.0
1337359833.52 -566.0
1337359833.53 -558.0
1337359833.53 -539.0
1337359833.53 -557.0
1337359833.53 -547.0
1337359833.53 -526.0
1337359833.53 -519.0
1337359833.54 -513.0
1337359833.54 -492.0
1337359833.57 -483.0
1337359833.57 -488.0
1337359833.57 -473.0
1337359833.58 -464.0
1337359833.58 -464.0
1337359833.58 -455.0
1337359833.58 -456.0
1337359833.58 -474.0
1337359833.58 -465.0
1337359833.58 -465.0
1337359833.59 -478.0
1337359833.59 -466.0
1337359833.59 -483.0
1337359833.62 -513.0
1337359833.62 -518.0
1337359833.62 -531.0
1337359833.62 -563.0
1337359833.63 -567.0
1337359833.63 -577.0
1337359833.63 -606.0
1337359833.63 -609.0
1337359833.63 -625.0
1337359833.63 -635.0
1337359834.57 -133.0
1337359834.57 -122.0
1337359834.57 -137.0
1337359834.57 -140.0
1337359834.57 -115.0
1337359834.57 -131.0
1337359834.58 -138.0
1337359834.58 -93.0
1337359834.58 -113.0
1337359834.58 -128.0
1337359834.59 -91.0
1337359834.59 -109.0
1337359834.59 -126.0
1337359834.59 -83.0
1337359834.6 -98.0
1337359834.6 -121.0
1337359834.6 -87.0
1337359834.6 -107.0
1337359834.61 -116.0
1337359834.61 -91.0
1337359834.61 -116.0
1337359834.62 -127.0
1337359834.62 -105.0
1337359834.62 -120.0
1337359834.62 -124.0
1337359834.62 -104.0
1337359834.63 -119.0
1337359834.63 -116.0
1337359834.63 -101.0
1337359834.63 -112.0
1337359834.63 -100.0
1337359834.63 -98.0
1337359834.64 -94.0
1337359834.64 -61.0
1337359834.64 -63.0
1337359834.64 -49.0
1337359834.64 -13.0
1337359834.64 -25.0
1337359834.65 -15.0
1337359834.65 30.0
1337359834.65 19.0
1337359834.65 36.0
1337359834.65 84.0
1337359834.65 75.0
1337359834.66 97.0
1337359834.66 127.0
1337359834.66 121.0
1337359834.66 144.0
1337359834.67 166.0
1337359834.67 168.0
1337359834.67 195.0
1337359834.68 204.0
1337359834.68 203.0
1337359834.8 238.0
1337359834.8 -310.0
1337359834.8 -315.0
1337359834.8 -319.0
1337359834.8 -343.0
1337359834.8 -354.0
1337359834.81 -352.0
1337359834.81 -368.0
1337359834.82 -379.0
1337359834.82 -375.0
1337359834.82 -384.0
1337359834.82 -380.0
1337359834.82 -377.0
1337359834.82 -366.0
1337359834.82 -368.0
1337359834.83 -381.0
1337359834.83 -378.0
1337359834.83 -383.0
1337359834.83 -391.0
1337359834.83 -384.0
1337359834.83 -359.0
1337359834.87 -364.0
1337359834.87 -352.0
1337359834.87 -325.0
1337359834.87 -316.0
1337359834.87 -309.0
1337359834.87 -292.0
1337359834.87 -286.0
1337359834.88 -299.0
1337359834.89 -277.0
1337359834.89 -277.0
1337359834.89 -290.0
1337359834.89 -275.0
1337359834.89 -283.0
1337359834.89 -287.0
1337359834.9 -253.0
1337359834.9 -239.0
1337359834.9 -241.0
1337359834.9 -198.0
1337359834.9 -187.0
1337359834.91 -195.0
1337359834.91 -163.0
1337359834.92 -139.0
1337359834.92 -145.0
1337359834.92 -136.0
1337359834.92 -110.0
1337359834.92 -118.0
1337359834.93 -127.0
1337359834.93 -96.0
1337359834.93 -97.0
1337359834.93 -129.0
1337359834.93 -109.0
1337359834.95 -124.0
1337359834.95 -159.0
1337359834.95 -125.0
1337359834.95 -137.0
1337359834.95 -151.0
1337359834.95 -137.0
1337359834.96 -164.0
1337359834.96 -182.0
1337359834.96 -174.0
1337359834.96 -178.0
1337359834.97 -190.0
1337359834.99 -177.0
1337359834.99 -156.0
1337359834.99 -161.0
1337359835.0 -156.0
1337359835.0 -121.0
1337359835.0 -141.0
1337359835.0 -161.0
1337359835.0 -143.0
1337359835.0 -179.0
1337359835.0 -206.0
1337359835.0 -190.0
1337359835.09 -216.0
1337359835.09 -209.0
1337359835.09 -221.0
1337359835.09 -260.0
1337359835.1 -272.0
1337359835.1 -290.0
1337359835.1 -331.0
1337359835.1 -344.0
1337359835.1 -355.0
1337359835.1 -394.0
1337359835.18 -447.0
1337359835.18 -456.0
1337359835.19 -487.0
1337359835.19 -498.0
1337359835.19 -485.0
1337359835.23 -501.0
1337359835.23 -485.0
1337359835.25 -501.0
1337359835.25 -499.0
1337359835.25 -491.0
1337359835.26 -513.0
1337359835.26 -512.0
1337359835.26 -507.0
1337359835.26 -518.0
1337359835.32 -498.0
1337359835.32 -488.0
1337359835.32 -478.0
1337359835.32 -479.0
1337359835.32 -462.0
1337359835.33 -472.0
1337359835.43 -476.0
1337359835.44 -474.0
1337359835.44 -476.0
1337359835.44 -482.0
1337359835.54 -524.0
1337359835.55 -531.0
1337359835.55 -548.0
1337359835.55 -574.0
1337359835.55 -573.0
1337359835.55 -584.0
1337359835.55 -610.0
1337359835.55 -620.0
1337359835.56 -625.0
1337359835.56 -660.0
1337359835.56 -679.0
1337359835.56 -661.0
1337359835.56 -670.0
1337359835.56 -683.0
1337359835.56 -667.0
1337359835.56 -681.0
1337359835.56 -707.0
1337359835.56 -687.0
1337359835.56 -684.0
1337359835.56 -696.0
1337359835.56 -677.0
1337359835.56 -679.0
1337359835.56 -688.0
1337359835.56 -677.0
1337359835.57 -666.0
1337359835.57 -679.0
1337359835.57 -678.0
1337359835.57 -662.0
1337359835.57 -689.0
1337359835.58 -678.0
1337359835.58 -717.0
1337359835.58 -730.0
1337359835.58 -711.0
1337359835.58 -744.0
1337359835.64 -744.0
1337359835.64 -779.0
1337359835.64 -803.0
1337359835.64 -770.0
1337359835.64 -780.0
1337359835.64 -796.0
1337359835.65 -774.0
1337359835.65 -779.0
1337359835.68 -798.0
1337359835.69 -792.0
1337359835.76 -799.0
1337359835.76 -792.0
1337359835.77 -808.0
1337359835.77 -820.0
1337359835.77 -794.0
1337359835.77 -800.0
1337359835.77 -801.0
1337359835.77 -767.0
1337359835.77 -784.0
1337359835.77 -783.0
1337359835.77 -753.0
1337359835.77 -771.0
1337359835.77 -778.0
1337359835.78 -755.0
1337359835.78 -759.0
1337359835.78 -771.0
1337359835.78 -732.0
1337359835.78 -719.0
1337359835.78 -726.0
1337359835.78 -690.0
1337359835.78 -673.0
1337359835.78 -676.0
1337359835.78 -646.0
1337359835.78 -603.0
1337359835.78 -569.0
1337359835.78 -593.0
1337359835.78 -588.0
1337359835.78 -571.0
1337359835.78 -599.0
1337359835.78 -617.0
1337359835.78 -605.0
1337359835.78 -635.0
1337359835.78 -650.0
1337359835.78 -625.0
1337359835.79 -653.0
1337359835.79 -663.0
1337359835.79 -647.0
1337359835.79 -666.0
1337359835.79 -669.0
1337359835.79 -644.0
1337359835.79 -644.0
1337359835.79 -654.0
1337359835.79 -620.0
1337359835.79 -612.0
1337359835.79 -632.0
1337359835.79 -608.0
1337359835.79 -593.0
1337359835.79 -614.0
1337359835.79 -597.0
1337359835.79 -583.0
1337359835.79 -609.0
1337359835.79 -598.0
1337359835.8 -593.0
1337359835.8 -608.0
1337359835.8 -593.0
1337359835.8 -593.0
1337359835.8 -588.0
1337359835.8 -575.0
1337359835.8 -581.0
1337359835.8 -575.0
1337359835.8 -567.0
1337359835.8 -572.0
1337359835.8 -558.0
1337359835.8 -544.0
1337359835.8 -537.0
1337359835.8 -508.0
1337359835.8 -499.0
1337359835.8 -482.0
1337359835.8 -453.0
1337359835.8 -452.0
1337359835.8 -431.0
1337359835.8 -410.0
1337359835.8 -407.0
1337359835.81 -388.0
1337359835.81 -374.0
1337359835.88 -377.0
1337359835.88 -373.0
1337359835.88 -368.0
1337359835.89 -361.0
1337359835.89 -363.0
1337359835.89 -371.0
1337359835.89 -362.0
1337359835.89 -363.0
1337359835.9 -368.0
1337359835.9 -347.0
1337359835.9 -334.0
1337359835.9 -351.0
1337359835.9 -337.0
1337359835.9 -321.0
1337359835.9 -332.0
1337359835.9 -314.0
1337359835.9 -305.0
1337359835.95 -320.0
1337359835.95 -312.0
1337359835.95 -290.0
1337359835.95 -290.0
1337359835.95 -278.0
1337359835.95 -247.0
1337359835.95 -253.0
1337359835.95 -228.0
1337359835.95 -188.0
1337359835.96 -203.0
1337359835.96 -186.0
1337359835.96 -150.0
1337359835.96 -162.0
1337359835.96 -153.0
1337359836.0 -112.0
1337359836.0 -120.0
1337359836.0 -117.0
1337359836.0 -77.0
1337359836.0 -78.0
1337359836.0 -90.0
1337359836.0 -58.0
1337359836.01 -46.0
1337359836.02 -61.0
1337359836.02 -35.0
1337359836.02 -50.0
1337359836.02 -36.0
1337359836.12 -24.0
1337359836.12 -28.0
1337359836.12 -24.0
1337359836.13 -7.0
1337359836.13 -23.0
1337359836.13 -18.0
1337359836.13 8.0
1337359836.13 -8.0
1337359836.13 -4.0
1337359836.13 27.0
1337359836.13 -1.0
1337359836.13 -14.0
1337359836.14 30.0
1337359836.14 12.0
1337359836.14 2.0
1337359836.14 49.0
1337359836.14 39.0
1337359836.14 5.0
1337359836.14 33.0
1337359836.14 15.0
1337359836.14 -30.0
1337359836.18 -13.0
1337359836.18 -42.0
1337359836.18 -84.0
1337359836.19 -87.0
1337359836.19 -124.0
1337359836.19 -168.0
1337359836.19 -185.0
1337359836.19 -217.0
1337359836.19 -262.0
1337359836.2 -273.0
1337359836.2 -285.0
1337359836.2 -313.0
1337359836.25 -312.0
1337359836.26 -284.0
1337359836.26 -291.0
1337359836.26 -296.0
1337359836.26 -252.0
1337359836.26 -267.0
1337359836.26 -276.0
1337359836.26 -228.0
1337359836.26 -227.0
1337359836.26 -221.0
1337359836.26 -164.0
1337359836.26 -147.0
1337359836.26 -137.0
1337359836.27 -86.0
1337359836.27 -63.0
1337359836.27 -52.0
1337359836.27 -10.0
1337359836.28 10.0
1337359836.37 12.0
1337359836.37 47.0
1337359836.37 74.0
1337359836.38 74.0
1337359836.38 113.0
1337359836.38 148.0
1337359836.38 144.0
1337359836.38 175.0
1337359836.38 207.0
1337359836.38 187.0
1337359836.38 201.0
1337359836.38 235.0
1337359836.38 201.0
1337359836.38 202.0
1337359836.38 225.0
1337359836.38 197.0
1337359836.38 194.0
1337359836.38 208.0
1337359836.38 202.0
1337359836.39 195.0
1337359836.39 212.0
1337359836.39 212.0
1337359836.45 209.0
1337359836.45 223.0
1337359836.45 216.0
1337359836.45 207.0
1337359836.45 202.0
1337359836.46 179.0
1337359836.46 149.0
1337359836.46 132.0
1337359836.46 103.0
1337359836.46 70.0
1337359836.46 53.0
1337359836.46 49.0
1337359836.47 10.0
1337359836.47 -21.0
1337359836.47 -19.0
1337359836.47 -61.0
1337359836.47 -88.0
1337359836.52 -94.0
1337359836.52 -123.0
1337359836.52 -151.0
1337359836.53 -155.0
1337359836.53 -170.0
1337359836.53 -199.0
1337359836.53 -199.0
1337359836.53 -207.0
1337359836.53 -225.0
1337359836.53 -226.0
1337359836.54 -257.0
1337359836.54 -291.0
1337359836.54 -293.0
1337359836.54 -326.0
1337359836.59 -348.0
1337359836.6 -347.0
1337359836.6 -380.0
1337359836.6 -401.0
1337359836.6 -412.0
1337359836.6 -429.0
1337359836.6 -446.0
1337359836.6 -453.0
1337359836.6 -451.0
1337359836.61 -461.0
1337359836.61 -474.0
1337359836.61 -478.0
1337359836.66 -488.0
1337359836.66 -509.0
1337359836.66 -499.0
1337359836.66 -498.0
1337359836.67 -500.0
1337359836.67 -485.0
1337359836.67 -492.0
1337359836.67 -490.0
1337359836.67 -479.0
1337359836.67 -475.0
1337359836.67 -464.0
1337359836.67 -447.0
1337359836.68 -452.0
1337359836.68 -455.0
1337359836.73 -422.0
1337359836.74 -422.0
1337359836.74 -417.0
1337359836.74 -386.0
1337359836.74 -383.0
1337359836.74 -378.0
1337359836.74 -343.0
1337359836.74 -327.0
1337359836.74 -333.0
1337359836.74 -299.0
1337359836.74 -292.0
1337359836.74 -288.0
1337359836.74 -246.0
1337359836.74 -240.0
1337359836.79 -228.0
1337359836.79 -190.0
1337359836.79 -191.0
1337359836.79 -180.0
1337359836.8 -136.0
1337359836.8 -139.0
1337359836.8 -143.0
1337359836.8 -108.0
1337359836.8 -108.0
1337359836.8 -120.0
1337359836.8 -90.0
1337359836.81 -81.0
1337359836.81 -101.0
1337359836.87 -75.0
1337359836.87 -63.0
1337359836.87 -71.0
1337359836.87 -36.0
1337359836.87 -21.0
1337359836.87 -28.0
1337359836.87 -4.0
1337359836.88 -3.0
1337359836.88 -20.0
1337359836.88 3.0
1337359836.88 -7.0
1337359836.88 -36.0
1337359836.93 -41.0
1337359836.93 -86.0
1337359836.94 -197.0
1337359836.94 -357.0
1337359836.94 -535.0
1337359836.94 -766.0
1337359836.94 -1024.0
1337359836.94 -1265.0
1337359836.94 -1557.0
1337359836.94 -1896.0
1337359836.95 -2210.0
1337359836.95 -2568.0
1337359836.95 -2956.0
1337359836.96 -3307.0
1337359836.96 -3699.0
1337359836.96 -4099.0
1337359836.96 -4449.0
1337359837.0 -4837.0
1337359837.0 -5227.0
1337359837.0 -5542.0
1337359837.0 -5889.0
1337359837.0 -6249.0
1337359837.01 -6549.0
1337359837.01 -6879.0
1337359837.01 -7235.0
1337359837.01 -7528.0
1337359837.01 -7816.0
1337359837.09 -8117.0
1337359837.09 -8367.0
1337359837.1 -8615.0
1337359837.1 -8879.0
1337359837.1 -9106.0
1337359837.1 -9321.0
1337359837.1 -9555.0
1337359837.1 -9746.0
1337359837.1 -9935.0
1337359837.1 -10144.0
1337359837.1 -10311.0
1337359837.1 -10474.0
1337359837.1 -10657.0
1337359837.1 -10799.0
1337359837.1 -10920.0
1337359837.11 -11082.0
1337359837.11 -11201.0
1337359837.11 -11295.0
1337359837.11 -11433.0
1337359837.11 -11517.0
1337359837.11 -11586.0
1337359837.11 -11704.0
1337359837.14 -11767.0
1337359837.14 -11824.0
1337359837.14 -11915.0
1337359837.14 -11965.0
1337359837.15 -12007.0
1337359837.15 -12093.0
1337359837.15 -12140.0
1337359837.15 -12167.0
1337359837.15 -12243.0
1337359837.16 -12259.0
1337359837.17 -12257.0
1337359837.21 -12315.0
1337359837.21 -12315.0
1337359837.21 -12302.0
1337359837.21 -12350.0
1337359837.21 -12335.0
1337359837.21 -12304.0
1337359837.21 -12338.0
1337359837.22 -12310.0
1337359837.22 -12273.0
1337359837.22 -12298.0
1337359837.23 -12270.0
1337359837.23 -12246.0
1337359837.23 -12267.0
1337359837.35 -12245.0
1337359837.35 -12203.0
1337359837.36 -12205.0
1337359837.36 -12179.0
1337359837.36 -12125.0
1337359837.36 -12138.0
1337359837.36 -12113.0
1337359837.36 -12061.0
1337359837.36 -12086.0
1337359837.37 -12061.0
1337359837.37 -12006.0
1337359837.37 -12035.0
1337359837.37 -12007.0
1337359837.37 -11948.0
1337359837.37 -11978.0
1337359837.37 -11964.0
1337359837.37 -11910.0
1337359837.37 -11930.0
1337359837.38 -11909.0
1337359837.38 -11850.0
1337359837.38 -11877.0
1337359837.38 -11864.0
1337359837.38 -11807.0
1337359837.38 -11834.0
1337359837.38 -11800.0
1337359837.38 -11741.0
1337359837.38 -11768.0
1337359837.38 -11720.0
1337359837.38 -11661.0
1337359837.43 -11685.0
1337359837.44 -11638.0
1337359837.44 -11580.0
1337359837.44 -11598.0
1337359837.44 -11559.0
1337359837.44 -11493.0
1337359837.44 -11460.0
1337359837.44 -11340.0
1337359837.44 -11163.0
1337359837.44 -10988.0
1337359837.44 -10765.0
1337359837.44 -10500.0
1337359837.44 -10230.0
1337359837.44 -9950.0
1337359837.45 -9615.0
1337359837.45 -9268.0
1337359837.52 -8936.0
1337359837.52 -8530.0
1337359837.52 -8129.0
1337359837.52 -7780.0
1337359837.53 -7366.0
1337359837.53 -6967.0
1337359837.53 -6622.0
1337359837.53 -6208.0
1337359837.53 -5797.0
1337359837.53 -5446.0
1337359837.54 -5028.0
1337359837.54 -4621.0
1337359837.54 -4283.0
1337359837.54 -3902.0
1337359837.61 -3520.0
1337359837.61 -3208.0
1337359837.62 -2879.0
1337359837.62 -2513.0
1337359837.62 -2234.0
1337359837.62 -1931.0
1337359837.62 -1596.0
1337359837.62 -1345.0
1337359837.63 -1090.0
1337359837.63 -812.0
1337359837.63 -598.0
1337359837.63 -375.0
1337359837.63 -132.0
1337359837.63 23.0
1337359837.63 219.0
1337359837.63 395.0
1337359837.63 529.0
1337359837.63 719.0
1337359837.63 859.0
1337359837.63 986.0
1337359837.63 1127.0
1337359837.64 1217.0
1337359837.74 1330.0
1337359837.74 1426.0
1337359837.75 1462.0
1337359837.75 1565.0
1337359837.75 1636.0
1337359837.75 1658.0
1337359837.75 1754.0
1337359837.75 1800.0
1337359837.75 1813.0
1337359837.75 1883.0
1337359837.76 1904.0
1337359837.76 1917.0
1337359837.76 1969.0
1337359837.76 1967.0
1337359837.76 1978.0
1337359837.76 2034.0
1337359837.76 2006.0
1337359837.76 2029.0
1337359837.76 2058.0
1337359837.76 2012.0
1337359837.76 2045.0
1337359837.76 2049.0
1337359837.77 2036.0
1337359837.77 2079.0
1337359837.77 2064.0
1337359837.81 2051.0
1337359837.81 2100.0
1337359837.81 2092.0
1337359837.81 2083.0
1337359837.81 2119.0
1337359837.81 2108.0
1337359837.81 2084.0
1337359837.81 2105.0
1337359837.81 2100.0
1337359837.81 2084.0
1337359837.81 2103.0
1337359837.82 2101.0
1337359837.83 2101.0
1337359837.94 2101.0
1337359837.95 2099.0
1337359837.95 2095.0
1337359837.95 2094.0
1337359837.95 2116.0
1337359837.95 2107.0
1337359837.95 2096.0
1337359837.95 2124.0
1337359837.96 2101.0
1337359837.96 2065.0
1337359837.96 2101.0
1337359837.96 2093.0
1337359837.96 2056.0
1337359837.96 2106.0
1337359837.96 2089.0
1337359837.96 2040.0
1337359837.96 2096.0
1337359837.97 2065.0
1337359837.97 2052.0
1337359837.97 2123.0
1337359837.97 2095.0
1337359837.97 2092.0
1337359837.97 2162.0
1337359837.97 2130.0
1337359837.97 2126.0
1337359837.97 2198.0
1337359837.97 2186.0
1337359837.97 2197.0
1337359838.01 2265.0
1337359838.01 2259.0
1337359838.02 2269.0
1337359838.02 2325.0
1337359838.02 2313.0
1337359838.02 2338.0
1337359838.02 2376.0
1337359838.02 2350.0
1337359838.02 2351.0
1337359838.02 2369.0
1337359838.02 2343.0
1337359838.03 2327.0
1337359838.03 2328.0
1337359838.07 2299.0
1337359838.08 2273.0
1337359838.08 2247.0
1337359838.08 2221.0
1337359838.08 2198.0
1337359838.08 2163.0
1337359838.08 2153.0
1337359838.08 2123.0
1337359838.08 2066.0
1337359838.08 2041.0
1337359838.13 1999.0
1337359838.13 1960.0
1337359838.13 1953.0
1337359838.13 1913.0
1337359838.14 1857.0
1337359838.14 1854.0
1337359838.14 1816.0
1337359838.14 1768.0
1337359838.14 1765.0
1337359838.15 1724.0
1337359838.15 1679.0
1337359838.15 1671.0
1337359838.15 1642.0
1337359838.15 1612.0
1337359838.18 1589.0
1337359838.18 1563.0
1337359838.18 1532.0
1337359838.18 1506.0
1337359838.18 1495.0
1337359838.18 1463.0
1337359838.19 1435.0
1337359838.2 1441.0
1337359838.2 1418.0
1337359838.21 1399.0
1337359838.21 1405.0
1337359838.21 1385.0
1337359838.26 1368.0
1337359838.26 1371.0
1337359838.26 1362.0
1337359838.26 1338.0
1337359838.26 1323.0
1337359838.27 1312.0
1337359838.27 1276.0
1337359838.27 1262.0
1337359838.27 1262.0
1337359838.27 1226.0
1337359838.27 1204.0
1337359838.27 1210.0
1337359838.28 1183.0
1337359838.29 1169.0
1337359838.29 1186.0
1337359838.34 1149.0
1337359838.35 1128.0
1337359838.35 1141.0
1337359838.35 1130.0
1337359838.35 1125.0
1337359838.35 1142.0
1337359838.35 1129.0
1337359838.36 1111.0
1337359838.36 1123.0
1337359838.36 1114.0
1337359838.36 1099.0
1337359838.36 1099.0
1337359838.36 1093.0
1337359838.41 1083.0
1337359838.41 1082.0
1337359838.41 1097.0
1337359838.41 1096.0
1337359838.41 1080.0
1337359838.42 1095.0
1337359838.42 1085.0
1337359838.42 1062.0
1337359838.42 1072.0
1337359838.42 1056.0
1337359838.42 1029.0
1337359838.43 1045.0
1337359838.43 1038.0
1337359838.43 1010.0
1337359838.43 1025.0
1337359838.5 1024.0
1337359838.5 992.0
1337359838.51 995.0
1337359838.51 997.0
1337359838.51 960.0
1337359838.51 948.0
1337359838.51 956.0
1337359838.51 924.0
1337359838.52 910.0
1337359838.52 928.0
1337359838.52 892.0
1337359838.52 876.0
1337359838.52 905.0
1337359838.52 872.0
1337359838.52 843.0
1337359838.52 866.0
1337359838.52 830.0
1337359838.58 794.0
1337359838.58 829.0
1337359838.58 807.0
1337359838.59 774.0
1337359838.59 803.0
1337359838.59 774.0
1337359838.59 738.0
1337359838.59 736.0
1337359838.59 695.0
1337359838.6 642.0
1337359838.6 629.0
1337359838.6 595.0
1337359838.6 536.0
1337359838.6 513.0
1337359838.6 485.0
1337359838.6 423.0
1337359838.6 392.0
1337359838.63 381.0
1337359838.64 346.0
1337359838.64 321.0
1337359838.64 326.0
1337359838.64 302.0
1337359838.64 272.0
1337359838.64 275.0
1337359838.64 250.0
1337359838.64 236.0
1337359838.68 246.0
1337359838.68 230.0
1337359838.68 222.0
1337359838.68 236.0
1337359838.69 230.0
1337359838.69 215.0
1337359838.69 220.0
1337359838.69 234.0
1337359838.69 212.0
1337359838.69 207.0
1337359838.69 226.0
1337359838.7 202.0
1337359838.71 188.0
1337359838.74 206.0
1337359838.75 195.0
1337359838.75 176.0
1337359838.75 195.0
1337359838.75 175.0
1337359838.75 149.0
1337359838.75 147.0
1337359838.75 105.0
1337359838.75 72.0
1337359838.76 64.0
1337359838.76 26.0
1337359838.77 -3.0
1337359838.77 -7.0
1337359838.87 -49.0
1337359838.87 -87.0
1337359838.88 -105.0
1337359838.88 -137.0
1337359838.88 -169.0
1337359838.88 -200.0
1337359838.88 -227.0
1337359838.88 -256.0
1337359838.88 -293.0
1337359838.89 -324.0
1337359838.89 -338.0
1337359838.89 -381.0
1337359838.89 -424.0
1337359838.89 -439.0
1337359838.89 -480.0
1337359838.89 -533.0
1337359838.89 -558.0
1337359838.89 -603.0
1337359838.89 -667.0
1337359838.89 -684.0
1337359838.89 -724.0
1337359838.89 -775.0
1337359838.89 -804.0
1337359838.89 -851.0
1337359838.9 -896.0
1337359838.9 -919.0
1337359838.96 -947.0
1337359838.96 -989.0
1337359838.96 -1002.0
1337359838.96 -1018.0
1337359838.96 -1048.0
1337359838.96 -1061.0
1337359838.96 -1065.0
1337359838.96 -1106.0
1337359838.96 -1133.0
1337359838.96 -1133.0
1337359838.96 -1173.0
1337359838.97 -1194.0
1337359838.97 -1190.0
1337359839.01 -1223.0
1337359839.01 -1240.0
1337359839.01 -1237.0
1337359839.01 -1260.0
1337359839.01 -1275.0
1337359839.01 -1278.0
1337359839.01 -1295.0
1337359839.01 -1319.0
1337359839.01 -1320.0
1337359839.01 -1342.0
1337359839.02 -1372.0
1337359839.02 -1378.0
1337359839.03 -1416.0
1337359839.03 -1441.0
1337359839.13 -1458.0
1337359839.14 -1495.0
1337359839.14 -1502.0
1337359839.14 -1529.0
1337359839.14 -1560.0
1337359839.14 -1577.0
1337359839.14 -1626.0
1337359839.15 -1658.0
1337359839.15 -1670.0
1337359839.15 -1700.0
1337359839.15 -1723.0
1337359839.15 -1738.0
1337359839.15 -1763.0
1337359839.15 -1790.0
1337359839.15 -1785.0
1337359839.15 -1792.0
1337359839.15 -1813.0
1337359839.16 -1810.0
1337359839.16 -1807.0
1337359839.16 -1805.0
1337359839.16 -1802.0
1337359839.16 -1768.0
1337359839.16 -1750.0
1337359839.16 -1762.0
1337359839.2 -1709.0
1337359839.2 -1697.0
1337359839.2 -1718.0
1337359839.2 -1659.0
1337359839.21 -1656.0
1337359839.21 -1677.0
1337359839.21 -1622.0
1337359839.21 -1611.0
1337359839.21 -1630.0
1337359839.21 -1586.0
1337359839.21 -1575.0
1337359839.22 -1579.0
1337359839.22 -1545.0
1337359839.28 -1521.0
1337359839.28 -1514.0
1337359839.28 -1493.0
1337359839.28 -1459.0
1337359839.28 -1444.0
1337359839.28 -1416.0
1337359839.28 -1395.0
1337359839.29 -1353.0
1337359839.29 -1319.0
1337359839.29 -1311.0
1337359839.29 -1237.0
1337359839.29 -1234.0
1337359839.29 -1228.0
1337359839.3 -1141.0
1337359839.3 -1149.0
1337359839.3 -1113.0
1337359839.31 -1035.0
1337359839.31 -1050.0
1337359839.35 -1005.0
1337359839.35 -955.0
1337359839.35 -955.0
1337359839.35 -917.0
1337359839.35 -893.0
1337359839.35 -882.0
1337359839.36 -855.0
1337359839.36 -838.0
1337359839.36 -821.0
1337359839.36 -800.0
1337359839.36 -800.0
1337359839.41 -784.0
1337359839.41 -781.0
1337359839.41 -799.0
1337359839.42 -770.0
1337359839.42 -785.0
1337359839.42 -796.0
1337359839.42 -750.0
1337359839.42 -786.0
1337359839.42 -781.0
1337359839.42 -747.0
1337359839.42 -772.0
1337359839.43 -752.0
1337359839.43 -718.0
1337359839.47 -730.0
1337359839.48 -712.0
1337359839.48 -679.0
1337359839.48 -691.0
1337359839.48 -684.0
1337359839.48 -671.0
1337359839.48 -697.0
1337359839.48 -680.0
1337359839.48 -668.0
1337359839.48 -670.0
1337359839.48 -615.0
1337359839.49 -555.0
1337359839.49 -515.0
1337359839.54 -476.0
1337359839.54 -655.0
1337359839.54 -920.0
1337359839.54 -1339.0
1337359839.55 -1848.0
1337359839.55 -2208.0
1337359839.55 -2592.0
1337359839.55 -2843.0
1337359839.56 -2996.0
1337359839.56 -3087.0
1337359839.56 -3078.0
1337359839.6 -3038.0
1337359839.6 -3002.0
1337359839.6 -2963.0
1337359839.6 -2920.0
1337359839.6 -2853.0
1337359839.6 -2752.0
1337359839.6 -2642.0
1337359839.6 -2542.0
1337359839.6 -2405.0
1337359839.6 -2317.0
1337359839.61 -2229.0
1337359839.61 -2076.0
1337359839.65 -2005.0
1337359839.65 -1911.0
1337359839.65 -1794.0
1337359839.65 -1786.0
1337359839.66 -1707.0
1337359839.66 -1619.0
1337359839.66 -1579.0
1337359839.66 -1480.0
1337359839.66 -1379.0
1337359839.66 -1299.0
1337359839.67 -1238.0
1337359839.67 -1174.0
1337359839.68 -1168.0
1337359839.68 -1158.0
1337359839.73 -1095.0
1337359839.73 -1074.0
1337359839.73 -1041.0
1337359839.73 -953.0
1337359839.73 -942.0
1337359839.73 -923.0
1337359839.73 -873.0
1337359839.74 -899.0
1337359839.74 -882.0
1337359839.74 -876.0
1337359839.74 -905.0
1337359839.74 -904.0
1337359839.74 -950.0
1337359839.75 -990.0
1337359839.75 -1013.0
1337359839.76 -1067.0
1337359839.76 -1105.0
1337359839.77 -1149.0
1337359839.77 -1212.0
1337359839.78 -1257.0
1337359839.78 -1309.0
1337359839.79 -1359.0
1337359839.79 -1404.0
1337359839.8 -1455.0
1337359839.8 -1510.0
1337359839.81 -1538.0
1337359839.81 -1587.0
1337359839.82 -1643.0
1337359839.82 -1659.0
1337359839.83 -1711.0
1337359839.83 -1744.0
1337359839.85 -1759.0
1337359839.85 -1799.0
1337359839.85 -1824.0
1337359839.86 -1835.0
1337359839.86 -1863.0
1337359839.86 -1887.0
1337359839.87 -1898.0
1337359839.87 -1945.0
1337359839.88 -1967.0
1337359839.88 -1979.0
1337359839.89 -2027.0
1337359839.89 -2051.0
1337359839.9 -2071.0
1337359839.9 -2124.0
1337359839.91 -2167.0
1337359839.91 -2185.0
1337359839.93 -2231.0
1337359839.93 -2275.0
1337359839.93 -2282.0
1337359839.94 -2306.0
1337359839.94 -2338.0
1337359839.94 -2340.0
1337359839.95 -2373.0
1337359839.95 -2405.0
1337359839.96 -2402.0
1337359839.96 -2436.0
1337359839.97 -2454.0
1337359839.97 -2443.0
1337359839.98 -2468.0
1337359839.98 -2479.0
1337359839.99 -2444.0
1337359839.99 -2462.0
1337359840.0 -2491.0
1337359840.0 -2465.0
1337359840.01 -2486.0
1337359840.01 -2519.0
1337359840.02 -2498.0
1337359840.03 -2518.0
1337359840.03 -2553.0
1337359840.04 -2542.0
1337359840.04 -2569.0
1337359840.04 -2592.0
1337359840.05 -2577.0
1337359840.05 -2598.0
1337359840.06 -2630.0
1337359840.06 -2621.0
1337359840.07 -2654.0
1337359840.07 -2700.0
1337359840.08 -2700.0
1337359840.09 -2731.0
1337359840.09 -2797.0
1337359840.1 -2800.0
1337359840.1 -2816.0
1337359840.1 -2870.0
1337359840.11 -2863.0
1337359840.11 -2884.0
1337359840.12 -2914.0
1337359840.12 -2910.0
1337359840.13 -2943.0
1337359840.13 -2977.0
1337359840.14 -2977.0
1337359840.14 -3014.0
1337359840.15 -3039.0
1337359840.15 -3029.0
1337359840.16 -3064.0
1337359840.16 -3096.0
1337359840.17 -3092.0
1337359840.17 -3106.0
1337359840.18 -3133.0
1337359840.19 -3112.0
1337359840.19 -3116.0
1337359840.2 -3150.0
1337359840.2 -3131.0
1337359840.21 -3149.0
1337359840.21 -3170.0
1337359840.21 -3136.0
1337359840.22 -3150.0
1337359840.22 -3159.0
1337359840.23 -3111.0
1337359840.23 -3113.0
1337359840.24 -3124.0
1337359840.24 -3063.0
1337359840.25 -3053.0
1337359840.26 -3066.0
1337359840.26 -3005.0
1337359840.27 -2983.0
1337359840.27 -2986.0
1337359840.27 -2919.0
1337359840.28 -2879.0
1337359840.28 -2876.0
1337359840.29 -2817.0
1337359840.29 -2786.0
1337359840.3 -2779.0
1337359840.3 -2718.0
1337359840.31 -2688.0
1337359840.31 -2686.0
1337359840.32 -2620.0
1337359840.32 -2591.0
1337359840.33 -2583.0
1337359840.33 -2499.0
1337359840.34 -2460.0
1337359840.34 -2444.0
1337359840.35 -2371.0
1337359840.35 -2317.0
1337359840.36 -2289.0
1337359840.36 -2212.0
1337359840.37 -2149.0
1337359840.37 -2126.0
1337359840.38 -2058.0
1337359840.38 -2012.0
1337359840.39 -1988.0
1337359840.39 -1919.0
1337359840.4 -1878.0
1337359840.41 -1852.0
1337359840.41 -1778.0
1337359840.42 -1727.0
1337359840.42 -1711.0
1337359840.42 -1631.0
1337359840.43 -1566.0
1337359840.43 -1552.0
1337359840.44 -1477.0
1337359840.44 -1418.0
1337359840.45 -1401.0
1337359840.45 -1329.0
1337359840.46 -1273.0
1337359840.46 -1263.0
1337359840.47 -1204.0
1337359840.47 -1168.0
1337359840.48 -1162.0
1337359840.48 -1110.0
1337359840.49 -1099.0
1337359840.49 -1121.0
1337359840.5 -1084.0
1337359840.5 -1073.0
1337359840.51 -1104.0
1337359840.51 -1095.0
1337359840.52 -1097.0
1337359840.52 -1147.0
1337359840.53 -1150.0
1337359840.54 -1169.0
1337359840.54 -1226.0
1337359840.54 -1241.0
1337359840.55 -1281.0
1337359840.55 -1334.0
1337359840.56 -1353.0
1337359840.56 -1406.0
1337359840.57 -1475.0
1337359840.57 -1499.0
1337359840.58 -1546.0
1337359840.58 -1612.0
1337359840.59 -1630.0
1337359840.59 -1670.0
1337359840.6 -1739.0
1337359840.61 -1763.0
1337359840.61 -1827.0
1337359840.61 -1881.0
1337359840.62 -1895.0
1337359840.62 -1950.0
1337359840.63 -1981.0
1337359840.63 -1973.0
1337359840.64 -2024.0
1337359840.64 -2061.0
1337359840.65 -2040.0
1337359840.65 -2096.0
1337359840.66 -2111.0
1337359840.66 -2069.0
1337359840.67 -2116.0
1337359840.67 -2112.0
1337359840.68 -2078.0
1337359840.68 -2131.0
1337359840.69 -2084.0
1337359840.69 -2044.0
1337359840.7 -2078.0
1337359840.71 -2013.0
1337359840.71 -1964.0
1337359840.71 -1987.0
1337359840.72 -1922.0
1337359840.72 -1850.0
1337359840.73 -1849.0
1337359840.73 -1750.0
1337359840.74 -1671.0
1337359840.74 -1653.0
1337359840.75 -1550.0
1337359840.75 -1487.0
1337359840.76 -1446.0
1337359840.76 -1328.0
1337359840.77 -1257.0
1337359840.78 -1198.0
1337359840.78 -1058.0
1337359840.79 -967.0
1337359840.79 -903.0
1337359840.79 -764.0
1337359840.8 -670.0
1337359840.8 -609.0
1337359840.81 -477.0
1337359840.81 -391.0
1337359840.82 -317.0
1337359840.82 -176.0
1337359840.83 -93.0
1337359840.83 0.0
1337359840.83 127.0
1337359840.84 202.0
1337359840.85 259.0
1337359840.85 373.0
1337359840.86 438.0
1337359840.86 469.0
1337359840.87 577.0
1337359840.87 627.0
1337359840.88 654.0
1337359840.88 735.0
1337359840.89 776.0
1337359840.89 798.0
1337359840.9 854.0
1337359840.9 880.0
1337359840.91 900.0
1337359840.91 940.0
1337359840.92 964.0
1337359840.92 980.0
1337359840.93 1005.0
1337359840.93 1031.0
1337359840.93 1027.0
1337359840.94 1024.0
1337359840.95 1052.0
1337359840.95 1045.0
1337359840.96 1029.0
1337359840.96 1058.0
1337359840.97 1056.0
1337359840.97 1039.0
1337359840.98 1068.0
1337359840.98 1064.0
1337359840.99 1039.0
1337359840.99 1053.0
1337359841.0 1045.0
1337359841.0 1030.0
1337359841.0 1058.0
1337359841.01 1054.0
1337359841.01 1031.0
1337359841.02 1067.0
1337359841.03 1078.0
1337359841.03 1047.0
1337359841.04 1073.0
1337359841.04 1081.0
1337359841.05 1051.0
1337359841.05 1089.0
1337359841.06 1110.0
1337359841.06 1096.0
1337359841.07 1135.0
1337359841.07 1154.0
1337359841.07 1151.0
1337359841.08 1202.0
1337359841.09 1221.0
1337359841.09 1217.0
1337359841.1 1267.0
1337359841.1 1294.0
1337359841.11 1290.0
1337359841.11 1323.0
1337359841.12 1355.0
1337359841.12 1360.0
1337359841.13 1380.0
1337359841.13 1405.0
1337359841.14 1403.0
1337359841.14 1402.0
1337359841.15 1415.0
1337359841.15 1408.0
1337359841.16 1397.0
1337359841.16 1395.0
1337359841.17 1371.0
1337359841.17 1343.0
1337359841.18 1335.0
1337359841.18 1298.0
1337359841.18 1244.0
1337359841.19 1228.0
1337359841.2 1200.0
1337359841.2 1128.0
1337359841.22 1103.0
1337359841.22 1067.0
1337359841.22 995.0
1337359841.22 975.0
1337359841.23 948.0
1337359841.23 888.0
1337359841.23 849.0
1337359841.24 814.0
1337359841.24 749.0
1337359841.25 724.0
1337359841.25 697.0
1337359841.26 639.0
1337359841.27 622.0
1337359841.28 614.0
1337359841.28 561.0
1337359841.28 539.0
1337359841.29 543.0
1337359841.29 482.0
1337359841.3 455.0
1337359841.3 450.0
1337359841.31 398.0
1337359841.31 369.0
1337359841.32 361.0
1337359841.32 309.0
1337359841.33 280.0
1337359841.34 270.0
1337359841.34 224.0
1337359841.34 209.0
1337359841.35 202.0
1337359841.35 151.0
1337359841.36 123.0
1337359841.36 128.0
1337359841.37 85.0
1337359841.37 43.0
1337359841.37 34.0
1337359841.38 -10.0
1337359841.39 -52.0
1337359841.39 -43.0
1337359841.4 -80.0
1337359841.41 -118.0
1337359841.41 -121.0
1337359841.42 -160.0
1337359841.42 -179.0
1337359841.42 -162.0
1337359841.43 -196.0
1337359841.43 -216.0
1337359841.44 -201.0
1337359841.44 -235.0
1337359841.45 -247.0
1337359841.45 -223.0
1337359841.46 -234.0
1337359841.46 -228.0
1337359841.47 -202.0
1337359841.47 -215.0
1337359841.47 -199.0
1337359841.48 -178.0
1337359841.49 -203.0
1337359841.49 -196.0
1337359841.5 -169.0
1337359841.5 -204.0
1337359841.51 -187.0
1337359841.51 -170.0
1337359841.51 -217.0
1337359841.52 -202.0
1337359841.52 -186.0
1337359841.53 -236.0
1337359841.53 -201.0
1337359841.54 -195.0
1337359841.55 -243.0
1337359841.55 -180.0
1337359841.56 -172.0
1337359841.56 -204.0
1337359841.57 -152.0
1337359841.57 -166.0
1337359841.57 -209.0
1337359841.58 -189.0
1337359841.59 -218.0
1337359841.59 -247.0
1337359841.6 -241.0
1337359841.6 -317.0
1337359841.61 -455.0
1337359841.61 -701.0
1337359841.62 -1169.0
1337359841.62 -1807.0
1337359841.62 -2589.0
1337359841.64 -3469.0
1337359841.64 -4371.0
1337359841.64 -5249.0
1337359841.65 -6148.0
1337359841.65 -7029.0
1337359841.65 -7883.0
1337359841.66 -8757.0
1337359841.66 -9567.0
1337359841.67 -10431.0
1337359841.68 -11289.0
1337359841.68 -12105.0
1337359841.69 -13006.0
1337359841.69 -13913.0
1337359841.69 -14872.0
1337359841.7 -15958.0
1337359841.7 -17037.0
1337359841.71 -18204.0
1337359841.73 -19454.0
1337359841.73 -20643.0
1337359841.73 -21915.0
1337359841.73 -23180.0
1337359841.74 -24415.0
1337359841.74 -25755.0
1337359841.75 -27063.0
1337359841.75 -28399.0
1337359841.75 -29859.0
1337359841.76 -31315.0
1337359841.77 -32893.0
1337359841.77 -34551.0
1337359841.78 -36199.0
1337359841.78 -37997.0
1337359841.79 -39807.0
1337359841.8 -41653.0
1337359841.8 -43633.0
1337359841.81 -45550.0
1337359841.81 -47534.0
1337359841.82 -49535.0
1337359841.82 -51541.0
1337359841.83 -53626.0
1337359841.83 -55711.0
1337359841.83 -57824.0
1337359841.83 -59986.0
1337359841.84 -62184.0
1337359841.85 -64412.0
1337359841.85 -66711.0
1337359841.85 -69005.0
1337359841.86 -71363.0
1337359841.87 -73738.0
1337359841.87 -76082.0
1337359841.88 -78435.0
