1337619010.18 0.0
1337619010.18 0.0
1337619010.19 0.0
1337619010.19 0.0
1337619010.2 0.0
1337619010.21 0.0
1337619010.23 0.0
1337619010.23 0.0
1337619010.23 0.0
1337619010.23 0.0
1337619010.23 0.0
1337619010.24 0.0
1337619010.24 0.0
1337619010.24 0.0
1337619010.25 0.0
1337619010.25 0.0
1337619010.26 0.0
1337619010.28 0.0
1337619010.28 0.0
1337619010.29 0.0
1337619010.29 0.0
1337619010.29 0.0
1337619010.29 0.0
1337619010.3 0.0
1337619010.3 0.0
1337619010.31 0.0
1337619010.31 0.0
1337619010.31 0.0
1337619010.32 0.0
1337619010.32 0.0
1337619010.36 0.0
1337619010.36 0.0
1337619010.36 0.0
1337619010.36 0.0
1337619010.36 0.0
1337619010.37 0.0
1337619010.37 0.0
1337619010.38 0.0
1337619010.38 0.0
1337619010.38 0.0
1337619010.38 0.0
1337619010.39 0.0
1337619010.39 0.0
1337619010.39 0.0
1337619010.4 0.0
1337619010.41 0.0
1337619010.41 0.0
1337619010.41 0.0
1337619010.42 0.0
1337619010.43 0.0
1337619010.45 0.0
1337619010.45 0.0
1337619010.46 0.0
1337619010.46 0.0
1337619010.46 0.0
1337619010.46 0.0
1337619010.46 0.0
1337619010.47 0.0
1337619010.47 0.0
1337619010.47 0.0
1337619010.49 0.0
1337619010.49 0.0
1337619010.49 0.0
1337619010.5 0.0
1337619010.5 0.0
1337619010.51 0.0
1337619010.51 0.0
1337619010.51 0.0
1337619010.52 0.0
1337619010.52 0.0
1337619010.55 0.0
1337619010.55 0.0
1337619010.55 0.0
1337619010.55 0.0
1337619010.55 0.0
1337619010.56 0.0
1337619010.56 0.0
1337619010.56 0.0
1337619010.57 0.0
1337619010.57 0.0
1337619010.59 0.0
1337619010.59 0.0
1337619010.59 0.0
1337619010.59 0.0
1337619010.6 0.0
1337619010.61 0.0
1337619010.61 0.0
1337619010.61 0.0
1337619010.62 0.0
1337619010.63 0.0
1337619010.65 0.0
1337619010.65 0.0
1337619010.65 0.0
1337619010.65 0.0
1337619010.65 0.0
1337619010.65 0.0
1337619010.66 0.0
1337619010.66 0.0
1337619010.67 0.0
1337619010.67 0.0
1337619010.68 0.0
1337619010.68 0.0
1337619010.69 0.0
1337619010.69 0.0
1337619010.72 0.0
1337619010.72 0.0
1337619010.72 0.0
1337619010.72 0.0
1337619010.72 0.0
1337619010.72 0.0
1337619010.73 0.0
1337619010.73 0.0
1337619010.74 0.0
1337619010.77 0.0
1337619010.77 0.0
1337619010.77 0.0
1337619010.77 0.0
1337619010.77 0.0
1337619010.78 0.0
1337619010.78 0.0
1337619010.78 0.0
1337619010.78 0.0
1337619010.79 0.0
1337619010.8 0.0
1337619010.8 0.0
1337619010.81 0.0
1337619010.81 0.0
1337619010.81 0.0
1337619010.82 0.0
1337619010.82 0.0
1337619010.83 0.0
1337619010.83 0.0
1337619010.84 0.0
1337619010.84 0.0
1337619010.85 0.0
1337619010.86 0.0
1337619010.87 0.0
1337619010.87 0.0
1337619010.87 0.0
1337619010.87 0.0
1337619010.88 0.0
1337619010.88 0.0
1337619010.89 0.0
1337619010.89 0.0
1337619010.9 0.0
1337619010.9 0.0
1337619010.91 0.0
1337619010.91 0.0
1337619010.92 0.0
1337619010.92 0.0
1337619010.94 0.0
1337619010.94 0.0
1337619010.94 0.0
1337619010.95 0.0
1337619010.95 0.0
1337619010.95 0.0
1337619010.96 0.0
1337619010.97 0.0
1337619010.97 0.0
1337619010.97 0.0
1337619010.98 0.0
1337619010.99 0.0
1337619010.99 0.0
1337619010.99 0.0
1337619011.0 0.0
1337619011.0 0.0
1337619011.01 0.0
1337619011.03 0.0
1337619011.03 0.0
1337619011.03 0.0
1337619011.03 0.0
1337619011.03 0.0
1337619011.04 0.0
1337619011.04 0.0
1337619011.05 0.0
1337619011.05 0.0
1337619011.06 0.0
1337619011.08 0.0
1337619011.08 0.0
1337619011.08 0.0
1337619011.08 0.0
1337619011.08 0.0
1337619011.09 0.0
1337619011.09 0.0
1337619011.1 0.0
1337619011.1 0.0
1337619011.11 0.0
1337619011.11 0.0
1337619011.12 0.0
1337619011.12 0.0
1337619011.14 0.0
1337619011.14 0.0
1337619011.14 0.0
1337619011.14 0.0
1337619011.15 0.0
1337619011.15 0.0
1337619011.16 0.0
1337619011.16 0.0
1337619011.17 0.0
1337619011.17 0.0
1337619011.19 0.0
1337619011.19 0.0
1337619011.19 0.0
1337619011.19 0.0
1337619011.2 0.0
1337619011.2 0.0
1337619011.21 0.0
1337619011.21 0.0
1337619011.22 0.0
1337619011.22 0.0
1337619011.24 0.0
1337619011.24 0.0
1337619011.24 0.0
1337619011.24 0.0
1337619011.25 0.0
1337619011.25 0.0
1337619011.26 0.0
1337619011.26 0.0
1337619011.27 0.0
1337619011.27 0.0
1337619011.29 0.0
1337619011.29 0.0
1337619011.29 0.0
1337619011.29 0.0
1337619011.3 0.0
1337619011.3 0.0
1337619011.31 0.0
1337619011.31 0.0
1337619011.32 0.0
1337619011.32 0.0
1337619011.33 0.0
1337619011.33 0.0
1337619011.34 0.0
1337619011.35 0.0
1337619011.36 0.0
1337619011.36 0.0
1337619011.36 0.0
1337619011.36 0.0
1337619011.36 0.0
1337619011.37 0.0
1337619011.38 0.0
1337619011.38 0.0
1337619011.39 0.0
1337619011.41 0.0
1337619011.41 0.0
1337619011.41 0.0
1337619011.41 0.0
1337619011.42 0.0
1337619011.42 0.0
1337619011.42 0.0
1337619011.43 0.0
1337619011.43 0.0
1337619011.44 0.0
1337619011.44 0.0
1337619011.44 0.0
1337619011.45 0.0
1337619011.48 0.0
1337619011.48 0.0
1337619011.48 0.0
1337619011.48 0.0
1337619011.49 0.0
1337619011.49 0.0
1337619011.49 0.0
1337619011.5 0.0
1337619011.5 0.0
1337619011.5 0.0
1337619011.5 0.0
1337619011.52 0.0
1337619011.52 0.0
1337619011.52 0.0
1337619011.52 0.0
1337619011.53 0.0
1337619011.53 0.0
1337619011.54 0.0
1337619011.54 0.0
1337619011.55 0.0
1337619011.55 0.0
1337619011.58 0.0
1337619011.58 0.0
1337619011.58 0.0
1337619011.58 0.0
1337619011.58 0.0
1337619011.58 0.0
1337619011.59 0.0
1337619011.59 0.0
1337619011.61 0.0
1337619011.61 0.0
1337619011.63 0.0
1337619011.63 0.0
1337619011.63 0.0
1337619011.63 0.0
1337619011.64 0.0
1337619011.64 0.0
1337619011.65 0.0
1337619011.65 0.0
1337619011.65 0.0
1337619011.67 0.0
1337619011.67 0.0
1337619011.67 0.0
1337619011.67 0.0
1337619011.68 0.0
1337619011.68 0.0
1337619011.68 0.0
1337619011.69 0.0
1337619011.7 0.0
1337619011.7 0.0
1337619011.7 0.0
1337619011.74 0.0
1337619011.74 0.0
1337619011.74 0.0
1337619011.74 0.0
1337619011.74 0.0
1337619011.74 0.0
1337619011.74 0.0
1337619011.75 0.0
1337619011.75 0.0
1337619011.75 0.0
1337619011.76 0.0
1337619011.76 0.0
1337619011.77 0.0
1337619011.79 0.0
1337619011.79 0.0
1337619011.79 0.0
1337619011.79 0.0
1337619011.79 0.0
1337619011.8 0.0
1337619011.8 0.0
1337619011.81 0.0
1337619011.81 0.0
1337619011.82 0.0
1337619011.86 0.0
1337619011.86 0.0
1337619011.86 0.0
1337619011.86 0.0
1337619011.86 0.0
1337619011.87 0.0
1337619011.87 0.0
1337619011.87 0.0
1337619011.87 0.0
1337619011.88 0.0
1337619011.88 0.0
1337619011.89 0.0
1337619011.89 0.0
1337619011.89 0.0
1337619011.89 0.0
1337619011.9 0.0
1337619011.9 0.0
1337619011.91 0.0
1337619011.91 0.0
1337619011.92 0.0
1337619011.94 0.0
1337619011.94 0.0
1337619011.94 0.0
1337619011.94 0.0
1337619011.94 0.0
1337619011.95 0.0
1337619011.95 0.0
1337619011.96 0.0
1337619011.96 0.0
1337619011.97 0.0
1337619011.99 0.0
1337619011.99 0.0
1337619011.99 0.0
1337619011.99 0.0
1337619012.0 0.0
1337619012.0 0.0
1337619012.0 0.0
1337619012.01 0.0
1337619012.01 0.0
1337619012.02 0.0
1337619012.02 0.0
1337619012.03 0.0
1337619012.04 0.0
1337619012.04 0.0
1337619012.04 0.0
1337619012.05 0.0
1337619012.05 0.0
1337619012.06 0.0
1337619012.06 0.0
1337619012.08 0.0
1337619012.08 0.0
1337619012.09 0.0
1337619012.09 0.0
1337619012.09 0.0
1337619012.09 0.0
1337619012.1 0.0
1337619012.1 0.0
1337619012.11 0.0
1337619012.11 0.0
1337619012.12 0.0
1337619012.12 0.0
1337619012.13 0.0
1337619012.13 0.0
1337619012.15 0.0
1337619012.15 0.0
1337619012.16 0.0
1337619012.16 0.0
1337619012.16 0.0
1337619012.17 0.0
1337619012.17 0.0
1337619012.17 0.0
1337619012.18 0.0
1337619012.2 0.0
1337619012.2 0.0
1337619012.2 0.0
1337619012.2 0.0
1337619012.2 0.0
1337619012.21 0.0
1337619012.21 0.0
1337619012.22 0.0
1337619012.23 0.0
1337619012.23 0.0
1337619012.23 0.0
1337619012.24 0.0
1337619012.24 0.0
1337619012.25 0.0
1337619012.27 0.0
1337619012.27 0.0
1337619012.27 0.0
1337619012.27 0.0
1337619012.29 0.0
1337619012.29 0.0
1337619012.29 0.0
1337619012.29 0.0
1337619012.3 0.0
1337619012.3 0.0
1337619012.33 0.0
1337619012.33 0.0
1337619012.34 0.0
1337619012.34 0.0
1337619012.34 0.0
1337619012.34 0.0
1337619012.34 0.0
1337619012.35 0.0
1337619012.35 0.0
1337619012.37 0.0
1337619012.37 0.0
1337619012.37 0.0
1337619012.37 0.0
1337619012.37 0.0
1337619012.38 0.0
1337619012.38 0.0
1337619012.39 0.0
1337619012.39 0.0
1337619012.4 0.0
1337619012.4 0.0
1337619012.42 0.0
1337619012.42 0.0
1337619012.43 0.0
1337619012.43 0.0
1337619012.43 0.0
1337619012.43 0.0
1337619012.44 0.0
1337619012.44 0.0
1337619012.45 0.0
1337619012.45 0.0
1337619012.46 0.0
1337619012.46 0.0
1337619012.47 0.0
1337619012.49 0.0
1337619012.49 0.0
1337619012.49 0.0
1337619012.49 0.0
1337619012.49 0.0
1337619012.5 0.0
1337619012.5 0.0
1337619012.51 0.0
1337619012.51 0.0
1337619012.52 0.0
1337619012.53 0.0
1337619012.54 0.0
1337619012.54 0.0
1337619012.54 0.0
1337619012.54 0.0
1337619012.55 0.0
1337619012.55 0.0
1337619012.56 0.0
1337619012.56 0.0
1337619012.57 0.0
1337619012.58 0.0
1337619012.59 0.0
1337619012.59 0.0
1337619012.59 0.0
1337619012.59 0.0
1337619012.6 0.0
1337619012.6 0.0
1337619012.61 0.0
1337619012.61 0.0
1337619012.62 0.0
1337619012.64 0.0
1337619012.64 0.0
1337619012.64 0.0
1337619012.64 0.0
1337619012.64 0.0
1337619012.65 0.0
1337619012.65 0.0
1337619012.66 0.0
1337619012.66 0.0
1337619012.67 0.0
1337619012.67 0.0
1337619012.68 0.0
1337619012.68 0.0
1337619012.69 0.0
1337619012.69 0.0
1337619012.7 0.0
1337619012.7 0.0
1337619012.72 0.0
1337619012.72 0.0
1337619012.72 0.0
1337619012.72 0.0
1337619012.73 0.0
1337619012.73 0.0
1337619012.74 0.0
1337619012.74 0.0
1337619012.75 0.0
1337619012.75 0.0
1337619012.76 0.0
1337619012.76 0.0
1337619012.77 0.0
1337619012.78 0.0
1337619012.78 0.0
1337619012.79 0.0
1337619012.79 0.0
1337619012.79 0.0
1337619012.8 0.0
1337619012.8 0.0
1337619012.81 0.0
1337619012.81 0.0
1337619012.82 0.0
1337619012.84 0.0
1337619012.84 0.0
1337619012.84 0.0
1337619012.84 0.0
1337619012.84 0.0
1337619012.85 0.0
1337619012.85 0.0
1337619012.86 0.0
1337619012.86 0.0
1337619012.87 0.0
1337619012.87 0.0
1337619012.88 0.0
1337619012.88 0.0
1337619012.89 0.0
1337619012.89 0.0
1337619012.9 0.0
1337619012.91 0.0
1337619012.94 0.0
1337619012.94 0.0
1337619012.94 0.0
1337619012.94 0.0
1337619012.94 0.0
1337619012.95 0.0
1337619012.95 0.0
1337619012.95 0.0
1337619012.95 0.0
1337619012.96 0.0
1337619012.96 0.0
1337619012.96 0.0
1337619012.97 0.0
1337619012.97 0.0
1337619012.97 0.0
1337619012.98 0.0
1337619012.99 0.0
1337619012.99 0.0
1337619013.0 0.0
1337619013.02 0.0
1337619013.02 0.0
1337619013.02 0.0
1337619013.02 0.0
1337619013.02 0.0
1337619013.03 0.0
1337619013.03 0.0
1337619013.04 0.0
1337619013.04 0.0
1337619013.04 0.0
1337619013.05 0.0
1337619013.07 0.0
1337619013.07 0.0
1337619013.07 0.0
1337619013.07 0.0
1337619013.08 0.0
1337619013.08 0.0
1337619013.08 0.0
1337619013.09 0.0
1337619013.1 0.0
1337619013.1 0.0
1337619013.12 0.0
1337619013.12 0.0
1337619013.12 0.0
1337619013.12 0.0
1337619013.13 0.0
1337619013.13 0.0
1337619013.13 0.0
1337619013.14 0.0
1337619013.14 0.0
1337619013.15 0.0
1337619013.16 0.0
1337619013.16 0.0
1337619013.16 0.0
1337619013.18 0.0
1337619013.18 0.0
1337619013.19 0.0
1337619013.19 0.0
1337619013.19 0.0
1337619013.19 0.0
1337619013.2 0.0
1337619013.21 0.0
1337619013.21 0.0
1337619013.22 0.0
1337619013.24 0.0
1337619013.24 0.0
1337619013.24 0.0
1337619013.24 0.0
1337619013.24 0.0
1337619013.25 0.0
1337619013.25 0.0
1337619013.25 0.0
1337619013.26 0.0
1337619013.26 0.0
1337619013.28 0.0
1337619013.28 0.0
1337619013.29 0.0
1337619013.29 0.0
1337619013.29 0.0
1337619013.3 0.0
1337619013.3 0.0
1337619013.3 0.0
1337619013.31 0.0
1337619013.31 0.0
1337619013.32 0.0
1337619013.32 0.0
1337619013.33 0.0
1337619013.33 0.0
1337619013.34 0.0
1337619013.34 0.0
1337619013.35 0.0
1337619013.37 0.0
1337619013.37 0.0
1337619013.37 0.0
1337619013.37 0.0
1337619013.38 0.0
1337619013.38 0.0
1337619013.38 0.0
1337619013.39 0.0
1337619013.39 0.0
1337619013.4 0.0
1337619013.4 0.0
1337619013.41 0.0
1337619013.41 0.0
1337619013.44 0.0
1337619013.44 0.0
1337619013.44 0.0
1337619013.44 0.0
1337619013.44 0.0
1337619013.45 0.0
1337619013.45 0.0
1337619013.45 0.0
1337619013.46 0.0
1337619013.46 0.0
1337619013.47 0.0
1337619013.47 0.0
1337619013.48 0.0
1337619013.48 0.0
1337619013.5 0.0
1337619013.5 0.0
1337619013.5 0.0
1337619013.5 0.0
1337619013.51 0.0
1337619013.51 0.0
1337619013.52 0.0
1337619013.52 0.0
1337619013.53 0.0
1337619013.54 0.0
1337619013.54 0.0
1337619013.54 0.0
1337619013.55 0.0
1337619013.56 0.0
1337619013.56 0.0
1337619013.56 0.0
1337619013.57 0.0
1337619013.57 0.0
1337619013.58 0.0
1337619013.6 0.0
1337619013.6 0.0
1337619013.6 0.0
1337619013.6 0.0
1337619013.61 0.0
1337619013.61 0.0
1337619013.61 0.0
1337619013.62 0.0
1337619013.62 0.0
1337619013.64 0.0
1337619013.64 0.0
1337619013.64 0.0
1337619013.64 0.0
1337619013.65 0.0
1337619013.67 0.0
1337619013.67 0.0
1337619013.67 0.0
1337619013.67 0.0
1337619013.68 0.0
1337619013.68 0.0
1337619013.68 0.0
1337619013.69 0.0
1337619013.69 0.0
1337619013.7 0.0
1337619013.7 0.0
1337619013.71 0.0
1337619013.71 0.0
1337619013.72 0.0
1337619013.72 0.0
1337619013.73 0.0
1337619013.74 0.0
1337619013.75 0.0
1337619013.75 0.0
1337619013.75 0.0
1337619013.75 0.0
1337619013.76 0.0
1337619013.77 0.0
1337619013.77 0.0
1337619013.77 0.0
1337619013.78 0.0
1337619013.78 0.0
1337619013.79 0.0
1337619013.79 0.0
1337619013.8 0.0
1337619013.81 0.0
1337619013.82 0.0
1337619013.82 0.0
1337619013.82 0.0
1337619013.82 0.0
1337619013.83 0.0
1337619013.83 0.0
1337619013.84 0.0
1337619013.84 0.0
1337619013.85 0.0
1337619013.85 0.0
1337619013.86 0.0
1337619013.86 0.0
1337619013.87 0.0
1337619013.88 0.0
1337619013.88 0.0
1337619013.88 0.0
1337619013.89 0.0
1337619013.89 0.0
1337619013.9 0.0
1337619013.9 0.0
1337619013.91 0.0
1337619013.91 0.0
1337619013.92 0.0
1337619013.92 0.0
1337619013.93 0.0
1337619013.93 0.0
1337619013.94 0.0
1337619013.94 0.0
1337619013.95 0.0
1337619013.96 0.0
1337619013.96 0.0
1337619013.97 0.0
1337619013.97 0.0
1337619013.97 0.0
1337619013.98 0.0
1337619013.98 0.0
1337619013.99 0.0
1337619013.99 0.0
1337619014.0 0.0
1337619014.0 0.0
1337619014.01 0.0
1337619014.01 0.0
1337619014.02 0.0
1337619014.03 0.0
1337619014.03 0.0
1337619014.04 0.0
1337619014.04 0.0
1337619014.04 0.0
1337619014.05 0.0
1337619014.05 0.0
1337619014.06 0.0
1337619014.06 0.0
1337619014.07 0.0
1337619014.07 0.0
1337619014.08 0.0
1337619014.08 0.0
1337619014.1 0.0
1337619014.1 0.0
1337619014.1 0.0
1337619014.1 0.0
1337619014.11 0.0
1337619014.11 0.0
1337619014.12 0.0
1337619014.12 0.0
1337619014.13 0.0
1337619014.13 0.0
1337619014.14 0.0
1337619014.14 0.0
1337619014.15 0.0
1337619014.15 0.0
1337619014.16 0.0
1337619014.16 0.0
1337619014.18 -0.5
1337619014.18 -0.5
1337619014.18 -0.5
1337619014.18 -0.5
1337619014.19 -0.5
1337619014.19 -0.5
1337619014.2 -0.5
1337619014.2 -0.5
1337619014.21 -0.5
1337619014.21 -0.5
1337619014.22 -0.5
1337619014.22 -0.5
1337619014.23 -0.5
1337619014.24 -0.5
1337619014.24 -0.5
1337619014.25 -0.5
1337619014.25 -0.5
1337619014.25 -0.5
1337619014.26 -0.5
1337619014.26 -0.5
1337619014.27 -0.5
1337619014.27 -0.5
1337619014.28 -0.5
1337619014.28 -0.5
1337619014.29 -0.5
1337619014.29 -0.5
1337619014.3 -0.5
1337619014.31 -0.5
1337619014.31 -0.5
1337619014.32 -0.5
1337619014.32 -0.5
1337619014.32 -0.5
1337619014.33 -0.5
1337619014.33 -0.5
1337619014.34 -0.5
1337619014.34 -0.5
1337619014.35 -0.5
1337619014.35 -0.5
1337619014.36 -0.5
1337619014.36 -0.5
1337619014.38 -0.5
1337619014.38 -0.5
1337619014.38 -0.5
1337619014.38 -0.5
1337619014.39 -0.5
1337619014.39 -0.5
1337619014.4 -0.5
1337619014.4 -0.5
1337619014.41 -0.5
1337619014.41 -0.5
1337619014.43 -0.5
1337619014.43 -0.5
1337619014.43 -0.5
1337619014.43 -0.5
1337619014.44 -0.5
1337619014.44 -0.5
1337619014.45 -0.5
1337619014.45 -0.5
1337619014.46 -0.5
1337619014.46 -0.5
1337619014.46 -0.5
1337619014.47 -0.5
1337619014.48 -0.5
1337619014.48 -0.5
1337619014.49 -0.5
1337619014.5 -0.5
1337619014.5 -0.5
1337619014.5 -0.5
1337619014.51 -0.5
1337619014.51 -0.5
1337619014.52 -0.5
1337619014.52 -0.5
1337619014.53 -0.5
1337619014.53 -0.5
1337619014.53 -0.5
1337619014.54 -0.5
1337619014.55 -0.5
1337619014.55 -0.5
1337619014.55 -0.5
1337619014.56 -0.5
1337619014.58 -0.5
1337619014.58 -0.5
1337619014.59 -0.5
1337619014.59 -0.5
1337619014.59 -0.5
1337619014.59 -0.5
1337619014.59 -0.5
1337619014.6 -0.5
1337619014.6 -0.5
1337619014.61 -0.5
1337619014.61 -0.5
1337619014.63 -0.5
1337619014.63 -0.5
1337619014.63 -0.5
1337619014.64 -0.5
1337619014.64 -0.5
1337619014.65 -0.5
1337619014.65 -0.5
1337619014.66 -0.5
1337619014.66 -0.5
1337619014.69 -0.5
1337619014.69 -0.5
1337619014.69 -0.5
1337619014.69 -0.5
1337619014.69 -0.5
1337619014.69 -0.5
1337619014.7 -0.5
1337619014.7 -0.5
1337619014.71 -0.5
1337619014.71 -0.5
1337619014.71 -0.5
1337619014.72 -0.5
1337619014.72 -0.5
1337619014.73 -0.5
1337619014.73 -0.5
1337619014.74 -0.5
1337619014.76 -0.5
1337619014.76 -0.5
1337619014.76 -0.5
1337619014.76 -0.5
1337619014.76 -0.5
1337619014.77 -0.5
1337619014.77 -0.5
1337619014.82 -0.5
1337619014.82 -0.5
1337619014.82 -0.5
1337619014.82 -0.5
1337619014.83 -0.5
1337619014.83 -0.5
1337619014.83 -0.5
1337619014.83 -0.5
1337619014.83 -0.5
1337619014.83 -0.5
1337619014.85 -0.5
1337619014.85 -0.5
1337619014.85 -0.5
1337619014.85 -0.5
1337619014.85 -0.5
1337619014.86 -0.5
1337619014.86 -0.5
1337619014.86 -0.5
1337619014.87 -0.5
1337619014.87 -0.5
1337619014.88 -0.5
1337619014.9 -0.5
1337619014.9 -0.5
1337619014.9 -0.5
1337619014.91 -0.5
1337619014.91 -0.5
1337619014.91 -0.5
1337619014.91 -0.5
1337619014.92 -0.5
1337619014.92 -0.5
1337619014.93 -0.5
1337619014.93 -0.5
1337619014.94 -0.5
1337619014.95 -0.5
1337619014.97 -0.5
1337619014.97 -0.5
1337619014.97 -0.5
1337619014.98 -0.5
1337619014.98 -0.5
1337619014.98 -0.5
1337619014.98 -0.5
1337619014.99 -0.5
1337619014.99 -0.5
1337619015.0 -0.5
1337619015.0 -0.5
1337619015.01 -0.5
1337619015.01 -0.5
1337619015.01 -0.5
1337619015.02 -0.5
1337619015.02 -0.5
1337619015.05 -0.5
1337619015.05 -0.5
1337619015.05 -0.5
1337619015.05 -0.5
1337619015.05 -0.5
1337619015.05 -0.5
1337619015.06 -0.5
1337619015.06 -0.5
1337619015.07 -0.5
1337619015.07 -0.5
1337619015.08 -0.5
1337619015.08 -0.5
1337619015.09 -0.5
1337619015.09 -0.5
1337619015.11 -0.5
1337619015.11 -0.5
1337619015.11 -0.5
1337619015.12 -0.5
1337619015.12 -0.5
1337619015.12 -0.5
1337619015.13 -0.5
1337619015.13 -0.5
1337619015.14 -0.5
1337619015.14 -0.5
1337619015.16 -0.5
1337619015.16 -0.5
1337619015.16 -0.5
1337619015.16 -0.5
1337619015.17 -0.5
1337619015.17 -0.5
1337619015.18 -0.5
1337619015.18 -0.5
1337619015.19 -0.5
1337619015.19 -0.5
1337619015.2 -0.5
1337619015.2 -0.5
1337619015.21 -0.5
1337619015.22 -0.5
1337619015.23 -0.5
1337619015.23 -0.5
1337619015.23 -0.5
1337619015.23 -0.5
1337619015.24 -0.5
1337619015.24 -0.5
1337619015.25 -0.5
1337619015.25 -0.5
1337619015.26 -0.5
1337619015.26 -0.5
1337619015.28 -0.5
1337619015.28 -0.5
1337619015.28 -0.5
1337619015.28 -0.5
1337619015.29 -0.5
1337619015.29 -0.5
1337619015.3 -0.5
1337619015.3 -0.5
1337619015.31 -0.5
1337619015.32 -0.5
1337619015.33 -0.5
1337619015.33 -0.5
1337619015.33 -0.5
1337619015.34 -0.5
1337619015.34 -0.5
1337619015.34 -0.5
1337619015.35 -0.5
1337619015.35 -0.5
1337619015.36 -0.5
1337619015.36 -0.5
1337619015.38 -0.5
1337619015.38 -0.5
1337619015.38 -0.5
1337619015.38 -0.5
1337619015.39 -0.5
1337619015.39 -0.5
1337619015.4 -0.5
1337619015.4 -0.5
1337619015.41 -0.5
1337619015.41 -0.5
1337619015.42 -0.5
1337619015.42 -0.5
1337619015.45 -0.5
1337619015.45 -0.5
1337619015.45 -0.5
1337619015.45 -0.5
1337619015.45 -0.5
1337619015.45 -0.5
1337619015.46 -0.5
1337619015.46 -0.5
1337619015.47 -0.5
1337619015.47 -0.5
1337619015.48 -0.5
1337619015.49 -0.5
1337619015.49 -0.5
1337619015.49 -0.5
1337619015.5 -0.5
1337619015.5 -0.5
1337619015.51 -0.5
1337619015.51 -0.5
1337619015.52 -0.5
1337619015.53 -0.5
1337619015.54 -0.5
1337619015.54 -0.5
1337619015.55 -0.5
1337619015.55 -0.5
1337619015.55 -0.5
1337619015.55 -0.5
1337619015.56 -0.5
1337619015.56 -0.5
1337619015.57 -0.5
1337619015.57 -0.5
1337619015.59 -0.5
1337619015.59 -0.5
1337619015.59 -0.5
1337619015.59 -0.5
1337619015.6 -0.5
1337619015.6 -0.5
1337619015.61 -0.5
1337619015.61 -0.5
1337619015.62 -0.5
1337619015.62 -0.5
1337619015.63 -0.5
1337619015.63 -0.5
1337619015.64 -0.5
1337619015.64 -0.5
1337619015.66 -0.5
1337619015.66 -0.5
1337619015.66 -0.5
1337619015.66 -0.5
1337619015.67 -0.5
1337619015.67 -0.5
1337619015.68 -0.5
1337619015.68 -0.5
1337619015.69 -0.5
1337619015.69 -0.5
1337619015.71 -0.5
1337619015.71 -0.5
1337619015.71 -0.5
1337619015.71 -0.5
1337619015.72 -0.5
1337619015.72 -0.5
1337619015.73 -0.5
1337619015.73 -0.5
1337619015.74 -0.5
1337619015.74 -0.5
1337619015.76 -0.5
1337619015.76 -0.5
1337619015.76 -0.5
1337619015.76 -0.5
1337619015.77 -0.5
1337619015.77 -0.5
1337619015.78 -0.5
1337619015.78 -0.5
1337619015.79 -0.5
1337619015.79 -0.5
1337619015.8 -0.5
1337619015.8 -0.5
1337619015.81 -0.5
1337619015.81 -0.5
1337619015.82 -0.5
1337619015.82 -0.5
1337619015.83 -0.5
1337619015.83 -0.5
1337619015.84 -0.5
1337619015.84 -0.5
1337619015.85 -0.5
1337619015.85 -0.5
1337619015.86 -0.5
1337619015.87 -0.5
1337619015.87 -0.5
1337619015.87 -0.5
1337619015.88 -0.5
1337619015.88 -0.5
1337619015.89 -0.5
1337619015.89 -0.5
1337619015.9 -0.5
1337619015.9 -0.5
1337619015.91 -0.5
1337619015.91 -0.5
1337619015.92 -0.5
1337619015.92 -0.5
1337619015.93 -0.5
1337619015.93 -0.5
1337619015.94 -0.5
1337619015.94 -0.5
1337619015.95 -0.5
1337619015.95 -0.5
1337619015.96 -0.5
1337619015.97 -0.5
1337619015.97 -0.5
1337619015.97 -0.5
1337619015.98 -0.5
1337619015.98 -0.5
1337619015.99 -0.5
1337619015.99 -0.5
1337619016.0 -0.5
1337619016.0 -0.5
1337619016.0 -0.5
1337619016.02 -0.5
1337619016.02 -0.5
1337619016.02 -0.5
1337619016.03 -0.5
1337619016.03 -0.5
1337619016.04 -0.5
1337619016.04 -0.5
1337619016.05 -0.5
1337619016.05 -0.5
1337619016.06 -0.5
1337619016.06 -0.5
1337619016.07 -0.5
1337619016.07 -0.5
1337619016.08 -0.5
1337619016.08 -0.5
1337619016.09 -0.5
1337619016.09 -0.5
1337619016.09 -0.5
1337619016.1 -0.5
1337619016.1 -0.5
1337619016.11 -0.5
1337619016.11 -0.5
1337619016.12 -0.5
1337619016.12 -0.5
1337619016.14 -0.5
1337619016.14 -0.5
1337619016.14 -0.5
1337619016.14 -0.5
1337619016.15 -0.5
1337619016.16 -0.5
1337619016.16 -0.5
1337619016.16 -0.5
1337619016.17 -0.5
1337619016.17 -0.5
1337619016.2 0.0
1337619016.2 0.0
1337619016.2 0.0
1337619016.2 0.0
1337619016.2 0.0
1337619016.21 0.0
1337619016.21 0.0
1337619016.21 0.0
1337619016.22 0.0
1337619016.23 0.0
1337619016.23 0.0
1337619016.23 0.0
1337619016.24 0.0
1337619016.24 0.0
1337619016.25 0.0
1337619016.25 0.0
1337619016.26 0.0
1337619016.27 0.0
1337619016.28 0.0
1337619016.29 0.0
1337619016.29 0.0
1337619016.29 0.0
1337619016.29 0.0
1337619016.3 0.0
1337619016.3 0.0
1337619016.31 0.0
1337619016.31 0.0
1337619016.31 0.0
1337619016.32 0.0
1337619016.32 0.0
1337619016.33 0.0
1337619016.33 0.0
1337619016.35 0.0
1337619016.35 0.0
1337619016.35 0.0
1337619016.36 0.0
1337619016.36 0.0
1337619016.37 0.0
1337619016.37 0.0
1337619016.38 0.0
1337619016.38 0.0
1337619016.38 0.0
1337619016.4 0.0
1337619016.4 0.0
1337619016.4 0.0
1337619016.4 0.0
1337619016.41 0.0
1337619016.42 0.0
1337619016.42 0.0
1337619016.42 0.0
1337619016.43 0.0
1337619016.43 0.0
1337619016.45 0.0
1337619016.45 0.0
1337619016.45 0.0
1337619016.46 0.0
1337619016.46 0.0
1337619016.46 0.0
1337619016.47 0.0
1337619016.47 0.0
1337619016.48 0.0
1337619016.49 0.0
1337619016.5 0.0
1337619016.5 0.0
1337619016.51 0.0
1337619016.51 0.0
1337619016.51 0.0
1337619016.51 0.0
1337619016.52 0.0
1337619016.52 0.0
1337619016.53 0.0
1337619016.53 0.0
1337619016.54 0.0
1337619016.54 0.0
1337619016.55 0.0
1337619016.56 0.0
1337619016.57 0.0
1337619016.57 0.0
1337619016.57 0.0
1337619016.58 0.0
1337619016.58 0.0
1337619016.59 0.0
1337619016.59 0.0
1337619016.59 0.0
1337619016.6 0.0
1337619016.6 0.0
1337619016.61 0.0
1337619016.62 0.0
1337619016.62 0.0
1337619016.62 0.0
1337619016.63 0.0
1337619016.63 0.0
1337619016.64 0.0
1337619016.64 0.0
1337619016.65 0.0
1337619016.66 0.0
1337619016.67 0.0
1337619016.67 0.0
1337619016.67 0.0
1337619016.67 0.0
1337619016.68 0.0
1337619016.68 0.0
1337619016.69 0.0
1337619016.69 0.0
1337619016.7 0.0
1337619016.71 0.0
1337619016.72 0.0
1337619016.73 0.0
1337619016.73 0.0
1337619016.73 0.0
1337619016.73 0.0
1337619016.74 0.0
1337619016.74 0.0
1337619016.74 0.0
1337619016.75 0.0
1337619016.75 0.0
1337619016.76 0.0
1337619016.76 0.0
1337619016.77 0.0
1337619016.77 0.0
1337619016.79 0.0
1337619016.79 0.0
1337619016.79 0.0
1337619016.79 0.0
1337619016.8 0.0
1337619016.8 0.0
1337619016.81 0.0
1337619016.81 0.0
1337619016.82 0.0
1337619016.83 0.0
1337619016.83 0.0
1337619016.83 0.0
1337619016.84 0.0
1337619016.84 0.0
1337619016.85 0.0
1337619016.85 0.0
1337619016.86 0.0
1337619016.86 0.0
1337619016.87 0.0
1337619016.88 0.0
1337619016.88 0.0
1337619016.88 0.0
1337619016.89 0.0
1337619016.89 0.0
1337619016.9 0.0
1337619016.9 0.0
1337619016.91 0.0
1337619016.91 0.0
1337619016.92 0.0
1337619016.93 0.0
1337619016.93 0.0
1337619016.93 0.0
1337619016.94 0.0
1337619016.94 0.0
1337619016.95 0.0
1337619016.95 0.0
1337619016.96 0.0
1337619016.97 0.0
1337619016.97 0.0
1337619016.98 0.0
1337619016.98 0.0
1337619016.98 0.0
1337619017.0 0.0
1337619017.0 0.0
1337619017.0 0.0
1337619017.01 0.0
1337619017.01 0.0
1337619017.01 0.0
1337619017.02 0.0
1337619017.02 0.0
1337619017.03 0.0
1337619017.03 0.0
1337619017.04 0.0
1337619017.05 0.0
1337619017.06 0.0
1337619017.06 0.0
1337619017.06 0.0
1337619017.07 0.0
1337619017.07 0.0
1337619017.07 0.0
1337619017.09 0.0
1337619017.09 0.0
1337619017.11 0.0
1337619017.11 0.0
1337619017.11 0.0
1337619017.11 0.0
1337619017.11 0.0
1337619017.12 0.0
1337619017.12 0.0
1337619017.12 0.0
1337619017.13 0.0
1337619017.13 0.0
1337619017.14 0.0
1337619017.15 0.0
1337619017.15 0.0
1337619017.15 0.0
1337619017.16 0.0
1337619017.17 0.0
1337619017.17 0.0
1337619017.17 0.0
1337619017.18 0.0
1337619017.18 0.0
1337619017.21 0.0
1337619017.21 0.0
1337619017.21 0.0
1337619017.21 0.0
1337619017.21 0.0
1337619017.21 0.0
1337619017.22 0.0
1337619017.22 0.0
1337619017.24 0.0
1337619017.24 0.0
1337619017.25 0.0
1337619017.25 0.0
1337619017.25 0.0
1337619017.25 0.0
1337619017.26 0.0
1337619017.27 0.0
1337619017.27 0.0
1337619017.27 0.0
1337619017.28 0.0
1337619017.28 0.0
1337619017.29 0.0
1337619017.29 0.0
1337619017.3 0.0
1337619017.31 0.0
1337619017.31 0.0
1337619017.31 0.0
1337619017.32 0.0
1337619017.32 0.0
1337619017.33 0.0
1337619017.33 0.0
1337619017.34 0.0
1337619017.34 0.0
1337619017.35 0.0
1337619017.36 0.0
1337619017.36 0.0
1337619017.36 0.0
1337619017.37 0.0
1337619017.37 0.0
1337619017.38 0.0
1337619017.38 0.0
1337619017.39 0.0
1337619017.39 0.0
1337619017.4 0.0
1337619017.41 0.0
1337619017.41 0.0
1337619017.41 0.0
1337619017.42 0.0
1337619017.42 0.0
1337619017.43 0.0
1337619017.43 0.0
1337619017.44 0.0
1337619017.44 0.0
1337619017.45 0.0
1337619017.45 0.0
1337619017.46 0.0
1337619017.46 0.0
1337619017.47 0.0
1337619017.48 0.0
1337619017.48 0.0
1337619017.48 0.0
1337619017.48 0.0
1337619017.49 0.0
1337619017.5 0.0
1337619017.5 0.0
1337619017.5 0.0
1337619017.51 0.0
1337619017.52 0.0
1337619017.53 0.0
1337619017.53 0.0
1337619017.53 0.0
1337619017.53 0.0
1337619017.54 0.0
1337619017.55 0.0
1337619017.55 0.0
1337619017.56 0.0
1337619017.56 0.0
1337619017.57 0.0
1337619017.57 0.0
1337619017.58 0.0
1337619017.58 0.0
1337619017.58 0.0
1337619017.59 0.0
1337619017.6 0.0
1337619017.6 0.0
1337619017.61 0.0
1337619017.61 0.0
1337619017.62 0.0
1337619017.63 0.0
1337619017.63 0.0
1337619017.63 0.0
1337619017.64 0.0
1337619017.64 0.0
1337619017.65 0.0
1337619017.65 0.0
1337619017.65 0.0
1337619017.66 0.0
1337619017.66 0.0
1337619017.67 0.0
1337619017.67 0.0
1337619017.68 0.0
1337619017.69 0.0
1337619017.69 0.0
1337619017.69 0.0
1337619017.7 0.0
1337619017.7 0.0
1337619017.71 0.0
1337619017.71 0.0
1337619017.72 0.0
1337619017.72 0.0
1337619017.73 0.0
1337619017.75 0.0
1337619017.75 0.0
1337619017.75 0.0
1337619017.75 0.0
1337619017.76 0.0
1337619017.76 0.0
1337619017.77 0.0
1337619017.77 0.0
1337619017.78 0.0
1337619017.78 0.0
1337619017.79 0.0
1337619017.79 0.0
1337619017.8 0.0
1337619017.8 0.0
1337619017.8 0.0
1337619017.81 0.0
1337619017.81 0.0
1337619017.82 0.0
1337619017.82 0.0
1337619017.83 0.0
1337619017.84 0.0
1337619017.84 0.0
1337619017.84 0.0
1337619017.85 0.0
1337619017.85 0.0
1337619017.86 0.0
1337619017.86 0.0
1337619017.87 0.0
1337619017.87 0.0
1337619017.88 0.0
1337619017.88 0.0
1337619017.89 0.0
1337619017.9 0.0
1337619017.9 0.0
1337619017.91 0.0
1337619017.92 0.0
1337619017.92 0.0
1337619017.92 0.0
1337619017.93 0.0
1337619017.93 0.0
1337619017.94 0.0
1337619017.94 0.0
1337619017.94 0.0
1337619017.95 0.0
1337619017.96 0.0
1337619017.96 0.0
1337619017.97 0.0
1337619017.97 0.0
1337619017.97 0.0
1337619017.98 0.0
1337619017.98 0.0
1337619017.99 0.0
1337619017.99 0.0
1337619018.0 0.0
1337619018.01 0.0
1337619018.01 0.0
1337619018.02 0.0
1337619018.02 0.0
1337619018.02 0.0
1337619018.03 0.0
1337619018.03 0.0
1337619018.04 0.0
1337619018.04 0.0
1337619018.05 0.0
1337619018.06 0.0
1337619018.06 0.0
1337619018.06 0.0
1337619018.07 0.0
1337619018.07 0.0
1337619018.08 0.0
1337619018.08 0.0
1337619018.09 0.0
1337619018.09 0.0
1337619018.1 0.0
1337619018.11 0.0
1337619018.11 0.0
1337619018.11 0.0
1337619018.13 0.0
1337619018.13 0.0
1337619018.13 0.0
1337619018.13 0.0
1337619018.14 0.0
1337619018.14 0.0
1337619018.15 0.0
1337619018.15 0.0
1337619018.16 0.0
1337619018.16 0.0
1337619018.18 0.0
1337619018.18 0.0
1337619018.18 0.0
1337619018.18 0.0
1337619018.19 0.0
1337619018.2 0.0
1337619018.2 0.0
1337619018.2 0.0
1337619018.21 0.0
1337619018.22 0.0
1337619018.22 0.0
1337619018.23 0.0
1337619018.23 0.0
1337619018.23 0.0
1337619018.24 0.0
1337619018.24 0.0
1337619018.25 0.0
1337619018.26 0.0
1337619018.26 0.0
1337619018.26 0.0
1337619018.27 0.0
1337619018.27 0.0
1337619018.28 0.0
1337619018.28 0.0
1337619018.29 0.0
1337619018.3 0.0
1337619018.3 0.0
1337619018.3 0.0
1337619018.31 0.0
1337619018.31 0.0
1337619018.32 0.0
1337619018.32 0.0
1337619018.33 0.0
1337619018.33 0.0
1337619018.34 0.0
1337619018.34 0.0
1337619018.35 0.0
1337619018.36 0.0
1337619018.36 0.0
1337619018.36 0.0
1337619018.37 0.0
1337619018.37 0.0
1337619018.38 0.0
1337619018.39 0.0
1337619018.39 0.0
1337619018.4 0.0
1337619018.4 0.0
1337619018.4 0.0
1337619018.41 0.0
1337619018.41 0.0
1337619018.42 0.0
1337619018.43 0.0
1337619018.43 0.0
1337619018.44 0.0
1337619018.44 0.0
1337619018.44 0.0
1337619018.45 0.0
1337619018.45 0.0
1337619018.47 0.0
1337619018.47 0.0
1337619018.47 0.0
1337619018.47 0.0
1337619018.48 0.0
1337619018.49 0.0
1337619018.49 0.0
1337619018.49 0.0
1337619018.5 0.0
1337619018.5 0.0
1337619018.51 0.0
1337619018.52 0.0
1337619018.52 0.0
1337619018.52 0.0
1337619018.53 0.0
1337619018.54 0.0
1337619018.55 0.0
1337619018.55 0.0
1337619018.55 0.0
1337619018.55 0.0
1337619018.56 0.0
1337619018.56 0.0
1337619018.57 0.0
1337619018.57 0.0
1337619018.58 0.0
1337619018.58 0.0
1337619018.59 0.0
1337619018.59 0.0
1337619018.6 0.0
1337619018.6 0.0
1337619018.61 0.0
1337619018.61 0.0
1337619018.62 0.0
1337619018.62 0.0
1337619018.63 0.0
1337619018.63 0.0
1337619018.64 0.0
1337619018.64 0.0
1337619018.65 0.0
1337619018.65 0.0
1337619018.66 0.0
1337619018.66 0.0
1337619018.67 0.0
1337619018.68 0.0
1337619018.68 0.0
1337619018.69 0.0
1337619018.69 0.0
1337619018.69 0.0
1337619018.71 0.0
1337619018.71 0.0
1337619018.71 0.0
1337619018.72 0.0
1337619018.72 0.0
1337619018.72 0.0
1337619018.73 0.0
1337619018.73 0.0
1337619018.74 0.0
1337619018.74 0.0
1337619018.75 0.0
1337619018.76 0.0
1337619018.76 0.0
1337619018.76 0.0
1337619018.78 0.0
1337619018.78 0.0
1337619018.78 0.0
1337619018.78 0.0
1337619018.79 0.0
1337619018.79 0.0
1337619018.8 0.0
1337619018.8 0.0
1337619018.81 0.0
1337619018.81 0.0
1337619018.82 0.0
1337619018.83 0.0
1337619018.84 0.0
1337619018.84 0.0
1337619018.84 0.0
1337619018.85 0.0
1337619018.85 0.0
1337619018.87 0.0
1337619018.88 0.0
1337619018.89 0.0
1337619018.89 0.0
1337619018.91 0.0
1337619018.91 0.0
1337619018.92 0.0
1337619018.92 0.0
1337619018.92 0.0
1337619018.92 0.0
1337619018.92 0.0
1337619018.94 0.0
1337619018.94 0.0
1337619018.95 0.0
1337619018.95 0.0
1337619018.95 0.0
1337619018.95 0.0
1337619018.96 0.0
1337619018.97 0.0
1337619018.97 0.0
1337619018.97 0.0
1337619018.97 0.0
1337619018.97 0.0
1337619018.98 0.0
1337619018.98 0.0
1337619018.98 0.0
1337619018.98 0.0
1337619018.99 0.0
1337619018.99 0.0
1337619019.0 0.0
1337619019.0 0.0
1337619019.01 0.0
1337619019.01 0.0
1337619019.02 0.0
1337619019.02 0.0
1337619019.03 0.0
1337619019.04 0.0
1337619019.04 0.0
1337619019.04 0.0
1337619019.05 0.0
1337619019.05 0.0
1337619019.06 0.0
1337619019.06 0.0
1337619019.07 0.0
1337619019.07 0.0
1337619019.08 0.0
1337619019.09 0.0
1337619019.09 0.0
1337619019.09 0.0
1337619019.1 0.0
1337619019.1 0.0
1337619019.11 0.0
1337619019.11 0.0
1337619019.12 0.0
1337619019.12 0.0
1337619019.12 0.0
1337619019.14 0.0
1337619019.14 0.0
1337619019.14 0.0
1337619019.14 0.0
1337619019.15 0.0
1337619019.16 0.0
1337619019.16 0.0
1337619019.16 0.0
1337619019.17 0.0
1337619019.18 0.0
1337619019.19 0.0
1337619019.19 0.0
1337619019.19 0.0
1337619019.2 0.0
1337619019.2 0.0
1337619019.21 0.0
1337619019.21 0.0
1337619019.21 0.0
1337619019.22 0.0
1337619019.23 0.0
1337619019.23 0.0
1337619019.23 0.0
1337619019.24 0.0
1337619019.25 0.0
1337619019.25 0.0
1337619019.25 0.0
1337619019.26 0.0
1337619019.27 0.0
1337619019.27 0.0
1337619019.27 0.0
1337619019.28 0.0
1337619019.28 0.0
1337619019.29 0.0
1337619019.3 0.0
1337619019.3 0.0
1337619019.3 0.0
1337619019.31 0.0
1337619019.31 0.0
1337619019.32 0.0
1337619019.32 0.0
1337619019.33 0.0
1337619019.33 0.0
1337619019.34 0.0
1337619019.35 0.0
1337619019.35 0.0
1337619019.36 0.0
1337619019.36 0.0
1337619019.36 0.0
1337619019.37 0.0
1337619019.37 0.0
1337619019.38 0.0
1337619019.39 0.0
1337619019.39 0.0
1337619019.4 0.0
1337619019.41 0.0
1337619019.41 0.0
1337619019.41 0.0
1337619019.42 0.0
1337619019.42 0.0
1337619019.42 0.0
1337619019.43 0.0
1337619019.43 0.0
1337619019.44 0.0
1337619019.45 0.0
1337619019.45 0.0
1337619019.45 0.0
1337619019.46 0.0
1337619019.46 0.0
1337619019.47 0.0
1337619019.47 0.0
1337619019.48 0.0
1337619019.48 0.0
1337619019.49 0.0
1337619019.49 0.0
1337619019.5 0.0
1337619019.5 0.0
1337619019.51 0.0
1337619019.52 0.0
1337619019.52 0.0
1337619019.53 0.0
1337619019.53 0.0
1337619019.53 0.0
1337619019.54 0.0
1337619019.54 0.0
1337619019.55 0.0
1337619019.55 0.0
1337619019.56 0.0
1337619019.57 0.0
1337619019.57 0.0
1337619019.57 0.0
1337619019.58 0.0
1337619019.59 0.0
1337619019.59 0.0
1337619019.59 0.0
1337619019.61 0.0
1337619019.61 0.0
1337619019.61 0.0
1337619019.62 0.0
1337619019.63 0.0
1337619019.63 0.0
1337619019.63 0.0
1337619019.63 0.0
1337619019.64 0.0
1337619019.64 0.0
1337619019.65 0.0
1337619019.65 0.0
1337619019.66 0.0
1337619019.67 0.0
1337619019.67 0.0
1337619019.67 0.0
1337619019.68 0.0
1337619019.68 0.0
1337619019.69 0.0
1337619019.69 0.0
1337619019.7 0.0
1337619019.7 0.0
1337619019.72 0.0
1337619019.72 0.0
1337619019.72 0.0
1337619019.73 0.0
1337619019.73 0.0
1337619019.74 0.0
1337619019.74 0.0
1337619019.74 0.0
1337619019.75 0.0
1337619019.76 0.0
1337619019.76 0.0
1337619019.77 0.0
1337619019.77 0.0
1337619019.77 0.0
1337619019.78 0.0
1337619019.79 0.0
1337619019.79 0.0
1337619019.8 0.0
1337619019.8 0.0
1337619019.81 0.0
1337619019.81 0.0
1337619019.81 0.0
1337619019.82 0.0
1337619019.82 0.0
1337619019.84 0.0
1337619019.84 0.0
1337619019.84 0.0
1337619019.84 0.0
1337619019.85 0.0
1337619019.85 0.0
1337619019.86 0.0
1337619019.86 0.0
1337619019.87 0.0
1337619019.87 0.0
1337619019.88 0.0
1337619019.88 0.0
1337619019.89 0.0
1337619019.89 0.0
1337619019.9 0.0
1337619019.91 0.0
1337619019.91 0.0
1337619019.91 0.0
1337619019.92 0.0
1337619019.92 0.0
1337619019.93 0.0
1337619019.93 0.0
1337619019.94 0.0
1337619019.94 0.0
1337619019.95 0.0
1337619019.95 0.0
1337619019.96 0.0
1337619019.96 0.0
1337619019.97 0.0
1337619019.97 0.0
1337619019.98 0.0
1337619019.98 0.0
1337619019.99 0.0
1337619019.99 0.0
1337619020.0 0.0
1337619020.0 0.0
1337619020.01 0.0
1337619020.01 0.0
1337619020.02 0.0
1337619020.02 0.0
1337619020.03 0.0
1337619020.03 0.0
1337619020.04 0.0
1337619020.04 0.0
1337619020.05 0.0
1337619020.06 0.0
1337619020.06 0.0
1337619020.06 0.0
1337619020.07 0.0
1337619020.07 0.0
1337619020.08 0.0
1337619020.09 0.0
1337619020.09 0.0
1337619020.09 0.0
1337619020.1 0.0
1337619020.1 0.0
1337619020.11 0.0
1337619020.11 0.0
1337619020.12 0.0
1337619020.12 0.0
1337619020.13 0.0
1337619020.13 0.0
1337619020.14 0.0
1337619020.14 0.0
1337619020.15 0.0
1337619020.15 0.0
1337619020.16 0.0
1337619020.17 0.0
1337619020.17 0.0
1337619020.17 0.0
1337619020.18 0.0
1337619020.18 0.0
1337619020.19 0.0
