1337619010.18 508.0
1337619010.18 442.0
1337619010.19 379.0
1337619010.19 330.0
1337619010.2 263.0
1337619010.2 207.0
1337619010.23 160.0
1337619010.23 87.0
1337619010.23 10.0
1337619010.23 -35.0
1337619010.23 -105.0
1337619010.23 -172.0
1337619010.24 -204.0
1337619010.24 -266.0
1337619010.25 -339.0
1337619010.25 -386.0
1337619010.26 -451.0
1337619010.28 -506.0
1337619010.28 -546.0
1337619010.28 -608.0
1337619010.29 -667.0
1337619010.29 -700.0
1337619010.29 -742.0
1337619010.3 -803.0
1337619010.3 -824.0
1337619010.31 -861.0
1337619010.31 -919.0
1337619010.31 -941.0
1337619010.32 -989.0
1337619010.32 -1036.0
1337619010.36 -1031.0
1337619010.36 -1058.0
1337619010.36 -1091.0
1337619010.36 -1107.0
1337619010.36 -1137.0
1337619010.36 -1172.0
1337619010.37 -1180.0
1337619010.38 -1208.0
1337619010.38 -1253.0
1337619010.38 -1252.0
1337619010.38 -1270.0
1337619010.39 -1322.0
1337619010.39 -1327.0
1337619010.39 -1351.0
1337619010.4 -1390.0
1337619010.41 -1393.0
1337619010.41 -1416.0
1337619010.41 -1439.0
1337619010.42 -1427.0
1337619010.43 -1448.0
1337619010.45 -1481.0
1337619010.45 -1460.0
1337619010.45 -1455.0
1337619010.46 -1482.0
1337619010.46 -1463.0
1337619010.46 -1460.0
1337619010.46 -1469.0
1337619010.47 -1433.0
1337619010.47 -1438.0
1337619010.47 -1438.0
1337619010.49 -1410.0
1337619010.49 -1395.0
1337619010.49 -1386.0
1337619010.5 -1351.0
1337619010.5 -1338.0
1337619010.51 -1333.0
1337619010.51 -1285.0
1337619010.51 -1247.0
1337619010.52 -1241.0
1337619010.52 -1198.0
1337619010.55 -1173.0
1337619010.55 -1148.0
1337619010.55 -1094.0
1337619010.55 -1061.0
1337619010.55 -1029.0
1337619010.56 -982.0
1337619010.56 -942.0
1337619010.56 -912.0
1337619010.57 -846.0
1337619010.57 -797.0
1337619010.59 -772.0
1337619010.59 -712.0
1337619010.59 -668.0
1337619010.59 -627.0
1337619010.6 -559.0
1337619010.61 -509.0
1337619010.61 -450.0
1337619010.61 -396.0
1337619010.62 -356.0
1337619010.63 -310.0
1337619010.65 -237.0
1337619010.65 -177.0
1337619010.65 -127.0
1337619010.65 -71.0
1337619010.65 -22.0
1337619010.65 33.0
1337619010.66 88.0
1337619010.66 146.0
1337619010.67 214.0
1337619010.67 263.0
1337619010.68 334.0
1337619010.68 397.0
1337619010.69 447.0
1337619010.69 512.0
1337619010.72 570.0
1337619010.72 621.0
1337619010.72 693.0
1337619010.72 754.0
1337619010.72 790.0
1337619010.72 867.0
1337619010.73 936.0
1337619010.73 971.0
1337619010.74 1058.0
1337619010.77 1111.0
1337619010.77 1128.0
1337619010.77 1204.0
1337619010.77 1254.0
1337619010.77 1289.0
1337619010.78 1372.0
1337619010.78 1420.0
1337619010.78 1440.0
1337619010.78 1520.0
1337619010.79 1568.0
1337619010.8 1591.0
1337619010.8 1682.0
1337619010.81 1726.0
1337619010.81 1735.0
1337619010.81 1794.0
1337619010.82 1827.0
1337619010.82 1857.0
1337619010.83 1921.0
1337619010.83 1947.0
1337619010.84 1969.0
1337619010.84 2018.0
1337619010.85 2046.0
1337619010.86 2052.0
1337619010.87 2084.0
1337619010.87 2116.0
1337619010.87 2122.0
1337619010.87 2149.0
1337619010.88 2174.0
1337619010.88 2181.0
1337619010.89 2192.0
1337619010.89 2214.0
1337619010.9 2215.0
1337619010.9 2216.0
1337619010.91 2257.0
1337619010.91 2256.0
1337619010.92 2267.0
1337619010.92 2310.0
1337619010.94 2298.0
1337619010.94 2309.0
1337619010.94 2335.0
1337619010.95 2310.0
1337619010.95 2297.0
1337619010.95 2308.0
1337619010.96 2285.0
1337619010.97 2267.0
1337619010.97 2284.0
1337619010.97 2264.0
1337619010.98 2223.0
1337619010.99 2220.0
1337619010.99 2180.0
1337619010.99 2154.0
1337619011.0 2143.0
1337619011.0 2086.0
1337619011.01 2057.0
1337619011.03 2042.0
1337619011.03 2002.0
1337619011.03 1952.0
1337619011.03 1901.0
1337619011.03 1857.0
1337619011.04 1824.0
1337619011.04 1777.0
1337619011.05 1743.0
1337619011.05 1701.0
1337619011.06 1635.0
1337619011.08 1592.0
1337619011.08 1553.0
1337619011.08 1485.0
1337619011.08 1464.0
1337619011.08 1423.0
1337619011.09 1346.0
1337619011.09 1320.0
1337619011.1 1280.0
1337619011.1 1205.0
1337619011.11 1186.0
1337619011.11 1157.0
1337619011.12 1077.0
1337619011.12 1058.0
1337619011.14 1031.0
1337619011.14 951.0
1337619011.14 949.0
1337619011.14 915.0
1337619011.15 848.0
1337619011.15 838.0
1337619011.16 801.0
1337619011.16 734.0
1337619011.17 715.0
1337619011.17 692.0
1337619011.19 633.0
1337619011.19 611.0
1337619011.19 578.0
1337619011.19 515.0
1337619011.2 483.0
1337619011.2 452.0
1337619011.21 392.0
1337619011.21 366.0
1337619011.22 340.0
1337619011.22 284.0
1337619011.24 258.0
1337619011.24 237.0
1337619011.24 195.0
1337619011.24 164.0
1337619011.25 150.0
1337619011.25 111.0
1337619011.26 74.0
1337619011.26 68.0
1337619011.27 18.0
1337619011.27 -8.0
1337619011.29 -13.0
1337619011.29 -61.0
1337619011.29 -89.0
1337619011.29 -99.0
1337619011.3 -139.0
1337619011.3 -180.0
1337619011.31 -196.0
1337619011.31 -245.0
1337619011.32 -309.0
1337619011.32 -314.0
1337619011.33 -372.0
1337619011.33 -417.0
1337619011.34 -417.0
1337619011.35 -475.0
1337619011.36 -510.0
1337619011.36 -522.0
1337619011.36 -578.0
1337619011.36 -626.0
1337619011.36 -644.0
1337619011.37 -698.0
1337619011.38 -752.0
1337619011.38 -748.0
1337619011.39 -807.0
1337619011.41 -856.0
1337619011.41 -874.0
1337619011.41 -946.0
1337619011.41 -985.0
1337619011.42 -1013.0
1337619011.42 -1082.0
1337619011.42 -1111.0
1337619011.43 -1148.0
1337619011.43 -1222.0
1337619011.44 -1272.0
1337619011.44 -1310.0
1337619011.44 -1361.0
1337619011.45 -1409.0
1337619011.48 -1461.0
1337619011.48 -1523.0
1337619011.48 -1555.0
1337619011.48 -1588.0
1337619011.49 -1628.0
1337619011.49 -1647.0
1337619011.49 -1676.0
1337619011.49 -1708.0
1337619011.5 -1716.0
1337619011.5 -1745.0
1337619011.5 -1762.0
1337619011.52 -1780.0
1337619011.52 -1830.0
1337619011.52 -1861.0
1337619011.52 -1868.0
1337619011.53 -1908.0
1337619011.53 -1909.0
1337619011.54 -1919.0
1337619011.54 -1962.0
1337619011.55 -1959.0
1337619011.55 -1966.0
1337619011.58 -2017.0
1337619011.58 -2015.0
1337619011.58 -2003.0
1337619011.58 -2032.0
1337619011.58 -2002.0
1337619011.58 -1993.0
1337619011.59 -2027.0
1337619011.59 -1987.0
1337619011.61 -1967.0
1337619011.61 -1988.0
1337619011.63 -1950.0
1337619011.63 -1921.0
1337619011.63 -1928.0
1337619011.63 -1888.0
1337619011.64 -1858.0
1337619011.64 -1879.0
1337619011.65 -1822.0
1337619011.65 -1782.0
1337619011.65 -1793.0
1337619011.67 -1742.0
1337619011.67 -1713.0
1337619011.67 -1719.0
1337619011.67 -1658.0
1337619011.68 -1615.0
1337619011.68 -1611.0
1337619011.68 -1550.0
1337619011.69 -1509.0
1337619011.7 -1493.0
1337619011.7 -1427.0
1337619011.7 -1385.0
1337619011.74 -1353.0
1337619011.74 -1296.0
1337619011.74 -1263.0
1337619011.74 -1240.0
1337619011.74 -1195.0
1337619011.74 -1145.0
1337619011.74 -1115.0
1337619011.75 -1079.0
1337619011.75 -1047.0
1337619011.75 -1025.0
1337619011.76 -1002.0
1337619011.76 -960.0
1337619011.77 -925.0
1337619011.79 -912.0
1337619011.79 -873.0
1337619011.79 -855.0
1337619011.79 -832.0
1337619011.79 -772.0
1337619011.8 -753.0
1337619011.8 -728.0
1337619011.81 -685.0
1337619011.81 -651.0
1337619011.82 -639.0
1337619011.86 -601.0
1337619011.86 -587.0
1337619011.86 -602.0
1337619011.86 -555.0
1337619011.86 -550.0
1337619011.86 -548.0
1337619011.87 -497.0
1337619011.87 -507.0
1337619011.87 -509.0
1337619011.88 -480.0
1337619011.88 -490.0
1337619011.89 -508.0
1337619011.89 -487.0
1337619011.89 -504.0
1337619011.89 -529.0
1337619011.9 -493.0
1337619011.9 -507.0
1337619011.91 -517.0
1337619011.91 -479.0
1337619011.92 -496.0
1337619011.94 -507.0
1337619011.94 -486.0
1337619011.94 -509.0
1337619011.94 -526.0
1337619011.94 -506.0
1337619011.95 -528.0
1337619011.95 -534.0
1337619011.96 -503.0
1337619011.96 -523.0
1337619011.97 -536.0
1337619011.99 -537.0
1337619011.99 -564.0
1337619011.99 -571.0
1337619011.99 -559.0
1337619012.0 -590.0
1337619012.0 -602.0
1337619012.0 -604.0
1337619012.01 -624.0
1337619012.01 -630.0
1337619012.02 -638.0
1337619012.02 -656.0
1337619012.03 -657.0
1337619012.04 -686.0
1337619012.04 -719.0
1337619012.04 -726.0
1337619012.05 -750.0
1337619012.05 -783.0
1337619012.06 -800.0
1337619012.06 -826.0
1337619012.08 -835.0
1337619012.08 -852.0
1337619012.08 -903.0
1337619012.09 -911.0
1337619012.09 -906.0
1337619012.09 -948.0
1337619012.1 -963.0
1337619012.1 -982.0
1337619012.11 -1031.0
1337619012.11 -1028.0
1337619012.12 -1030.0
1337619012.12 -1071.0
1337619012.13 -1082.0
1337619012.13 -1103.0
1337619012.15 -1147.0
1337619012.15 -1136.0
1337619012.16 -1135.0
1337619012.16 -1196.0
1337619012.16 -1193.0
1337619012.17 -1191.0
1337619012.17 -1245.0
1337619012.17 -1215.0
1337619012.18 -1215.0
1337619012.2 -1269.0
1337619012.2 -1251.0
1337619012.2 -1268.0
1337619012.2 -1305.0
1337619012.2 -1273.0
1337619012.21 -1268.0
1337619012.21 -1317.0
1337619012.22 -1286.0
1337619012.23 -1281.0
1337619012.23 -1322.0
1337619012.23 -1272.0
1337619012.24 -1275.0
1337619012.24 -1304.0
1337619012.25 -1260.0
1337619012.27 -1264.0
1337619012.27 -1212.0
1337619012.27 -1195.0
1337619012.27 -1212.0
1337619012.29 -1144.0
1337619012.29 -1112.0
1337619012.29 -1115.0
1337619012.29 -1030.0
1337619012.3 -1012.0
1337619012.3 -1004.0
1337619012.33 -932.0
1337619012.33 -897.0
1337619012.34 -878.0
1337619012.34 -812.0
1337619012.34 -790.0
1337619012.34 -776.0
1337619012.34 -693.0
1337619012.35 -670.0
1337619012.35 -663.0
1337619012.37 -599.0
1337619012.37 -582.0
1337619012.37 -560.0
1337619012.37 -499.0
1337619012.37 -479.0
1337619012.38 -450.0
1337619012.38 -395.0
1337619012.39 -393.0
1337619012.39 -363.0
1337619012.4 -308.0
1337619012.4 -303.0
1337619012.42 -282.0
1337619012.42 -246.0
1337619012.42 -242.0
1337619012.43 -201.0
1337619012.43 -182.0
1337619012.43 -180.0
1337619012.44 -128.0
1337619012.44 -120.0
1337619012.45 -120.0
1337619012.45 -87.0
1337619012.46 -85.0
1337619012.46 -60.0
1337619012.47 -25.0
1337619012.49 -38.0
1337619012.49 -14.0
1337619012.49 20.0
1337619012.49 13.0
1337619012.49 40.0
1337619012.5 75.0
1337619012.5 53.0
1337619012.51 96.0
1337619012.51 129.0
1337619012.52 96.0
1337619012.53 126.0
1337619012.54 149.0
1337619012.54 125.0
1337619012.54 169.0
1337619012.54 188.0
1337619012.55 158.0
1337619012.55 217.0
1337619012.56 230.0
1337619012.56 181.0
1337619012.57 238.0
1337619012.58 252.0
1337619012.59 226.0
1337619012.59 277.0
1337619012.59 268.0
1337619012.59 246.0
1337619012.6 294.0
1337619012.6 272.0
1337619012.61 234.0
1337619012.61 266.0
1337619012.62 250.0
1337619012.64 220.0
1337619012.64 252.0
1337619012.64 216.0
1337619012.64 181.0
1337619012.64 199.0
1337619012.65 148.0
1337619012.65 109.0
1337619012.66 107.0
1337619012.66 41.0
1337619012.67 18.0
1337619012.67 3.0
1337619012.68 -61.0
1337619012.68 -97.0
1337619012.69 -135.0
1337619012.69 -201.0
1337619012.7 -226.0
1337619012.7 -272.0
1337619012.72 -333.0
1337619012.72 -357.0
1337619012.72 -415.0
1337619012.72 -465.0
1337619012.73 -498.0
1337619012.73 -562.0
1337619012.74 -602.0
1337619012.74 -635.0
1337619012.75 -680.0
1337619012.75 -694.0
1337619012.76 -706.0
1337619012.76 -743.0
1337619012.77 -767.0
1337619012.78 -783.0
1337619012.78 -831.0
1337619012.78 -832.0
1337619012.79 -842.0
1337619012.79 -886.0
1337619012.8 -898.0
1337619012.8 -901.0
1337619012.81 -942.0
1337619012.81 -934.0
1337619012.82 -941.0
1337619012.84 -998.0
1337619012.84 -989.0
1337619012.84 -994.0
1337619012.84 -1040.0
1337619012.84 -1010.0
1337619012.85 -1013.0
1337619012.85 -1057.0
1337619012.86 -1040.0
1337619012.86 -1039.0
1337619012.87 -1073.0
1337619012.87 -1042.0
1337619012.88 -1033.0
1337619012.88 -1068.0
1337619012.88 -1015.0
1337619012.89 -1020.0
1337619012.9 -1058.0
1337619012.91 -1006.0
1337619012.94 -1003.0
1337619012.94 -1038.0
1337619012.94 -990.0
1337619012.94 -988.0
1337619012.94 -993.0
1337619012.95 -931.0
1337619012.95 -926.0
1337619012.95 -923.0
1337619012.95 -854.0
1337619012.96 -853.0
1337619012.96 -849.0
1337619012.96 -790.0
1337619012.97 -786.0
1337619012.97 -781.0
1337619012.97 -718.0
1337619012.98 -698.0
1337619012.98 -678.0
1337619012.99 -629.0
1337619012.99 -637.0
1337619013.02 -609.0
1337619013.02 -560.0
1337619013.02 -548.0
1337619013.02 -522.0
1337619013.02 -486.0
1337619013.03 -486.0
1337619013.03 -458.0
1337619013.04 -428.0
1337619013.04 -417.0
1337619013.04 -375.0
1337619013.05 -353.0
1337619013.07 -342.0
1337619013.07 -309.0
1337619013.07 -307.0
1337619013.07 -283.0
1337619013.08 -244.0
1337619013.08 -258.0
1337619013.08 -240.0
1337619013.09 -209.0
1337619013.1 -212.0
1337619013.1 -191.0
1337619013.12 -170.0
1337619013.12 -199.0
1337619013.12 -168.0
1337619013.12 -147.0
1337619013.13 -186.0
1337619013.13 -162.0
1337619013.13 -135.0
1337619013.14 -176.0
1337619013.14 -157.0
1337619013.15 -155.0
1337619013.16 -185.0
1337619013.16 -157.0
1337619013.16 -156.0
1337619013.18 -178.0
1337619013.18 -159.0
1337619013.19 -153.0
1337619013.19 -182.0
1337619013.19 -175.0
1337619013.19 -162.0
1337619013.2 -178.0
1337619013.2 -160.0
1337619013.21 -139.0
1337619013.21 -153.0
1337619013.24 -150.0
1337619013.24 -133.0
1337619013.24 -127.0
1337619013.24 -124.0
1337619013.24 -99.0
1337619013.25 -98.0
1337619013.25 -83.0
1337619013.25 -47.0
1337619013.26 -35.0
1337619013.26 -33.0
1337619013.28 6.0
1337619013.28 8.0
1337619013.28 7.0
1337619013.29 54.0
1337619013.29 48.0
1337619013.3 52.0
1337619013.3 95.0
1337619013.3 104.0
1337619013.31 115.0
1337619013.31 138.0
1337619013.32 134.0
1337619013.32 126.0
1337619013.33 148.0
1337619013.33 140.0
1337619013.34 133.0
1337619013.34 151.0
1337619013.35 117.0
1337619013.37 98.0
1337619013.37 91.0
1337619013.37 77.0
1337619013.37 73.0
1337619013.38 50.0
1337619013.38 23.0
1337619013.38 9.0
1337619013.39 -29.0
1337619013.39 -38.0
1337619013.4 -42.0
1337619013.4 -87.0
1337619013.41 -114.0
1337619013.41 -137.0
1337619013.44 -196.0
1337619013.44 -201.0
1337619013.44 -209.0
1337619013.44 -267.0
1337619013.44 -268.0
1337619013.45 -286.0
1337619013.45 -360.0
1337619013.45 -363.0
1337619013.46 -372.0
1337619013.46 -432.0
1337619013.47 -420.0
1337619013.47 -433.0
1337619013.48 -483.0
1337619013.48 -469.0
1337619013.5 -482.0
1337619013.5 -524.0
1337619013.5 -510.0
1337619013.5 -521.0
1337619013.51 -548.0
1337619013.51 -541.0
1337619013.52 -532.0
1337619013.52 -534.0
1337619013.53 -518.0
1337619013.54 -516.0
1337619013.54 -532.0
1337619013.54 -545.0
1337619013.55 -522.0
1337619013.56 -525.0
1337619013.56 -540.0
1337619013.56 -526.0
1337619013.57 -531.0
1337619013.57 -536.0
1337619013.58 -508.0
1337619013.6 -506.0
1337619013.6 -520.0
1337619013.6 -484.0
1337619013.6 -492.0
1337619013.61 -508.0
1337619013.61 -449.0
1337619013.61 -433.0
1337619013.62 -435.0
1337619013.62 -383.0
1337619013.63 -365.0
1337619013.64 -360.0
1337619013.64 -313.0
1337619013.64 -317.0
1337619013.65 -314.0
1337619013.67 -242.0
1337619013.67 -244.0
1337619013.67 -246.0
1337619013.67 -207.0
1337619013.68 -212.0
1337619013.68 -210.0
1337619013.68 -176.0
1337619013.69 -200.0
1337619013.69 -199.0
1337619013.7 -182.0
1337619013.7 -191.0
1337619013.71 -190.0
1337619013.71 -195.0
1337619013.72 -222.0
1337619013.72 -227.0
1337619013.73 -252.0
1337619013.74 -285.0
1337619013.75 -285.0
1337619013.75 -302.0
1337619013.75 -310.0
1337619013.75 -320.0
1337619013.76 -349.0
1337619013.76 -343.0
1337619013.77 -328.0
1337619013.77 -367.0
1337619013.78 -364.0
1337619013.78 -351.0
1337619013.79 -383.0
1337619013.79 -369.0
1337619013.8 -349.0
1337619013.81 -389.0
1337619013.82 -359.0
1337619013.82 -352.0
1337619013.82 -387.0
1337619013.82 -352.0
1337619013.83 -341.0
1337619013.83 -372.0
1337619013.84 -340.0
1337619013.84 -322.0
1337619013.85 -348.0
1337619013.85 -314.0
1337619013.86 -299.0
1337619013.86 -308.0
1337619013.87 -285.0
1337619013.88 -286.0
1337619013.88 -294.0
1337619013.88 -270.0
1337619013.89 -254.0
1337619013.89 -247.0
1337619013.9 -225.0
1337619013.9 -195.0
1337619013.91 -192.0
1337619013.91 -173.0
1337619013.92 -148.0
1337619013.92 -122.0
1337619013.93 -125.0
1337619013.93 -99.0
1337619013.94 -86.0
1337619013.94 -108.0
1337619013.95 -67.0
1337619013.96 -60.0
1337619013.96 -56.0
1337619013.96 -6.0
1337619013.97 7.0
1337619013.97 13.0
1337619013.98 55.0
1337619013.98 57.0
1337619013.99 25.0
1337619013.99 74.0
1337619014.0 90.0
1337619014.0 70.0
1337619014.01 133.0
1337619014.01 108.0
1337619014.02 95.0
1337619014.03 143.0
1337619014.03 139.0
1337619014.04 139.0
1337619014.04 179.0
1337619014.04 147.0
1337619014.05 134.0
1337619014.05 181.0
1337619014.06 163.0
1337619014.06 162.0
1337619014.07 195.0
1337619014.07 176.0
1337619014.08 182.0
1337619014.08 199.0
1337619014.1 175.0
1337619014.1 187.0
1337619014.1 184.0
1337619014.1 166.0
1337619014.11 170.0
1337619014.11 170.0
1337619014.12 150.0
1337619014.12 153.0
1337619014.13 136.0
1337619014.13 126.0
1337619014.14 124.0
1337619014.14 92.0
1337619014.15 92.0
1337619014.15 94.0
1337619014.16 47.0
1337619014.16 40.0
1337619014.18 37.0
1337619014.18 3.0
1337619014.18 2.0
1337619014.18 3.0
1337619014.19 -33.0
1337619014.19 -22.0
1337619014.2 -31.0
1337619014.2 -61.0
1337619014.21 -45.0
1337619014.21 -56.0
1337619014.22 -97.0
1337619014.22 -135.0
1337619014.23 -177.0
1337619014.24 -287.0
1337619014.24 -407.0
1337619014.25 -562.0
1337619014.25 -760.0
1337619014.25 -985.0
1337619014.26 -1196.0
1337619014.26 -1441.0
1337619014.27 -1757.0
1337619014.27 -2025.0
1337619014.28 -2344.0
1337619014.28 -2674.0
1337619014.29 -2948.0
1337619014.29 -3307.0
1337619014.3 -3636.0
1337619014.31 -3945.0
1337619014.31 -4318.0
1337619014.31 -4649.0
1337619014.32 -4978.0
1337619014.32 -5330.0
1337619014.33 -5643.0
1337619014.33 -5988.0
1337619014.34 -6291.0
1337619014.34 -6583.0
1337619014.35 -6901.0
1337619014.35 -7170.0
1337619014.36 -7432.0
1337619014.36 -7730.0
1337619014.38 -7987.0
1337619014.38 -8235.0
1337619014.38 -8533.0
1337619014.38 -8736.0
1337619014.39 -8969.0
1337619014.39 -9218.0
1337619014.4 -9410.0
1337619014.4 -9619.0
1337619014.41 -9858.0
1337619014.41 -10025.0
1337619014.43 -10206.0
1337619014.43 -10430.0
1337619014.43 -10560.0
1337619014.43 -10696.0
1337619014.44 -10875.0
1337619014.44 -10999.0
1337619014.44 -11114.0
1337619014.45 -11272.0
1337619014.46 -11338.0
1337619014.46 -11452.0
1337619014.46 -11584.0
1337619014.47 -11629.0
1337619014.47 -11724.0
1337619014.48 -11828.0
1337619014.49 -11867.0
1337619014.5 -11918.0
1337619014.5 -12003.0
1337619014.5 -12012.0
1337619014.51 -12056.0
1337619014.51 -12121.0
1337619014.52 -12142.0
1337619014.52 -12174.0
1337619014.53 -12209.0
1337619014.53 -12192.0
1337619014.53 -12217.0
1337619014.54 -12242.0
1337619014.55 -12202.0
1337619014.55 -12251.0
1337619014.55 -12265.0
1337619014.56 -12249.0
1337619014.58 -12260.0
1337619014.58 -12272.0
1337619014.59 -12237.0
1337619014.59 -12214.0
1337619014.59 -12183.0
1337619014.59 -12157.0
1337619014.59 -12139.0
1337619014.6 -12118.0
1337619014.6 -12090.0
1337619014.61 -12057.0
1337619014.61 -12016.0
1337619014.63 -11940.0
1337619014.63 -11909.0
1337619014.63 -11866.0
1337619014.64 -11799.0
1337619014.64 -11733.0
1337619014.65 -11700.0
1337619014.65 -11634.0
1337619014.66 -11554.0
1337619014.66 -11491.0
1337619014.69 -11438.0
1337619014.69 -11349.0
1337619014.69 -11308.0
1337619014.69 -11250.0
1337619014.69 -11166.0
1337619014.69 -11113.0
1337619014.69 -11032.0
1337619014.7 -10965.0
1337619014.71 -10916.0
1337619014.71 -10835.0
1337619014.71 -10728.0
1337619014.72 -10695.0
1337619014.72 -10615.0
1337619014.73 -10522.0
1337619014.73 -10469.0
1337619014.74 -10391.0
1337619014.76 -10304.0
1337619014.76 -10257.0
1337619014.76 -10202.0
1337619014.76 -10136.0
1337619014.76 -10087.0
1337619014.77 -10041.0
1337619014.77 -9991.0
1337619014.82 -9958.0
1337619014.82 -9898.0
1337619014.82 -9857.0
1337619014.82 -9820.0
1337619014.83 -9761.0
1337619014.83 -9725.0
1337619014.83 -9673.0
1337619014.83 -9609.0
1337619014.83 -9596.0
1337619014.83 -9559.0
1337619014.85 -9511.0
1337619014.85 -9511.0
1337619014.85 -9431.0
1337619014.85 -9395.0
1337619014.85 -9396.0
1337619014.86 -9316.0
1337619014.86 -9303.0
1337619014.86 -9314.0
1337619014.87 -9243.0
1337619014.87 -9216.0
1337619014.88 -9228.0
1337619014.9 -9179.0
1337619014.9 -9162.0
1337619014.9 -9174.0
1337619014.9 -9124.0
1337619014.91 -9108.0
1337619014.91 -9117.0
1337619014.91 -9079.0
1337619014.92 -9090.0
1337619014.92 -9094.0
1337619014.93 -9052.0
1337619014.93 -9069.0
1337619014.94 -9069.0
1337619014.95 -9043.0
1337619014.97 -9033.0
1337619014.97 -9018.0
1337619014.97 -9006.0
1337619014.98 -9004.0
1337619014.98 -9000.0
1337619014.98 -9017.0
1337619014.98 -9010.0
1337619014.99 -9015.0
1337619014.99 -9037.0
1337619015.0 -9015.0
1337619015.0 -9025.0
1337619015.01 -9043.0
1337619015.01 -9033.0
1337619015.01 -9052.0
1337619015.02 -9063.0
1337619015.02 -9048.0
1337619015.05 -9056.0
1337619015.05 -9083.0
1337619015.05 -9084.0
1337619015.05 -9100.0
1337619015.05 -9127.0
1337619015.05 -9103.0
1337619015.06 -9139.0
1337619015.06 -9152.0
1337619015.07 -9153.0
1337619015.07 -9205.0
1337619015.08 -9220.0
1337619015.08 -9229.0
1337619015.09 -9259.0
1337619015.09 -9284.0
1337619015.11 -9303.0
1337619015.11 -9329.0
1337619015.11 -9352.0
1337619015.12 -9372.0
1337619015.12 -9381.0
1337619015.12 -9402.0
1337619015.13 -9445.0
1337619015.13 -9474.0
1337619015.14 -9518.0
1337619015.14 -9544.0
1337619015.16 -9574.0
1337619015.16 -9620.0
1337619015.16 -9641.0
1337619015.16 -9678.0
1337619015.17 -9730.0
1337619015.17 -9771.0
1337619015.18 -9799.0
1337619015.18 -9879.0
1337619015.19 -9938.0
1337619015.19 -9966.0
1337619015.2 -10039.0
1337619015.2 -10096.0
1337619015.21 -10153.0
1337619015.22 -10241.0
1337619015.23 -10308.0
1337619015.23 -10382.0
1337619015.23 -10459.0
1337619015.23 -10523.0
1337619015.24 -10573.0
1337619015.24 -10638.0
1337619015.25 -10701.0
1337619015.25 -10754.0
1337619015.26 -10826.0
1337619015.26 -10908.0
1337619015.28 -10949.0
1337619015.28 -10985.0
1337619015.28 -11082.0
1337619015.28 -11123.0
1337619015.29 -11154.0
1337619015.29 -11235.0
1337619015.3 -11233.0
1337619015.3 -11269.0
1337619015.31 -11349.0
1337619015.32 -11329.0
1337619015.33 -11378.0
1337619015.33 -11424.0
1337619015.33 -11389.0
1337619015.34 -11460.0
1337619015.34 -11533.0
1337619015.34 -11509.0
1337619015.35 -11588.0
1337619015.35 -11620.0
1337619015.36 -11595.0
1337619015.36 -11673.0
1337619015.37 -11683.0
1337619015.38 -11695.0
1337619015.38 -11759.0
1337619015.38 -11741.0
1337619015.39 -11752.0
1337619015.39 -11806.0
1337619015.4 -11813.0
1337619015.4 -11844.0
1337619015.41 -11879.0
1337619015.41 -11863.0
1337619015.42 -11880.0
1337619015.42 -11908.0
1337619015.45 -11892.0
1337619015.45 -11926.0
1337619015.45 -11904.0
1337619015.45 -11884.0
1337619015.45 -11908.0
1337619015.45 -11880.0
1337619015.46 -11879.0
1337619015.46 -11897.0
1337619015.47 -11839.0
1337619015.47 -11841.0
1337619015.48 -11851.0
1337619015.49 -11783.0
1337619015.49 -11811.0
1337619015.49 -11835.0
1337619015.5 -11786.0
1337619015.5 -11848.0
1337619015.51 -11824.0
1337619015.51 -11783.0
1337619015.52 -11823.0
1337619015.52 -11787.0
1337619015.54 -11793.0
1337619015.54 -11847.0
1337619015.55 -11825.0
1337619015.55 -11812.0
1337619015.55 -11842.0
1337619015.55 -11835.0
1337619015.56 -11837.0
1337619015.56 -11851.0
1337619015.57 -11860.0
1337619015.57 -11833.0
1337619015.59 -11848.0
1337619015.59 -11851.0
1337619015.59 -11832.0
1337619015.59 -11849.0
1337619015.6 -11847.0
1337619015.6 -11836.0
1337619015.61 -11822.0
1337619015.61 -11820.0
1337619015.62 -11796.0
1337619015.62 -11786.0
1337619015.63 -11817.0
1337619015.63 -11754.0
1337619015.64 -11761.0
1337619015.64 -11760.0
1337619015.66 -11716.0
1337619015.66 -11771.0
1337619015.66 -11782.0
1337619015.66 -11757.0
1337619015.67 -11783.0
1337619015.67 -11759.0
1337619015.68 -11716.0
1337619015.68 -11751.0
1337619015.69 -11727.0
1337619015.69 -11705.0
1337619015.71 -11715.0
1337619015.71 -11664.0
1337619015.71 -11654.0
1337619015.71 -11650.0
1337619015.72 -11582.0
1337619015.72 -11571.0
1337619015.73 -11556.0
1337619015.73 -11517.0
1337619015.74 -11535.0
1337619015.74 -11508.0
1337619015.76 -11448.0
1337619015.76 -11445.0
1337619015.76 -11368.0
1337619015.76 -11334.0
1337619015.77 -11328.0
1337619015.77 -11245.0
1337619015.78 -11239.0
1337619015.78 -11224.0
1337619015.79 -11131.0
1337619015.79 -11134.0
1337619015.8 -11094.0
1337619015.8 -11023.0
1337619015.81 -11039.0
1337619015.81 -11005.0
1337619015.82 -10937.0
1337619015.82 -10935.0
1337619015.82 -10875.0
1337619015.83 -10801.0
1337619015.83 -10785.0
1337619015.84 -10705.0
1337619015.85 -10654.0
1337619015.85 -10602.0
1337619015.86 -10533.0
1337619015.87 -10462.0
1337619015.87 -10423.0
1337619015.87 -10364.0
1337619015.88 -10311.0
1337619015.88 -10272.0
1337619015.89 -10219.0
1337619015.89 -10150.0
1337619015.9 -10092.0
1337619015.9 -10056.0
1337619015.91 -9982.0
1337619015.91 -9915.0
1337619015.92 -9881.0
1337619015.92 -9795.0
1337619015.93 -9718.0
1337619015.93 -9695.0
1337619015.94 -9603.0
1337619015.94 -9570.0
1337619015.95 -9543.0
1337619015.95 -9421.0
1337619015.95 -9379.0
1337619015.97 -9291.0
1337619015.97 -9185.0
1337619015.97 -9147.0
1337619015.98 -9054.0
1337619015.98 -8980.0
1337619015.98 -8912.0
1337619015.99 -8815.0
1337619015.99 -8764.0
1337619016.0 -8675.0
1337619016.0 -8594.0
1337619016.02 -8525.0
1337619016.02 -8428.0
1337619016.02 -8341.0
1337619016.03 -8282.0
1337619016.03 -8178.0
1337619016.04 -8098.0
1337619016.04 -8044.0
1337619016.04 -7908.0
1337619016.05 -7850.0
1337619016.06 -7824.0
1337619016.06 -7687.0
1337619016.07 -7650.0
1337619016.07 -7567.0
1337619016.08 -7414.0
1337619016.08 -7401.0
1337619016.09 -7278.0
1337619016.09 -7202.0
1337619016.09 -7175.0
1337619016.1 -7043.0
1337619016.1 -6972.0
1337619016.11 -6906.0
1337619016.11 -6785.0
1337619016.12 -6717.0
1337619016.12 -6622.0
1337619016.14 -6507.0
1337619016.14 -6437.0
1337619016.14 -6307.0
1337619016.14 -6185.0
1337619016.15 -6123.0
1337619016.15 -5984.0
1337619016.16 -5896.0
1337619016.16 -5831.0
1337619016.17 -5641.0
1337619016.17 -5544.0
1337619016.2 -5455.0
1337619016.2 -5295.0
1337619016.2 -5261.0
1337619016.2 -5152.0
1337619016.2 -5006.0
1337619016.21 -4951.0
1337619016.21 -4813.0
1337619016.21 -4716.0
1337619016.22 -4669.0
1337619016.23 -4545.0
1337619016.23 -4487.0
1337619016.23 -4417.0
1337619016.24 -4291.0
1337619016.24 -4221.0
1337619016.25 -4045.0
1337619016.25 -3873.0
1337619016.26 -3725.0
1337619016.27 -3473.0
1337619016.28 -3312.0
1337619016.29 -3106.0
1337619016.29 -2805.0
1337619016.29 -2591.0
1337619016.29 -2324.0
1337619016.3 -2014.0
1337619016.3 -1785.0
1337619016.31 -1482.0
1337619016.31 -1170.0
1337619016.31 -913.0
1337619016.32 -570.0
1337619016.32 -280.0
1337619016.33 -19.0
1337619016.33 317.0
1337619016.35 612.0
1337619016.35 897.0
1337619016.35 1229.0
1337619016.36 1493.0
1337619016.36 1806.0
1337619016.37 2110.0
1337619016.37 2357.0
1337619016.38 2677.0
1337619016.38 2944.0
1337619016.38 3172.0
1337619016.4 3481.0
1337619016.4 3703.0
1337619016.4 3938.0
1337619016.4 4268.0
1337619016.41 4472.0
1337619016.42 4726.0
1337619016.42 4954.0
1337619016.42 5115.0
1337619016.43 5346.0
1337619016.43 5542.0
1337619016.45 5728.0
1337619016.45 5927.0
1337619016.45 6093.0
1337619016.46 6255.0
1337619016.46 6437.0
1337619016.46 6603.0
1337619016.47 6797.0
1337619016.47 6971.0
1337619016.48 7097.0
1337619016.49 7248.0
1337619016.5 7399.0
1337619016.5 7539.0
1337619016.51 7688.0
1337619016.51 7800.0
1337619016.51 7908.0
1337619016.51 8059.0
1337619016.52 8168.0
1337619016.52 8244.0
1337619016.53 8371.0
1337619016.53 8425.0
1337619016.54 8520.0
1337619016.54 8607.0
1337619016.55 8624.0
1337619016.55 8750.0
1337619016.57 8779.0
1337619016.57 8829.0
1337619016.57 8916.0
1337619016.57 8908.0
1337619016.58 8996.0
1337619016.59 9051.0
1337619016.59 9048.0
1337619016.59 9093.0
1337619016.6 9068.0
1337619016.6 9131.0
1337619016.61 9183.0
1337619016.61 9168.0
1337619016.62 9190.0
1337619016.62 9162.0
1337619016.63 9176.0
1337619016.63 9196.0
1337619016.64 9222.0
1337619016.64 9181.0
1337619016.65 9159.0
1337619016.66 9160.0
1337619016.67 9127.0
1337619016.67 9180.0
1337619016.67 9158.0
1337619016.67 9138.0
1337619016.68 9180.0
1337619016.68 9144.0
1337619016.69 9132.0
1337619016.69 9118.0
1337619016.7 9029.0
1337619016.71 9028.0
1337619016.72 8999.0
1337619016.73 8931.0
1337619016.73 8927.0
1337619016.73 8828.0
1337619016.73 8771.0
1337619016.73 8769.0
1337619016.74 8651.0
1337619016.74 8592.0
1337619016.75 8473.0
1337619016.75 8357.0
1337619016.76 8284.0
1337619016.76 8122.0
1337619016.77 8008.0
1337619016.77 7850.0
1337619016.79 7713.0
1337619016.79 7603.0
1337619016.79 7476.0
1337619016.79 7320.0
1337619016.8 7168.0
1337619016.8 7073.0
1337619016.81 6906.0
1337619016.81 6804.0
1337619016.82 6649.0
1337619016.83 6478.0
1337619016.83 6401.0
1337619016.83 6239.0
1337619016.84 6132.0
1337619016.84 5982.0
1337619016.85 5848.0
1337619016.85 5712.0
1337619016.86 5560.0
1337619016.86 5456.0
1337619016.87 5272.0
1337619016.88 5187.0
1337619016.88 5040.0
1337619016.88 4876.0
1337619016.89 4732.0
1337619016.89 4551.0
1337619016.9 4447.0
1337619016.9 4279.0
1337619016.91 4167.0
1337619016.91 4013.0
1337619016.92 3872.0
1337619016.93 3751.0
1337619016.93 3576.0
1337619016.93 3459.0
1337619016.94 3272.0
1337619016.94 3146.0
1337619016.95 3009.0
1337619016.95 2859.0
1337619016.96 2720.0
1337619016.97 2567.0
1337619016.97 2454.0
1337619016.98 2280.0
1337619016.98 2145.0
1337619016.98 2025.0
1337619017.0 1880.0
1337619017.0 1779.0
1337619017.0 1620.0
1337619017.0 1488.0
1337619017.01 1384.0
1337619017.01 1236.0
1337619017.02 1133.0
1337619017.02 998.0
1337619017.03 917.0
1337619017.03 829.0
1337619017.04 713.0
1337619017.05 657.0
1337619017.06 512.0
1337619017.06 449.0
1337619017.06 387.0
1337619017.06 265.0
1337619017.07 212.0
1337619017.07 111.0
1337619017.09 65.0
1337619017.09 30.0
1337619017.11 -56.0
1337619017.11 -87.0
1337619017.11 -148.0
1337619017.11 -200.0
1337619017.11 -223.0
1337619017.12 -299.0
1337619017.12 -326.0
1337619017.12 -367.0
1337619017.13 -411.0
1337619017.13 -444.0
1337619017.14 -501.0
1337619017.15 -506.0
1337619017.15 -551.0
1337619017.15 -587.0
1337619017.16 -570.0
1337619017.17 -643.0
1337619017.17 -681.0
1337619017.17 -685.0
1337619017.18 -757.0
1337619017.18 -771.0
1337619017.21 -796.0
1337619017.21 -840.0
1337619017.21 -835.0
1337619017.21 -858.0
1337619017.21 -896.0
1337619017.21 -921.0
1337619017.22 -954.0
1337619017.22 -963.0
1337619017.24 -987.0
1337619017.24 -1007.0
1337619017.25 -1024.0
1337619017.25 -1079.0
1337619017.25 -1079.0
1337619017.25 -1114.0
1337619017.26 -1145.0
1337619017.27 -1159.0
1337619017.27 -1223.0
1337619017.27 -1227.0
1337619017.28 -1254.0
1337619017.28 -1306.0
1337619017.29 -1280.0
1337619017.29 -1293.0
1337619017.3 -1323.0
1337619017.31 -1301.0
1337619017.31 -1315.0
1337619017.31 -1332.0
1337619017.32 -1319.0
1337619017.32 -1355.0
1337619017.32 -1375.0
1337619017.33 -1376.0
1337619017.34 -1393.0
1337619017.34 -1405.0
1337619017.35 -1410.0
1337619017.36 -1402.0
1337619017.36 -1417.0
1337619017.36 -1415.0
1337619017.37 -1391.0
1337619017.37 -1400.0
1337619017.38 -1399.0
1337619017.38 -1394.0
1337619017.39 -1417.0
1337619017.39 -1427.0
1337619017.4 -1450.0
1337619017.41 -1490.0
1337619017.41 -1503.0
1337619017.41 -1542.0
1337619017.42 -1571.0
1337619017.42 -1571.0
1337619017.43 -1621.0
1337619017.43 -1597.0
1337619017.44 -1615.0
1337619017.44 -1655.0
1337619017.45 -1609.0
1337619017.45 -1627.0
1337619017.46 -1637.0
1337619017.46 -1588.0
1337619017.47 -1618.0
1337619017.48 -1609.0
1337619017.48 -1552.0
1337619017.48 -1578.0
1337619017.48 -1554.0
1337619017.49 -1523.0
1337619017.49 -1535.0
1337619017.5 -1488.0
1337619017.5 -1446.0
1337619017.51 -1434.0
1337619017.52 -1373.0
1337619017.53 -1334.0
1337619017.53 -1309.0
1337619017.53 -1249.0
1337619017.53 -1207.0
1337619017.54 -1138.0
1337619017.55 -996.0
1337619017.55 -854.0
1337619017.55 -756.0
1337619017.56 -823.0
1337619017.57 -1200.0
1337619017.57 -1864.0
1337619017.57 -2626.0
1337619017.58 -3442.0
1337619017.58 -4150.0
1337619017.59 -4624.0
1337619017.6 -4978.0
1337619017.6 -4989.0
1337619017.61 -4782.0
1337619017.61 -4724.0
1337619017.62 -4549.0
1337619017.63 -4524.0
1337619017.63 -4449.0
1337619017.63 -4197.0
1337619017.64 -4118.0
1337619017.64 -3941.0
1337619017.65 -3852.0
1337619017.65 -3697.0
1337619017.65 -3476.0
1337619017.66 -3381.0
1337619017.66 -3282.0
1337619017.67 -3264.0
1337619017.67 -3242.0
1337619017.68 -3181.0
1337619017.69 -3188.0
1337619017.69 -3197.0
1337619017.69 -3170.0
1337619017.7 -3176.0
1337619017.7 -3185.0
1337619017.71 -3214.0
1337619017.71 -3268.0
1337619017.72 -3299.0
1337619017.72 -3347.0
1337619017.73 -3410.0
1337619017.75 -3442.0
1337619017.75 -3496.0
1337619017.75 -3574.0
1337619017.75 -3637.0
1337619017.76 -3735.0
1337619017.76 -3785.0
1337619017.76 -3819.0
1337619017.77 -3914.0
1337619017.77 -3982.0
1337619017.78 -4060.0
1337619017.79 -4149.0
1337619017.79 -4193.0
1337619017.8 -4295.0
1337619017.8 -4416.0
1337619017.8 -4505.0
1337619017.81 -4613.0
1337619017.81 -4719.0
1337619017.82 -4827.0
1337619017.82 -4993.0
1337619017.83 -5135.0
1337619017.84 -5236.0
1337619017.84 -5398.0
1337619017.84 -5513.0
1337619017.85 -5653.0
1337619017.85 -5831.0
1337619017.86 -5920.0
1337619017.86 -6073.0
1337619017.87 -6217.0
1337619017.87 -6343.0
1337619017.88 -6522.0
1337619017.88 -6635.0
1337619017.89 -6755.0
1337619017.9 -6906.0
1337619017.9 -7040.0
1337619017.91 -7184.0
1337619017.91 -7321.0
1337619017.92 -7432.0
1337619017.92 -7552.0
1337619017.93 -7702.0
1337619017.93 -7809.0
1337619017.94 -7901.0
1337619017.94 -8021.0
1337619017.94 -8101.0
1337619017.95 -8201.0
1337619017.96 -8293.0
1337619017.96 -8338.0
1337619017.97 -8403.0
1337619017.97 -8452.0
1337619017.97 -8499.0
1337619017.98 -8544.0
1337619017.98 -8552.0
1337619017.99 -8562.0
1337619017.99 -8568.0
1337619018.0 -8568.0
1337619018.01 -8559.0
1337619018.01 -8543.0
1337619018.02 -8542.0
1337619018.02 -8510.0
1337619018.02 -8481.0
1337619018.03 -8456.0
1337619018.03 -8416.0
1337619018.04 -8385.0
1337619018.04 -8370.0
1337619018.05 -8338.0
1337619018.06 -8323.0
1337619018.06 -8312.0
1337619018.06 -8267.0
1337619018.07 -8246.0
1337619018.07 -8265.0
1337619018.08 -8239.0
1337619018.08 -8221.0
1337619018.09 -8241.0
1337619018.09 -8199.0
1337619018.1 -8217.0
1337619018.11 -8268.0
1337619018.11 -8245.0
1337619018.11 -8248.0
1337619018.13 -8290.0
1337619018.13 -8273.0
1337619018.13 -8282.0
1337619018.13 -8326.0
1337619018.14 -8298.0
1337619018.14 -8342.0
1337619018.15 -8399.0
1337619018.15 -8371.0
1337619018.16 -8405.0
1337619018.16 -8454.0
1337619018.18 -8459.0
1337619018.18 -8494.0
1337619018.18 -8530.0
1337619018.18 -8527.0
1337619018.19 -8594.0
1337619018.19 -8665.0
1337619018.2 -8660.0
1337619018.2 -8704.0
1337619018.21 -8764.0
1337619018.22 -8782.0
1337619018.22 -8822.0
1337619018.23 -8864.0
1337619018.23 -8853.0
1337619018.23 -8902.0
1337619018.24 -8951.0
1337619018.24 -8928.0
1337619018.25 -8942.0
1337619018.26 -8969.0
1337619018.26 -8952.0
1337619018.26 -8966.0
1337619018.27 -8974.0
1337619018.27 -8930.0
1337619018.28 -8922.0
1337619018.28 -8925.0
1337619018.29 -8876.0
1337619018.3 -8829.0
1337619018.3 -8789.0
1337619018.3 -8713.0
1337619018.31 -8670.0
1337619018.31 -8615.0
1337619018.32 -8536.0
1337619018.32 -8459.0
1337619018.33 -8381.0
1337619018.33 -8290.0
1337619018.34 -8198.0
1337619018.34 -8119.0
1337619018.35 -8006.0
1337619018.35 -7900.0
1337619018.36 -7799.0
1337619018.36 -7689.0
1337619018.37 -7583.0
1337619018.37 -7481.0
1337619018.38 -7389.0
1337619018.39 -7299.0
1337619018.39 -7206.0
1337619018.4 -7125.0
1337619018.4 -7040.0
1337619018.4 -6957.0
1337619018.41 -6888.0
1337619018.41 -6800.0
1337619018.42 -6729.0
1337619018.43 -6654.0
1337619018.43 -6558.0
1337619018.44 -6491.0
1337619018.44 -6427.0
1337619018.44 -6341.0
1337619018.45 -6257.0
1337619018.45 -6188.0
1337619018.47 -6121.0
1337619018.47 -6055.0
1337619018.47 -5996.0
1337619018.47 -5901.0
1337619018.48 -5822.0
1337619018.49 -5771.0
1337619018.49 -5683.0
1337619018.49 -5612.0
1337619018.5 -5554.0
1337619018.5 -5470.0
1337619018.51 -5399.0
1337619018.52 -5351.0
1337619018.52 -5267.0
1337619018.52 -5178.0
1337619018.53 -5129.0
1337619018.54 -5037.0
1337619018.55 -4952.0
1337619018.55 -4907.0
1337619018.55 -4812.0
1337619018.55 -4736.0
1337619018.56 -4688.0
1337619018.56 -4585.0
1337619018.57 -4493.0
1337619018.57 -4438.0
1337619018.58 -4328.0
1337619018.58 -4243.0
1337619018.59 -4192.0
1337619018.59 -4080.0
1337619018.6 -3983.0
1337619018.6 -3927.0
1337619018.61 -3812.0
1337619018.61 -3709.0
1337619018.62 -3633.0
1337619018.62 -3493.0
1337619018.63 -3393.0
1337619018.63 -3314.0
1337619018.64 -3167.0
1337619018.64 -3064.0
1337619018.65 -2990.0
1337619018.65 -2861.0
1337619018.66 -2763.0
1337619018.66 -2678.0
1337619018.67 -2542.0
1337619018.68 -2464.0
1337619018.68 -2393.0
1337619018.68 -2264.0
1337619018.69 -2190.0
1337619018.69 -2090.0
1337619018.71 -1960.0
1337619018.71 -1869.0
1337619018.71 -1751.0
1337619018.71 -1610.0
1337619018.72 -1476.0
1337619018.72 -1311.0
1337619018.73 -1116.0
1337619018.73 -889.0
1337619018.74 -712.0
1337619018.74 -633.0
1337619018.75 -782.0
1337619018.76 -1163.0
1337619018.76 -1590.0
1337619018.76 -1992.0
1337619018.78 -2275.0
1337619018.78 -2455.0
1337619018.78 -2609.0
1337619018.78 -2768.0
1337619018.79 -2721.0
1337619018.79 -2698.0
1337619018.8 -2556.0
1337619018.8 -2440.0
1337619018.81 -2421.0
1337619018.81 -2261.0
1337619018.82 -2125.0
1337619018.82 -1866.0
1337619018.84 -1639.0
1337619018.84 -1442.0
1337619018.84 -1285.0
1337619018.85 -1134.0
1337619018.85 -970.0
1337619018.87 -878.0
1337619018.88 -781.0
1337619018.89 -716.0
1337619018.89 -671.0
1337619018.91 -569.0
1337619018.91 -516.0
1337619018.92 -463.0
1337619018.92 -399.0
1337619018.92 -396.0
1337619018.92 -379.0
1337619018.92 -374.0
1337619018.94 -381.0
1337619018.94 -372.0
1337619018.95 -368.0
1337619018.95 -343.0
1337619018.95 -315.0
1337619018.95 -313.0
1337619018.96 -294.0
1337619018.96 -281.0
1337619018.97 -285.0
1337619018.97 -261.0
1337619018.97 -235.0
1337619018.97 -212.0
1337619018.98 -167.0
1337619018.98 -161.0
1337619018.98 -140.0
1337619018.98 -115.0
1337619018.99 -146.0
1337619018.99 -137.0
1337619019.0 -146.0
1337619019.0 -142.0
1337619019.0 -147.0
1337619019.01 -155.0
1337619019.02 -136.0
1337619019.02 -188.0
1337619019.03 -206.0
1337619019.04 -227.0
1337619019.04 -275.0
1337619019.04 -282.0
1337619019.05 -302.0
1337619019.05 -291.0
1337619019.06 -287.0
1337619019.06 -307.0
1337619019.06 -310.0
1337619019.07 -341.0
1337619019.08 -357.0
1337619019.09 -371.0
1337619019.09 -376.0
1337619019.09 -356.0
1337619019.1 -380.0
1337619019.1 -359.0
1337619019.1 -344.0
1337619019.11 -334.0
1337619019.11 -289.0
1337619019.12 -274.0
1337619019.12 -215.0
1337619019.14 -181.0
1337619019.14 -151.0
1337619019.14 -96.0
1337619019.14 -78.0
1337619019.15 -53.0
1337619019.16 -27.0
1337619019.16 23.0
1337619019.16 48.0
1337619019.17 88.0
1337619019.18 144.0
1337619019.19 174.0
1337619019.19 208.0
1337619019.19 239.0
1337619019.19 287.0
1337619019.2 304.0
1337619019.21 336.0
1337619019.21 368.0
1337619019.21 386.0
1337619019.22 406.0
1337619019.22 421.0
1337619019.23 439.0
1337619019.23 428.0
1337619019.24 436.0
1337619019.25 424.0
1337619019.25 419.0
1337619019.25 429.0
1337619019.26 417.0
1337619019.27 416.0
1337619019.27 428.0
1337619019.27 425.0
1337619019.28 408.0
1337619019.28 397.0
1337619019.29 369.0
1337619019.3 347.0
1337619019.3 334.0
1337619019.3 327.0
1337619019.31 304.0
1337619019.31 280.0
1337619019.32 264.0
1337619019.32 243.0
1337619019.33 211.0
1337619019.33 214.0
1337619019.34 220.0
1337619019.35 191.0
1337619019.35 175.0
1337619019.36 149.0
1337619019.36 125.0
1337619019.36 113.0
1337619019.37 113.0
1337619019.37 95.0
1337619019.38 66.0
1337619019.38 37.0
1337619019.39 45.0
1337619019.4 30.0
1337619019.41 23.0
1337619019.41 32.0
1337619019.41 17.0
1337619019.42 48.0
1337619019.42 47.0
1337619019.42 51.0
1337619019.43 63.0
1337619019.43 70.0
1337619019.44 55.0
1337619019.45 53.0
1337619019.45 72.0
1337619019.45 26.0
1337619019.46 24.0
1337619019.46 39.0
1337619019.47 20.0
1337619019.47 14.0
1337619019.48 14.0
1337619019.48 9.0
1337619019.49 -18.0
1337619019.49 -32.0
1337619019.5 -29.0
1337619019.5 -41.0
1337619019.51 -36.0
1337619019.52 -44.0
1337619019.52 -45.0
1337619019.53 -46.0
1337619019.53 -78.0
1337619019.53 -70.0
1337619019.54 -89.0
1337619019.54 -97.0
1337619019.55 -107.0
1337619019.55 -135.0
1337619019.56 -133.0
1337619019.57 -171.0
1337619019.57 -198.0
1337619019.57 -203.0
1337619019.58 -214.0
1337619019.59 -231.0
1337619019.59 -246.0
1337619019.59 -243.0
1337619019.61 -281.0
1337619019.61 -310.0
1337619019.61 -320.0
1337619019.62 -348.0
1337619019.63 -393.0
1337619019.63 -405.0
1337619019.63 -424.0
1337619019.63 -451.0
1337619019.64 -456.0
1337619019.64 -494.0
1337619019.65 -511.0
1337619019.65 -543.0
1337619019.66 -560.0
1337619019.67 -569.0
1337619019.67 -592.0
1337619019.67 -593.0
1337619019.68 -630.0
1337619019.68 -644.0
1337619019.69 -649.0
1337619019.69 -685.0
1337619019.7 -707.0
1337619019.7 -741.0
1337619019.72 -750.0
1337619019.72 -773.0
1337619019.72 -792.0
1337619019.73 -772.0
1337619019.73 -806.0
1337619019.74 -813.0
1337619019.74 -825.0
1337619019.74 -860.0
1337619019.75 -873.0
1337619019.76 -887.0
1337619019.76 -882.0
1337619019.77 -885.0
1337619019.77 -895.0
1337619019.77 -911.0
1337619019.78 -940.0
1337619019.79 -966.0
1337619019.79 -963.0
1337619019.8 -980.0
1337619019.8 -991.0
1337619019.81 -1000.0
1337619019.81 -1021.0
1337619019.81 -1016.0
1337619019.82 -1017.0
1337619019.82 -999.0
1337619019.83 -1019.0
1337619019.84 -1037.0
1337619019.84 -1043.0
1337619019.84 -1070.0
1337619019.85 -1070.0
1337619019.85 -1081.0
1337619019.86 -1093.0
1337619019.86 -1100.0
1337619019.87 -1108.0
1337619019.87 -1110.0
1337619019.88 -1110.0
1337619019.88 -1116.0
1337619019.89 -1099.0
1337619019.89 -1113.0
1337619019.9 -1112.0
1337619019.9 -1082.0
1337619019.91 -1119.0
1337619019.91 -1123.0
1337619019.92 -1113.0
1337619019.92 -1121.0
1337619019.93 -1121.0
1337619019.93 -1112.0
1337619019.94 -1090.0
1337619019.94 -1126.0
1337619019.95 -1128.0
1337619019.95 -1132.0
1337619019.96 -1170.0
1337619019.96 -1161.0
1337619019.97 -1168.0
1337619019.97 -1179.0
1337619019.98 -1194.0
1337619019.98 -1212.0
1337619019.99 -1221.0
1337619019.99 -1242.0
1337619020.0 -1246.0
1337619020.0 -1282.0
1337619020.01 -1312.0
1337619020.01 -1313.0
1337619020.02 -1359.0
1337619020.02 -1375.0
1337619020.03 -1390.0
1337619020.03 -1430.0
1337619020.04 -1456.0
1337619020.04 -1486.0
1337619020.05 -1488.0
1337619020.06 -1520.0
1337619020.06 -1553.0
1337619020.06 -1528.0
1337619020.07 -1559.0
1337619020.07 -1575.0
1337619020.08 -1563.0
1337619020.09 -1579.0
1337619020.09 -1583.0
1337619020.09 -1576.0
1337619020.1 -1561.0
1337619020.1 -1571.0
1337619020.11 -1560.0
1337619020.11 -1549.0
1337619020.12 -1557.0
1337619020.12 -1533.0
1337619020.13 -1531.0
1337619020.13 -1538.0
1337619020.14 -1490.0
1337619020.14 -1488.0
1337619020.15 -1489.0
1337619020.15 -1452.0
1337619020.16 -1437.0
1337619020.17 -1427.0
1337619020.17 -1396.0
1337619020.17 -1373.0
1337619020.18 -1366.0
1337619020.18 -1340.0
1337619020.19 -1306.0
