1337619010.18 -8.11197662354
1337619010.18 -11.055524826
1337619010.19 -13.3003606796
1337619010.19 -12.8158330917
1337619010.2 -11.3676948547
1337619010.2 -11.0773611069
1337619010.23 -11.0532598495
1337619010.23 -12.4374341965
1337619010.23 -13.8023443222
1337619010.23 -13.8142490387
1337619010.23 -13.0647783279
1337619010.23 -11.4592266083
1337619010.24 -11.9674949646
1337619010.24 -13.107632637
1337619010.25 -17.8741531372
1337619010.25 -20.4528083801
1337619010.26 -22.9776687622
1337619010.28 -25.4798526764
1337619010.28 -26.0509529114
1337619010.29 -25.3436012268
1337619010.29 -23.9635848999
1337619010.29 -22.508228302
1337619010.29 -24.3886299133
1337619010.3 -26.1065883636
1337619010.3 -27.3592224121
1337619010.31 -28.8123054504
1337619010.31 -31.0240936279
1337619010.31 -31.7449588776
1337619010.32 -33.3806304932
1337619010.32 -35.3170433044
1337619010.36 -36.690322876
1337619010.36 -40.4353523254
1337619010.36 -41.9780502319
1337619010.36 -40.4971656799
1337619010.36 -37.0089454651
1337619010.36 -34.4476699829
1337619010.37 -31.6964588165
1337619010.38 -30.9754924774
1337619010.38 -25.7823562622
1337619010.38 -19.2396831512
1337619010.38 -16.5830802917
1337619010.39 -13.8485574722
1337619010.39 -10.6185903549
1337619010.39 -8.75888442993
1337619010.4 -4.9215426445
1337619010.41 -1.52442908287
1337619010.41 -2.7146191597
1337619010.41 -4.80367469788
1337619010.42 -4.02938842773
1337619010.43 -4.49211263657
1337619010.45 -2.59295225143
1337619010.45 -2.81565618515
1337619010.46 -6.66393709183
1337619010.46 -8.68302536011
1337619010.46 -9.746509552
1337619010.46 -11.8366613388
1337619010.46 -14.0810184479
1337619010.47 -15.513376236
1337619010.47 -17.562412262
1337619010.47 -16.8551139832
1337619010.49 -11.8674678802
1337619010.49 -9.32834148407
1337619010.49 -9.7011013031
1337619010.5 -9.41768741608
1337619010.5 -9.56227111816
1337619010.51 -5.27905797958
1337619010.51 0.143516093493
1337619010.51 0.497814208269
1337619010.52 0.891151309013
1337619010.52 2.5019671917
1337619010.55 2.0467736721
1337619010.55 2.55569720268
1337619010.55 2.5524418354
1337619010.55 -0.932451486588
1337619010.55 -2.34776377678
1337619010.56 -3.65381503105
1337619010.56 -7.28233766556
1337619010.56 -9.96649265289
1337619010.57 -8.98268318176
1337619010.57 -10.3055257797
1337619010.59 -8.42082309723
1337619010.59 -5.43504619598
1337619010.59 -5.08682012558
1337619010.59 -3.81576728821
1337619010.6 -2.52523732185
1337619010.61 -2.34915733337
1337619010.61 -1.66499352455
1337619010.61 1.75965464115
1337619010.62 2.89699840546
1337619010.63 5.70598888397
1337619010.65 8.05362987518
1337619010.65 5.23014593124
1337619010.65 4.71850824356
1337619010.65 6.33446979523
1337619010.65 4.44151735306
1337619010.65 4.22504711151
1337619010.66 2.20561122894
1337619010.66 -2.99748921394
1337619010.67 -5.34054756165
1337619010.67 -2.81132888794
1337619010.68 -2.05615067482
1337619010.68 -0.292058378458
1337619010.69 0.605744659901
1337619010.69 0.766498923302
1337619010.72 4.74819469452
1337619010.72 8.40976905823
1337619010.72 10.6528701782
1337619010.72 13.2873659134
1337619010.72 15.9719295502
1337619010.72 18.6509609222
1337619010.73 20.440322876
1337619010.73 23.5390853882
1337619010.74 23.9145011902
1337619010.77 23.3103599548
1337619010.77 20.8074550629
1337619010.77 19.2659301758
1337619010.77 16.073884964
1337619010.77 13.9860153198
1337619010.78 15.8699531555
1337619010.78 15.1325263977
1337619010.78 16.5737400055
1337619010.78 15.7636270523
1337619010.79 11.551197052
1337619010.8 10.9143075943
1337619010.8 9.77965927124
1337619010.81 5.96256875992
1337619010.81 5.90344667435
1337619010.81 7.063601017
1337619010.82 2.95590925217
1337619010.82 1.46981072426
1337619010.83 1.18205332756
1337619010.83 -3.95260429382
1337619010.84 -4.59991312027
1337619010.84 -4.84857320786
1337619010.85 -10.2328443527
1337619010.86 -9.0659942627
1337619010.87 -9.09742450714
1337619010.87 -12.9920873642
1337619010.87 -9.93685722351
1337619010.87 -8.2600402832
1337619010.88 -8.79762172699
1337619010.88 -3.88777256012
1337619010.89 -0.767559885979
1337619010.89 -2.54907941818
1337619010.9 -1.64164757729
1337619010.9 -7.99717760086
1337619010.91 -15.8508520126
1337619010.91 -19.1491680145
1337619010.92 -24.8086509705
1337619010.92 -23.1760406494
1337619010.94 -18.6208248138
1337619010.94 -16.6990756989
1337619010.94 -21.461856842
1337619010.95 -24.6986503601
1337619010.95 -28.762304306
1337619010.95 -29.7695064545
1337619010.96 -31.0876674652
1337619010.97 -32.0944862366
1337619010.97 -28.4219436646
1337619010.97 -28.2644939423
1337619010.98 -25.8354301453
1337619010.99 -22.3108119965
1337619010.99 -23.5824432373
1337619010.99 -25.0725688934
1337619011.0 -24.031419754
1337619011.0 -25.0328617096
1337619011.01 -24.7076454163
1337619011.03 -23.157201767
1337619011.03 -29.8508682251
1337619011.03 -33.5303344727
1337619011.03 -33.2934303284
1337619011.03 -37.3310623169
1337619011.04 -37.8489074707
1337619011.04 -38.798538208
1337619011.05 -43.7082824707
1337619011.05 -46.0590896606
1337619011.06 -47.3223342896
1337619011.08 -51.2361907959
1337619011.08 -54.1626625061
1337619011.08 -55.6937713623
1337619011.08 -57.709312439
1337619011.08 -55.9397926331
1337619011.09 -55.064666748
1337619011.09 -55.5465126038
1337619011.1 -55.2645187378
1337619011.1 -55.157081604
1337619011.11 -55.1625938416
1337619011.11 -56.1312980652
1337619011.12 -54.8030967712
1337619011.12 -52.0386886597
1337619011.14 -51.2374000549
1337619011.14 -55.5654678345
1337619011.14 -59.3475341797
1337619011.14 -65.4780654907
1337619011.15 -73.6129608154
1337619011.15 -78.3793869019
1337619011.16 -85.5051879883
1337619011.16 -90.9867019653
1337619011.17 -91.7719345093
1337619011.17 -96.8466339111
1337619011.19 -98.2611465454
1337619011.19 -94.8295898438
1337619011.19 -96.5450439453
1337619011.19 -94.8234558105
1337619011.2 -91.7208709717
1337619011.2 -93.4860534668
1337619011.21 -90.5215377808
1337619011.21 -86.6549530029
1337619011.22 -83.7920913696
1337619011.22 -78.1864013672
1337619011.24 -74.9046020508
1337619011.24 -75.6995544434
1337619011.24 -75.9979782104
1337619011.24 -76.1726760864
1337619011.25 -81.3597488403
1337619011.25 -82.7326660156
1337619011.26 -85.1961975098
1337619011.26 -88.6708984375
1337619011.27 -86.4546661377
1337619011.27 -86.5122756958
1337619011.29 -88.56590271
1337619011.29 -89.2997436523
1337619011.29 -94.282661438
1337619011.29 -96.9776153564
1337619011.3 -96.5294723511
1337619011.3 -94.2014465332
1337619011.31 -90.9709014893
1337619011.31 -89.7091064453
1337619011.32 -88.7672805786
1337619011.32 -85.3077850342
1337619011.33 -82.9251480103
1337619011.33 -81.6436080933
1337619011.34 -81.7846221924
1337619011.35 -84.183013916
1337619011.36 -86.2854537964
1337619011.36 -98.2464523315
1337619011.36 -108.19329071
1337619011.36 -117.297691345
1337619011.36 -123.56917572
1337619011.37 -133.766555786
1337619011.38 -140.319534302
1337619011.38 -141.2159729
1337619011.39 -145.087295532
1337619011.41 -145.557342529
1337619011.41 -147.369750977
1337619011.41 -151.212249756
1337619011.41 -152.021331787
1337619011.42 -149.733291626
1337619011.42 -140.998825073
1337619011.42 -132.894714355
1337619011.43 -125.292549133
1337619011.43 -123.604515076
1337619011.44 -119.522468567
1337619011.44 -116.275718689
1337619011.44 -116.859672546
1337619011.45 -113.493537903
1337619011.48 -114.137565613
1337619011.48 -115.004402161
1337619011.48 -113.05696106
1337619011.48 -114.707199097
1337619011.49 -119.645210266
1337619011.49 -122.202590942
1337619011.49 -123.454116821
1337619011.49 -125.557128906
1337619011.5 -126.24420929
1337619011.5 -129.291885376
1337619011.5 -132.47946167
1337619011.52 -131.509613037
1337619011.52 -124.101806641
1337619011.52 -117.8306427
1337619011.52 -111.778816223
1337619011.53 -107.903762817
1337619011.53 -103.564491272
1337619011.54 -97.654800415
1337619011.54 -92.7236785889
1337619011.55 -89.7521972656
1337619011.55 -87.7458190918
1337619011.58 -85.1378707886
1337619011.58 -81.5779037476
1337619011.58 -79.3611297607
1337619011.58 -78.507850647
1337619011.58 -78.8984069824
1337619011.58 -80.1056442261
1337619011.59 -79.6635284424
1337619011.59 -78.7799453735
1337619011.61 -78.4052658081
1337619011.61 -78.3255691528
1337619011.63 -76.115020752
1337619011.63 -73.7735214233
1337619011.63 -72.0425796509
1337619011.63 -68.7523193359
1337619011.64 -68.796005249
1337619011.64 -65.8865509033
1337619011.65 -60.6750869751
1337619011.65 -61.5955848694
1337619011.65 -61.2884407043
1337619011.67 -60.192943573
1337619011.67 -62.2098960876
1337619011.67 -63.2393569946
1337619011.67 -63.8879852295
1337619011.68 -67.859375
1337619011.68 -68.923248291
1337619011.68 -66.1019287109
1337619011.69 -68.1770019531
1337619011.7 -68.9601593018
1337619011.7 -65.189414978
1337619011.7 -66.8059768677
1337619011.74 -64.800491333
1337619011.74 -61.0941848755
1337619011.74 -63.90625
1337619011.74 -61.0382957458
1337619011.74 -58.8397712708
1337619011.74 -61.7014694214
1337619011.74 -58.6436424255
1337619011.75 -56.9111976624
1337619011.75 -59.2938423157
1337619011.75 -57.942111969
1337619011.76 -58.5713272095
1337619011.76 -63.5443458557
1337619011.77 -63.5093650818
1337619011.79 -62.0498962402
1337619011.79 -62.9082374573
1337619011.79 -57.1722221375
1337619011.79 -55.8204116821
1337619011.79 -58.0295257568
1337619011.8 -52.9784202576
1337619011.8 -50.5289878845
1337619011.81 -48.5586204529
1337619011.81 -46.3998565674
1337619011.82 -47.5024719238
1337619011.86 -49.1598434448
1337619011.86 -47.5726966858
1337619011.86 -46.7967758179
1337619011.86 -46.0975723267
1337619011.86 -43.595741272
1337619011.86 -43.2689285278
1337619011.87 -42.5396385193
1337619011.87 -40.3732223511
1337619011.87 -44.4108352661
1337619011.88 -44.8561134338
1337619011.88 -44.8320770264
1337619011.89 -45.5301856995
1337619011.89 -41.9541473389
1337619011.89 -42.1675605774
1337619011.89 -42.2533683777
1337619011.9 -36.3382720947
1337619011.9 -34.2743606567
1337619011.91 -31.3429870605
1337619011.91 -29.8032855988
1337619011.92 -31.16314888
1337619011.94 -32.6747741699
1337619011.94 -31.1412792206
1337619011.94 -33.5116233826
1337619011.94 -34.4477310181
1337619011.94 -32.0731697083
1337619011.95 -35.1855392456
1337619011.95 -36.0851783752
1337619011.96 -35.7273674011
1337619011.96 -40.5083999634
1337619011.97 -40.4095077515
1337619011.99 -38.279548645
1337619011.99 -37.9816551208
1337619011.99 -36.9894447327
1337619011.99 -36.3700752258
1337619012.0 -38.5514297485
1337619012.0 -34.1663208008
1337619012.0 -27.5146312714
1337619012.01 -27.7118053436
1337619012.01 -26.1534824371
1337619012.02 -25.6354198456
1337619012.02 -27.9577865601
1337619012.03 -23.9767818451
1337619012.04 -23.6095733643
1337619012.04 -27.7640304565
1337619012.04 -29.6540489197
1337619012.05 -32.6551475525
1337619012.05 -32.6439819336
1337619012.06 -29.7771377563
1337619012.06 -29.8356647491
1337619012.08 -35.1362380981
1337619012.08 -37.3488426208
1337619012.08 -37.6327133179
1337619012.09 -38.8635139465
1337619012.09 -37.8273506165
1337619012.09 -38.3224258423
1337619012.1 -40.8977928162
1337619012.1 -39.999294281
1337619012.11 -39.017742157
1337619012.11 -38.7211456299
1337619012.12 -37.909286499
1337619012.12 -39.5373153687
1337619012.13 -37.0795516968
1337619012.13 -31.8560695648
1337619012.15 -29.2092323303
1337619012.15 -28.793340683
1337619012.16 -29.12225914
1337619012.16 -28.3140926361
1337619012.16 -24.3838233948
1337619012.17 -23.0308704376
1337619012.17 -24.3992061615
1337619012.17 -24.5930786133
1337619012.18 -24.3650550842
1337619012.2 -21.6544265747
1337619012.2 -16.435464859
1337619012.2 -14.3359518051
1337619012.2 -15.5247507095
1337619012.2 -14.6419143677
1337619012.21 -15.1141557693
1337619012.21 -11.3906707764
1337619012.22 -5.08148384094
1337619012.23 -4.69855737686
1337619012.23 -3.91754508018
1337619012.23 -2.1072473526
1337619012.24 -5.50449609756
1337619012.24 -4.81837415695
1337619012.25 -2.84032249451
1337619012.27 -6.18112754822
1337619012.27 -6.27954769135
1337619012.27 -10.0720405579
1337619012.27 -11.067896843
1337619012.29 -11.8828725815
1337619012.29 -17.4172611237
1337619012.29 -19.6182022095
1337619012.29 -20.5792484283
1337619012.3 -27.6796340942
1337619012.3 -28.298242569
1337619012.33 -27.7869796753
1337619012.33 -28.6101360321
1337619012.34 -26.3543109894
1337619012.34 -23.4993515015
1337619012.34 -23.8417854309
1337619012.34 -20.2913341522
1337619012.34 -17.28972435
1337619012.35 -20.0142059326
1337619012.35 -18.3998737335
1337619012.37 -18.4061031342
1337619012.37 -21.0374965668
1337619012.37 -20.5169734955
1337619012.37 -20.6898059845
1337619012.37 -23.8499755859
1337619012.38 -23.2547492981
1337619012.38 -22.5504760742
1337619012.39 -25.6699619293
1337619012.39 -24.3771934509
1337619012.4 -21.5521640778
1337619012.4 -22.1699733734
1337619012.42 -17.7743797302
1337619012.42 -15.4858808517
1337619012.42 -16.3178730011
1337619012.43 -13.242143631
1337619012.43 -8.96057796478
1337619012.43 -7.77983951569
1337619012.44 -2.98645544052
1337619012.44 -0.0629972964525
1337619012.45 -1.40356349945
1337619012.45 2.30682873726
1337619012.46 3.38218784332
1337619012.46 3.42609095573
1337619012.47 6.53150367737
1337619012.49 6.53787612915
1337619012.49 7.58713197708
1337619012.49 10.4978027344
1337619012.49 9.63795089722
1337619012.49 7.93587017059
1337619012.5 7.38351535797
1337619012.5 6.66475391388
1337619012.51 7.35088443756
1337619012.51 6.66086864471
1337619012.52 4.84332227707
1337619012.53 4.14328861237
1337619012.54 3.74389696121
1337619012.54 4.7372469902
1337619012.54 7.34949541092
1337619012.54 9.96617031097
1337619012.55 9.69098567963
1337619012.55 11.7542419434
1337619012.56 10.7915592194
1337619012.56 8.41287612915
1337619012.57 8.79812812805
1337619012.58 5.4910492897
1337619012.59 3.03824186325
1337619012.59 2.68932723999
1337619012.59 -2.27544856071
1337619012.59 -5.83375597
1337619012.6 -5.23778772354
1337619012.6 -10.4558162689
1337619012.61 -10.26060009
1337619012.61 -7.77136278152
1337619012.62 -9.98006248474
1337619012.64 -10.371175766
1337619012.64 -11.2872247696
1337619012.64 -14.3996448517
1337619012.64 -12.2707796097
1337619012.64 -8.80066204071
1337619012.65 -13.2165880203
1337619012.65 -13.717839241
1337619012.66 -12.559885025
1337619012.66 -15.2035484314
1337619012.67 -13.3459892273
1337619012.67 -13.2334833145
1337619012.68 -16.8404884338
1337619012.68 -15.7952003479
1337619012.69 -13.9332952499
1337619012.69 -16.7946071625
1337619012.7 -16.1033191681
1337619012.7 -8.4116268158
1337619012.72 -5.2314748764
1337619012.72 3.30679297447
1337619012.72 9.03723144531
1337619012.72 3.60019683838
1337619012.73 3.21001267433
1337619012.73 2.33671498299
1337619012.74 -0.575331091881
1337619012.74 1.37395501137
1337619012.75 0.271573543549
1337619012.75 -4.23370552063
1337619012.76 -3.83614611626
1337619012.76 -5.70321369171
1337619012.77 -8.1880531311
1337619012.78 -8.14154148102
1337619012.78 -10.6845788956
1337619012.79 -8.43534755707
1337619012.79 -4.92173910141
1337619012.79 -0.501722276211
1337619012.8 3.10348439217
1337619012.8 7.23899412155
1337619012.81 8.27484226227
1337619012.81 7.44644212723
1337619012.82 8.70195198059
1337619012.84 9.27892971039
1337619012.84 11.1127557755
1337619012.84 8.41537570953
1337619012.84 4.40094280243
1337619012.84 1.3079315424
1337619012.85 0.529434263706
1337619012.85 1.20860016346
1337619012.86 3.4706120491
1337619012.86 3.11754274368
1337619012.87 2.59784936905
1337619012.87 4.04492902756
1337619012.88 4.67361021042
1337619012.88 9.79009723663
1337619012.88 15.6776847839
1337619012.89 18.0914287567
1337619012.9 17.3076152802
1337619012.91 17.2401504517
1337619012.94 14.3147735596
1337619012.94 12.5676145554
1337619012.94 13.1976127625
1337619012.94 9.45968818665
1337619012.94 5.56967830658
1337619012.95 4.66493177414
1337619012.95 -1.07202625275
1337619012.95 -2.40485858917
1337619012.95 -0.133553683758
1337619012.96 -2.22434163094
1337619012.96 -1.5458739996
1337619012.96 -2.10866069794
1337619012.97 -5.88734149933
1337619012.97 -3.75897073746
1337619012.97 0.192961484194
1337619012.98 0.452915608883
1337619012.98 3.07449507713
1337619012.99 5.25291109085
1337619012.99 -1.22716856003
1337619013.02 -3.29360532761
1337619013.02 -4.95623350143
1337619013.02 -5.91403865814
1337619013.02 -2.96693134308
1337619013.02 -0.899480938911
1337619013.03 -0.256274372339
1337619013.03 3.10297036171
1337619013.04 5.40839004517
1337619013.04 5.74176883698
1337619013.04 12.1181516647
1337619013.05 16.84582901
1337619013.07 18.9374961853
1337619013.07 21.118894577
1337619013.07 22.5473365784
1337619013.07 20.4174461365
1337619013.08 20.9030914307
1337619013.08 19.1961631775
1337619013.08 18.0995826721
1337619013.09 18.7333564758
1337619013.1 15.3897094727
1337619013.1 12.5284643173
1337619013.12 10.1305456161
1337619013.12 7.9893245697
1337619013.12 9.66339492798
1337619013.12 10.3598766327
1337619013.13 11.1231746674
1337619013.13 12.7813844681
1337619013.13 12.2494869232
1337619013.14 14.1480054855
1337619013.14 18.429681778
1337619013.15 19.111158371
1337619013.16 18.3912734985
1337619013.16 20.4335269928
1337619013.16 18.8990802765
1337619013.18 18.9499931335
1337619013.18 22.1307086945
1337619013.19 20.210018158
1337619013.19 20.2124462128
1337619013.19 22.8918991089
1337619013.19 20.5130271912
1337619013.2 23.7832221985
1337619013.2 26.0372276306
1337619013.21 21.9567909241
1337619013.21 21.8548431396
1337619013.24 23.8289489746
1337619013.24 22.9079475403
1337619013.24 24.1883201599
1337619013.24 24.7692947388
1337619013.24 22.9366207123
1337619013.25 25.1657390594
1337619013.25 26.3591003418
1337619013.25 23.5771389008
1337619013.26 24.4752368927
1337619013.26 24.4688110352
1337619013.28 24.5492782593
1337619013.28 28.5477104187
1337619013.28 28.9531478882
1337619013.29 28.0774650574
1337619013.29 27.9937267303
1337619013.3 27.2800159454
1337619013.3 27.4536972046
1337619013.3 29.8881893158
1337619013.31 30.7954387665
1337619013.31 33.3340950012
1337619013.32 32.543182373
1337619013.32 32.5555076599
1337619013.33 33.9663391113
1337619013.33 31.9787750244
1337619013.34 30.9382991791
1337619013.34 31.6534023285
1337619013.35 33.5124511719
1337619013.37 35.1890830994
1337619013.37 38.1253814697
1337619013.37 38.2033309937
1337619013.37 36.8376121521
1337619013.38 38.3624000549
1337619013.38 35.9847946167
1337619013.38 35.4077453613
1337619013.39 36.3560409546
1337619013.39 33.3855705261
1337619013.4 34.443813324
1337619013.4 35.5852432251
1337619013.41 35.4533843994
1337619013.41 34.1934089661
1337619013.44 32.6473846436
1337619013.44 31.1111927032
1337619013.44 30.7091312408
1337619013.44 33.1924591064
1337619013.44 35.2406082153
1337619013.45 37.1633529663
1337619013.45 40.557559967
1337619013.45 44.1873207092
1337619013.46 45.8051223755
1337619013.46 46.216217041
1337619013.47 49.736492157
1337619013.47 49.279876709
1337619013.48 49.3266181946
1337619013.48 48.8944244385
1337619013.5 43.051902771
1337619013.5 40.4712867737
1337619013.5 39.3466033936
1337619013.5 35.0910606384
1337619013.51 33.6758422852
1337619013.51 34.9271812439
1337619013.52 30.4841251373
1337619013.52 27.878944397
1337619013.53 27.1010894775
1337619013.54 22.2618904114
1337619013.54 22.2554702759
1337619013.54 24.8644104004
1337619013.55 24.8468914032
1337619013.56 29.0393486023
1337619013.56 33.7923316956
1337619013.56 31.5613021851
1337619013.57 33.1673545837
1337619013.57 34.0558319092
1337619013.58 31.7974147797
1337619013.6 37.4406089783
1337619013.6 41.2904472351
1337619013.6 43.5043907166
1337619013.6 44.5035018921
1337619013.61 43.8452835083
1337619013.61 42.8860015869
1337619013.61 42.7132911682
1337619013.62 41.7594528198
1337619013.62 40.4606361389
1337619013.63 38.1026802063
1337619013.64 36.117477417
1337619013.64 38.0114555359
1337619013.64 39.8276748657
1337619013.65 41.1836891174
1337619013.67 42.0238609314
1337619013.67 39.4374732971
1337619013.67 37.6873664856
1337619013.67 40.5525169373
1337619013.68 41.5593681335
1337619013.68 43.0402793884
1337619013.68 42.2946434021
1337619013.69 37.5604057312
1337619013.69 37.5098876953
1337619013.7 39.8405227661
1337619013.7 39.3141441345
1337619013.71 39.9773521423
1337619013.71 41.9519920349
1337619013.72 44.1212921143
1337619013.72 48.4387054443
1337619013.73 52.8334960938
1337619013.74 50.9922866821
1337619013.75 51.4067459106
1337619013.75 51.6620292664
1337619013.75 49.9836502075
1337619013.75 51.5328102112
1337619013.76 50.9198608398
1337619013.76 46.9518852234
1337619013.77 43.6887435913
1337619013.77 41.3572044373
1337619013.78 41.4217338562
1337619013.78 42.120349884
1337619013.79 41.4931144714
1337619013.79 40.7574653625
1337619013.8 39.375202179
1337619013.81 39.1349220276
1337619013.82 41.9748191833
1337619013.82 42.9104728699
1337619013.82 40.7432098389
1337619013.82 42.3220596313
1337619013.83 41.3071594238
1337619013.83 40.3486366272
1337619013.84 41.8851966858
1337619013.84 37.589466095
1337619013.85 34.8628311157
1337619013.85 38.692199707
1337619013.86 35.5757064819
1337619013.86 35.010974884
1337619013.87 36.9644393921
1337619013.88 32.6014480591
1337619013.88 33.0326194763
1337619013.88 36.8165664673
1337619013.89 34.6263427734
1337619013.89 35.1099395752
1337619013.9 39.401058197
1337619013.9 38.0457115173
1337619013.91 42.4449996948
1337619013.91 47.9245796204
1337619013.92 43.8492279053
1337619013.92 44.2883300781
1337619013.93 43.7140960693
1337619013.93 41.9407653809
1337619013.94 45.2230796814
1337619013.94 47.2773628235
1337619013.95 47.8229446411
1337619013.96 48.478427887
1337619013.96 46.4306106567
1337619013.96 44.8703727722
1337619013.97 42.2154960632
1337619013.97 37.7716941833
1337619013.98 35.0361251831
1337619013.98 34.4134712219
1337619013.99 33.5719680786
1337619013.99 34.5977325439
1337619014.0 38.3492546082
1337619014.0 42.5386772156
1337619014.01 47.2596473694
1337619014.01 48.9775352478
1337619014.02 46.2648620605
1337619014.03 45.0836639404
1337619014.03 41.157875061
1337619014.04 38.3541183472
1337619014.04 39.4439544678
1337619014.04 37.0835609436
1337619014.05 36.7660140991
1337619014.05 39.3542289734
1337619014.06 35.982131958
1337619014.06 37.8312263489
1337619014.07 39.5466461182
1337619014.07 36.1408500671
1337619014.08 36.6550178528
1337619014.08 35.4867095947
1337619014.1 30.9039726257
1337619014.1 30.8805294037
1337619014.1 30.6098556519
1337619014.1 24.3412208557
1337619014.11 21.466999054
1337619014.11 18.7225532532
1337619014.12 19.3092021942
1337619014.12 22.8078041077
1337619014.13 23.6245346069
1337619014.13 20.0217781067
1337619014.14 20.9800262451
1337619014.14 21.2611408234
1337619014.15 22.4965877533
1337619014.15 24.6556949615
1337619014.16 25.6587333679
1337619014.16 25.5705795288
1337619014.18 24.9436473846
1337619014.18 24.0543060303
1337619014.18 25.9573345184
1337619014.18 25.8432826996
1337619014.19 24.6735191345
1337619014.19 24.907245636
1337619014.2 22.1058654785
1337619014.2 19.0970649719
1337619014.21 19.2951946259
1337619014.21 16.6833286285
1337619014.22 15.4567689896
1337619014.22 16.8606281281
1337619014.23 13.7325534821
1337619014.24 14.7471218109
1337619014.24 19.5362968445
1337619014.25 20.6004600525
1337619014.25 26.8726119995
1337619014.25 33.5375366211
1337619014.26 35.9111976624
1337619014.26 40.8792266846
1337619014.27 48.7712554932
1337619014.27 55.7135848999
1337619014.28 62.1565475464
1337619014.28 64.4774169922
1337619014.29 63.3375091553
1337619014.29 64.3600463867
1337619014.3 63.5519828796
1337619014.31 64.5484237671
1337619014.31 63.4795722961
1337619014.31 60.4269523621
1337619014.32 58.3334655762
1337619014.32 51.950553894
1337619014.33 49.6077041626
1337619014.33 53.3780212402
1337619014.34 52.2591819763
1337619014.34 55.3844985962
1337619014.35 56.5302009583
1337619014.35 55.7875480652
1337619014.36 55.1981239319
1337619014.36 54.7966079712
1337619014.38 53.7384757996
1337619014.38 53.652305603
1337619014.38 54.6874771118
1337619014.38 55.4610595703
1337619014.39 57.2569732666
1337619014.39 59.3828353882
1337619014.4 69.0545501709
1337619014.4 77.87865448
1337619014.41 85.0757598877
1337619014.41 82.1061706543
1337619014.43 79.9148483276
1337619014.43 78.202796936
1337619014.43 77.9529647827
1337619014.43 88.4000473022
1337619014.44 100.281051636
1337619014.44 113.208305359
1337619014.44 123.090568542
1337619014.45 127.310394287
1337619014.46 132.611923218
1337619014.46 132.776885986
1337619014.46 135.555221558
1337619014.47 141.565612793
1337619014.47 152.490890503
1337619014.48 164.028610229
1337619014.49 175.098114014
1337619014.5 185.985321045
1337619014.5 199.804336548
1337619014.5 213.924362183
1337619014.51 217.479110718
1337619014.51 228.983581543
1337619014.52 242.615737915
1337619014.52 249.257217407
1337619014.53 258.401672363
1337619014.53 264.206848145
1337619014.53 265.675323486
1337619014.54 278.950439453
1337619014.55 289.431091309
1337619014.55 297.070739746
1337619014.55 310.604492188
1337619014.56 322.623901367
1337619014.58 332.113800049
1337619014.58 346.857330322
1337619014.59 366.27557373
1337619014.59 380.156768799
1337619014.59 397.928161621
1337619014.59 415.975891113
1337619014.59 427.919555664
1337619014.6 445.877990723
1337619014.6 458.106750488
1337619014.61 469.103729248
1337619014.61 481.994567871
1337619014.63 487.958435059
1337619014.63 497.879699707
1337619014.63 510.365081787
1337619014.64 514.49597168
1337619014.64 530.811523438
1337619014.65 548.832763672
1337619014.65 563.002380371
1337619014.66 575.330871582
1337619014.66 588.403381348
1337619014.69 599.199401855
1337619014.69 605.856994629
1337619014.69 618.059570312
1337619014.69 629.126037598
1337619014.69 639.151855469
1337619014.69 650.523254395
1337619014.7 659.086547852
1337619014.7 669.88671875
1337619014.71 680.964416504
1337619014.71 689.883117676
1337619014.71 699.618713379
1337619014.72 705.473144531
1337619014.72 719.588806152
1337619014.73 733.483764648
1337619014.73 743.807128906
1337619014.74 751.764648438
1337619014.76 756.876403809
1337619014.76 760.582885742
1337619014.76 768.617736816
1337619014.76 774.369934082
1337619014.76 775.295654297
1337619014.77 780.047485352
1337619014.77 793.479675293
1337619014.82 804.588134766
1337619014.82 815.744995117
1337619014.82 825.784301758
1337619014.82 833.469177246
1337619014.83 843.565490723
1337619014.83 859.542053223
1337619014.83 872.889892578
1337619014.83 884.475952148
1337619014.83 894.066345215
1337619014.83 903.324279785
1337619014.85 913.260437012
1337619014.85 920.992797852
1337619014.85 926.962280273
1337619014.85 936.936218262
1337619014.85 944.229370117
1337619014.86 955.381835938
1337619014.86 963.284240723
1337619014.86 969.745117188
1337619014.87 979.387573242
1337619014.87 982.785644531
1337619014.88 988.38092041
1337619014.9 995.665283203
1337619014.9 996.046020508
1337619014.9 1000.91497803
1337619014.9 1007.94006348
1337619014.91 1020.16882324
1337619014.91 1034.97875977
1337619014.91 1049.82275391
1337619014.92 1057.92297363
1337619014.92 1061.84069824
1337619014.93 1064.98522949
1337619014.93 1064.16125488
1337619014.94 1081.73852539
1337619014.95 1094.11853027
1337619014.97 1102.76245117
1337619014.97 1114.9609375
1337619014.97 1117.15197754
1337619014.98 1117.23327637
1337619014.98 1121.75402832
1337619014.98 1127.10791016
1337619014.98 1131.0534668
1337619014.99 1140.75134277
1337619014.99 1147.07958984
1337619015.0 1151.57885742
1337619015.0 1163.93823242
1337619015.01 1169.92077637
1337619015.01 1178.73046875
1337619015.01 1175.7845459
1337619015.02 1167.91699219
1337619015.02 1164.79089355
1337619015.05 1165.66748047
1337619015.05 1167.67932129
1337619015.05 1175.36242676
1337619015.05 1188.85192871
1337619015.05 1200.87207031
1337619015.05 1210.96203613
1337619015.06 1214.86938477
1337619015.06 1221.14929199
1337619015.07 1227.30615234
1337619015.07 1231.93408203
1337619015.08 1245.47570801
1337619015.08 1258.62280273
1337619015.09 1267.80114746
1337619015.09 1267.38513184
1337619015.11 1270.07165527
1337619015.11 1266.49511719
1337619015.11 1268.22277832
1337619015.12 1268.88684082
1337619015.12 1262.23669434
1337619015.12 1261.45019531
1337619015.13 1269.46154785
1337619015.13 1272.59741211
1337619015.14 1273.22924805
1337619015.14 1273.0958252
1337619015.16 1268.44360352
1337619015.16 1276.35705566
1337619015.16 1281.61767578
1337619015.16 1284.08666992
1337619015.17 1291.25366211
1337619015.17 1303.09387207
1337619015.18 1311.19787598
1337619015.18 1325.42175293
1337619015.19 1329.41967773
1337619015.19 1331.31091309
1337619015.2 1337.38195801
1337619015.2 1339.38500977
1337619015.21 1340.32946777
1337619015.22 1344.45141602
1337619015.23 1345.78845215
1337619015.23 1360.13830566
1337619015.23 1372.31774902
1337619015.23 1379.60791016
1337619015.24 1391.38439941
1337619015.24 1394.45361328
1337619015.25 1394.81323242
1337619015.25 1417.35412598
1337619015.26 1433.36486816
1337619015.26 1450.30383301
1337619015.28 1466.35266113
1337619015.28 1471.65844727
1337619015.28 1480.26635742
1337619015.28 1487.88891602
1337619015.29 1491.34338379
1337619015.29 1494.81884766
1337619015.3 1498.10205078
1337619015.3 1496.1262207
1337619015.31 1508.97912598
1337619015.32 1522.69152832
1337619015.33 1529.37817383
1337619015.33 1523.2869873
1337619015.33 1516.90966797
1337619015.34 1510.8067627
1337619015.34 1510.65795898
1337619015.34 1524.0892334
1337619015.35 1529.78991699
1337619015.35 1538.43127441
1337619015.36 1540.41833496
1337619015.36 1537.91186523
1337619015.38 1543.54516602
1337619015.38 1547.94262695
1337619015.38 1547.83850098
1337619015.38 1551.01452637
1337619015.39 1555.24450684
1337619015.39 1570.32055664
1337619015.4 1586.8815918
1337619015.4 1601.93566895
1337619015.41 1596.41308594
1337619015.41 1596.76086426
1337619015.42 1596.66723633
1337619015.42 1596.02099609
1337619015.45 1603.73339844
1337619015.45 1606.94335938
1337619015.45 1618.48034668
1337619015.45 1633.23388672
1337619015.45 1646.18615723
1337619015.45 1661.36254883
1337619015.46 1680.5369873
1337619015.46 1692.11376953
1337619015.47 1700.24694824
1337619015.47 1732.65100098
1337619015.48 1756.67956543
1337619015.49 1778.73718262
1337619015.49 1779.65222168
1337619015.49 1777.83496094
1337619015.5 1780.92895508
1337619015.5 1785.51367188
1337619015.51 1786.6673584
1337619015.51 1786.34399414
1337619015.52 1785.08630371
1337619015.53 1786.68701172
1337619015.54 1793.74523926
1337619015.54 1800.89196777
1337619015.55 1796.13037109
1337619015.55 1795.89025879
1337619015.55 1790.42089844
1337619015.55 1787.62805176
1337619015.56 1797.17663574
1337619015.56 1799.6887207
1337619015.57 1805.9432373
1337619015.57 1825.42041016
1337619015.59 1836.92272949
1337619015.59 1855.02722168
1337619015.59 1862.69482422
1337619015.59 1862.82104492
1337619015.6 1867.55163574
1337619015.6 1872.32946777
1337619015.61 1877.76245117
1337619015.61 1887.82617188
1337619015.62 1898.24401855
1337619015.62 1903.90344238
1337619015.63 1916.29541016
1337619015.63 1926.03674316
1337619015.64 1929.12158203
1337619015.64 1941.54016113
1337619015.66 1947.58105469
1337619015.66 1963.10070801
1337619015.66 1984.97009277
1337619015.66 2000.16516113
1337619015.67 2012.52185059
1337619015.67 2018.46899414
1337619015.68 2018.01757812
1337619015.68 2015.71594238
1337619015.69 2015.43603516
1337619015.69 2010.83508301
1337619015.71 2007.47680664
1337619015.71 2034.09570312
1337619015.71 2056.30175781
1337619015.71 2076.16552734
1337619015.72 2096.07275391
1337619015.72 2097.04370117
1337619015.73 2095.12426758
1337619015.73 2098.20556641
1337619015.74 2106.80224609
1337619015.74 2113.72265625
1337619015.76 2123.91503906
1337619015.76 2128.28149414
1337619015.76 2139.55493164
1337619015.76 2154.03295898
1337619015.77 2164.60058594
1337619015.77 2171.42797852
1337619015.78 2178.76147461
1337619015.78 2182.74780273
1337619015.79 2192.08447266
1337619015.79 2201.2590332
1337619015.8 2207.6496582
1337619015.8 2215.546875
1337619015.81 2249.45678711
1337619015.81 2278.97607422
1337619015.82 2308.96508789
1337619015.82 2315.5612793
1337619015.83 2321.62207031
1337619015.83 2331.33203125
1337619015.83 2348.82348633
1337619015.84 2367.08618164
1337619015.85 2384.49658203
1337619015.85 2366.52441406
1337619015.86 2354.49121094
1337619015.87 2348.27075195
1337619015.87 2334.47314453
1337619015.87 2340.58447266
1337619015.88 2347.39501953
1337619015.88 2348.15771484
1337619015.89 2362.03222656
1337619015.89 2370.94848633
1337619015.9 2376.23217773
1337619015.9 2387.50097656
1337619015.91 2391.75097656
1337619015.91 2392.09130859
1337619015.92 2402.00561523
1337619015.92 2409.11083984
1337619015.93 2414.18408203
1337619015.93 2425.41821289
1337619015.94 2430.21191406
1337619015.94 2435.79223633
1337619015.95 2445.09985352
1337619015.95 2452.15405273
1337619015.96 2458.53173828
1337619015.97 2464.35693359
1337619015.97 2466.54443359
1337619015.97 2471.37939453
1337619015.98 2476.53808594
1337619015.98 2479.92749023
1337619015.98 2485.53613281
1337619015.99 2488.24853516
1337619015.99 2495.97192383
1337619016.0 2502.39453125
1337619016.0 2508.82055664
1337619016.02 2517.56469727
1337619016.02 2520.95385742
1337619016.02 2525.37036133
1337619016.03 2529.99780273
1337619016.03 2534.77880859
1337619016.04 2539.49951172
1337619016.04 2545.88134766
1337619016.05 2552.1940918
1337619016.05 2556.18066406
1337619016.06 2565.05981445
1337619016.06 2571.49707031
1337619016.07 2574.53295898
1337619016.07 2579.75976562
1337619016.08 2580.97290039
1337619016.08 2583.15527344
1337619016.09 2587.86743164
1337619016.09 2592.29248047
1337619016.09 2597.67285156
1337619016.1 2599.75976562
1337619016.1 2605.47167969
1337619016.11 2609.62255859
1337619016.11 2613.00390625
1337619016.12 2618.20068359
1337619016.12 2614.76953125
1337619016.14 2616.36035156
1337619016.14 2620.89160156
1337619016.14 2620.39453125
1337619016.14 2624.87866211
1337619016.15 2627.27929688
1337619016.16 2625.82104492
1337619016.16 2630.66992188
1337619016.16 2635.50024414
1337619016.17 2638.75219727
1337619016.17 2640.09887695
1337619016.2 2640.33203125
1337619016.2 2643.38696289
1337619016.2 2648.84936523
1337619016.2 2654.91918945
1337619016.2 2660.46630859
1337619016.21 2663.00830078
1337619016.21 2664.65063477
1337619016.21 2670.2734375
1337619016.22 2674.39233398
1337619016.23 2678.1340332
1337619016.23 2684.66015625
1337619016.23 2684.84057617
1337619016.24 2687.82299805
1337619016.24 2693.02783203
1337619016.25 2692.15795898
1337619016.25 2691.49365234
1337619016.26 2689.01708984
1337619016.27 2681.93603516
1337619016.28 2678.49389648
1337619016.29 2677.52514648
1337619016.29 2673.16748047
1337619016.29 2667.01489258
1337619016.29 2660.25537109
1337619016.3 2652.76513672
1337619016.3 2645.28710938
1337619016.31 2642.59228516
1337619016.31 2637.80786133
1337619016.31 2631.00146484
1337619016.32 2626.15551758
1337619016.32 2622.9777832
1337619016.33 2618.94262695
1337619016.33 2616.17211914
1337619016.35 2612.5012207
1337619016.35 2605.83422852
1337619016.35 2603.89624023
1337619016.36 2601.19824219
1337619016.36 2595.47070312
1337619016.37 2592.16235352
1337619016.37 2587.8137207
1337619016.38 2581.83227539
1337619016.38 2581.04003906
1337619016.38 2580.14648438
1337619016.4 2577.38427734
1337619016.4 2576.49389648
1337619016.4 2574.25097656
1337619016.4 2571.99829102
1337619016.41 2565.66992188
1337619016.42 2559.08422852
1337619016.42 2554.59130859
1337619016.42 2552.15356445
1337619016.43 2551.15649414
1337619016.43 2549.03491211
1337619016.45 2544.66113281
1337619016.45 2536.79125977
1337619016.45 2534.22216797
1337619016.46 2530.03710938
1337619016.46 2525.07373047
1337619016.46 2521.60742188
1337619016.47 2510.36767578
1337619016.47 2499.41967773
1337619016.48 2494.48413086
1337619016.49 2486.68017578
1337619016.5 2478.55322266
1337619016.5 2472.21484375
1337619016.51 2460.62280273
1337619016.51 2455.15405273
1337619016.51 2450.59619141
1337619016.51 2442.45727539
1337619016.52 2435.31811523
1337619016.52 2423.30810547
1337619016.53 2413.28857422
1337619016.53 2408.51782227
1337619016.54 2398.44921875
1337619016.54 2392.10424805
1337619016.55 2384.63598633
1337619016.55 2374.73095703
1337619016.57 2372.10498047
1337619016.57 2363.4987793
1337619016.57 2352.58227539
1337619016.57 2344.21386719
1337619016.58 2330.52832031
1337619016.59 2321.31176758
1337619016.59 2314.4128418
1337619016.59 2307.49487305
1337619016.6 2304.2409668
1337619016.6 2292.09985352
1337619016.61 2281.21508789
1337619016.61 2271.78979492
1337619016.62 2264.22485352
1337619016.62 2259.46899414
1337619016.63 2249.98071289
1337619016.63 2235.69335938
1337619016.64 2221.04248047
1337619016.64 2215.2512207
1337619016.65 2212.90161133
1337619016.66 2205.71875
1337619016.67 2193.34594727
1337619016.67 2175.99121094
1337619016.67 2165.08325195
1337619016.67 2158.19262695
1337619016.68 2146.53515625
1337619016.68 2135.01733398
1337619016.69 2112.75268555
1337619016.69 2099.84545898
1337619016.7 2093.83276367
1337619016.71 2081.25683594
1337619016.72 2073.92993164
1337619016.73 2056.08081055
1337619016.73 2042.05957031
1337619016.73 2037.47314453
1337619016.73 2024.38305664
1337619016.74 2009.82702637
1337619016.74 1993.7244873
1337619016.74 1978.34729004
1337619016.75 1973.01940918
1337619016.75 1965.61132812
1337619016.76 1954.49829102
1337619016.76 1942.97473145
1337619016.77 1929.91564941
1337619016.77 1922.74487305
1337619016.79 1915.5982666
1337619016.79 1901.32189941
1337619016.79 1886.27368164
1337619016.79 1875.6697998
1337619016.8 1867.91394043
1337619016.8 1860.00390625
1337619016.81 1847.1192627
1337619016.81 1832.12451172
1337619016.82 1819.57275391
1337619016.83 1810.82055664
1337619016.83 1802.45861816
1337619016.83 1791.13208008
1337619016.84 1777.56787109
1337619016.84 1765.38256836
1337619016.85 1755.33288574
1337619016.85 1745.18237305
1337619016.86 1735.02404785
1337619016.86 1722.40893555
1337619016.87 1714.41259766
1337619016.88 1705.12060547
1337619016.88 1694.01220703
1337619016.88 1685.68005371
1337619016.89 1675.53857422
1337619016.89 1669.41638184
1337619016.9 1662.27929688
1337619016.9 1653.38354492
1337619016.91 1644.51293945
1337619016.91 1634.46057129
1337619016.92 1625.38427734
1337619016.93 1615.76208496
1337619016.93 1606.7064209
1337619016.93 1596.61975098
1337619016.94 1590.59875488
1337619016.94 1584.21252441
1337619016.95 1573.93859863
1337619016.95 1564.72814941
1337619016.96 1554.59289551
1337619016.97 1545.36975098
1337619016.97 1535.64318848
1337619016.98 1529.33105469
1337619016.98 1522.85717773
1337619016.98 1515.29504395
1337619017.0 1508.77893066
1337619017.0 1498.61450195
1337619017.0 1488.64501953
1337619017.01 1479.5513916
1337619017.01 1470.26025391
1337619017.01 1461.8918457
1337619017.02 1455.73828125
1337619017.02 1447.50756836
1337619017.03 1438.48388672
1337619017.03 1432.26708984
1337619017.04 1421.59887695
1337619017.05 1412.34521484
1337619017.06 1406.6229248
1337619017.06 1397.22900391
1337619017.06 1390.70605469
1337619017.06 1384.00170898
1337619017.07 1377.98095703
1337619017.07 1376.05395508
1337619017.09 1369.44445801
1337619017.09 1362.46069336
1337619017.11 1355.33886719
1337619017.11 1347.31066895
1337619017.11 1341.80480957
1337619017.11 1333.49816895
1337619017.11 1325.97155762
1337619017.12 1316.23046875
1337619017.12 1308.74694824
1337619017.12 1305.2421875
1337619017.13 1296.8182373
1337619017.13 1291.6151123
1337619017.14 1285.64929199
1337619017.15 1277.89001465
1337619017.15 1275.06604004
1337619017.15 1269.80859375
1337619017.16 1262.47180176
1337619017.17 1257.00561523
1337619017.17 1253.9699707
1337619017.17 1250.59997559
1337619017.18 1244.86169434
1337619017.18 1242.2310791
1337619017.21 1239.41467285
1337619017.21 1234.25646973
1337619017.21 1232.66625977
1337619017.21 1227.8848877
1337619017.21 1221.01098633
1337619017.21 1219.5592041
1337619017.22 1215.5526123
1337619017.22 1211.36572266
1337619017.24 1208.0447998
1337619017.24 1202.13244629
1337619017.25 1197.28942871
1337619017.25 1193.54223633
1337619017.25 1190.02880859
1337619017.25 1185.56958008
1337619017.26 1180.98986816
1337619017.27 1178.82067871
1337619017.27 1175.09216309
1337619017.27 1170.57507324
1337619017.28 1167.45935059
1337619017.28 1163.0612793
1337619017.29 1152.62841797
1337619017.29 1142.33325195
1337619017.3 1131.85314941
1337619017.31 1157.13232422
1337619017.31 1175.92297363
1337619017.31 1194.77392578
1337619017.32 1217.98632812
1337619017.32 1233.22912598
1337619017.33 1252.99157715
1337619017.33 1247.32006836
1337619017.34 1240.91223145
1337619017.34 1238.72009277
1337619017.35 1233.38830566
1337619017.36 1249.91442871
1337619017.36 1265.86035156
1337619017.36 1278.69030762
1337619017.37 1290.88269043
1337619017.37 1300.33325195
1337619017.38 1310.60668945
1337619017.38 1308.56066895
1337619017.39 1304.05334473
1337619017.39 1304.9744873
1337619017.4 1304.84008789
1337619017.41 1295.83679199
1337619017.41 1291.78894043
1337619017.41 1286.26452637
1337619017.42 1279.20776367
1337619017.42 1273.92456055
1337619017.43 1267.67419434
1337619017.43 1253.08544922
1337619017.44 1240.06738281
1337619017.44 1229.67932129
1337619017.45 1216.88354492
1337619017.45 1197.05322266
1337619017.46 1178.8828125
1337619017.46 1160.60473633
1337619017.47 1173.03796387
1337619017.48 1182.75683594
1337619017.48 1192.78723145
1337619017.48 1191.19543457
1337619017.48 1191.22705078
1337619017.49 1192.6973877
1337619017.49 1190.45373535
1337619017.5 1193.4005127
1337619017.5 1196.41577148
1337619017.51 1196.51025391
1337619017.52 1197.25390625
1337619017.53 1197.71069336
1337619017.53 1195.3001709
1337619017.53 1192.59106445
1337619017.53 1190.32897949
1337619017.54 1185.18786621
1337619017.55 1184.69543457
1337619017.55 1195.21264648
1337619017.55 1229.93847656
1337619017.56 1313.74511719
1337619017.57 1435.67712402
1337619017.57 1647.66137695
1337619017.58 1921.88330078
1337619017.58 2244.83911133
1337619017.58 2618.24047852
1337619017.59 3031.86303711
1337619017.6 3451.36328125
1337619017.6 3840.94677734
1337619017.61 4153.41845703
1337619017.61 4386.21044922
1337619017.62 4546.22167969
1337619017.63 4635.7109375
1337619017.63 4666.41308594
1337619017.63 4630.55712891
1337619017.64 4553.4921875
1337619017.64 4457.6015625
1337619017.65 4363.18017578
1337619017.65 4274.06933594
1337619017.65 4179.41699219
1337619017.66 4095.5859375
1337619017.66 4017.23144531
1337619017.67 3951.76586914
1337619017.67 3889.70483398
1337619017.68 3811.87768555
1337619017.69 3737.18652344
1337619017.69 3663.56665039
1337619017.69 3597.85107422
1337619017.7 3539.87207031
1337619017.7 3473.20849609
1337619017.71 3404.38964844
1337619017.71 3335.6640625
1337619017.72 3269.07495117
1337619017.72 3208.42089844
1337619017.73 3146.40649414
1337619017.75 3081.59301758
1337619017.75 3020.63012695
1337619017.75 2962.50708008
1337619017.75 2904.9440918
1337619017.76 2850.85668945
1337619017.76 2791.70996094
1337619017.76 2732.02246094
1337619017.77 2677.07080078
1337619017.77 2620.98266602
1337619017.78 2571.96240234
1337619017.79 2519.06762695
1337619017.79 2462.02661133
1337619017.8 2411.72875977
1337619017.8 2360.74755859
1337619017.8 2315.65161133
1337619017.81 2270.35327148
1337619017.81 2218.90161133
1337619017.82 2172.4675293
1337619017.82 2130.44482422
1337619017.83 2091.48413086
1337619017.84 2053.62451172
1337619017.84 2011.41381836
1337619017.84 1967.07214355
1337619017.85 1927.6697998
1337619017.85 1890.76904297
1337619017.86 1851.54516602
1337619017.86 1813.40991211
1337619017.87 1772.30944824
1337619017.87 1733.96228027
1337619017.88 1701.8416748
1337619017.88 1664.890625
1337619017.89 1630.31567383
1337619017.9 1595.45739746
1337619017.9 1560.69836426
1337619017.91 1532.82788086
1337619017.91 1500.47460938
1337619017.92 1467.46435547
1337619017.92 1435.11462402
1337619017.93 1403.90991211
1337619017.93 1377.17797852
1337619017.94 1348.29174805
1337619017.94 1317.28930664
1337619017.94 1286.94921875
1337619017.95 1256.07971191
1337619017.96 1228.34020996
1337619017.96 1202.14831543
1337619017.97 1171.15527344
1337619017.97 1140.65734863
1337619017.97 1112.87585449
1337619017.98 1083.85351562
1337619017.98 1058.12927246
1337619017.99 1031.39648438
1337619017.99 1003.13671875
1337619018.0 979.681335449
1337619018.01 953.373413086
1337619018.01 928.180786133
1337619018.02 907.366882324
1337619018.02 883.764709473
1337619018.02 863.299438477
1337619018.03 845.120178223
1337619018.03 822.750244141
1337619018.04 803.29498291
1337619018.04 784.436889648
1337619018.05 766.653381348
1337619018.06 753.28717041
1337619018.06 738.242126465
1337619018.06 721.864929199
1337619018.07 707.31237793
1337619018.07 694.086975098
1337619018.08 682.720581055
1337619018.08 672.507873535
1337619018.09 660.985534668
1337619018.09 649.50189209
1337619018.1 638.268188477
1337619018.11 629.700012207
1337619018.11 622.075500488
1337619018.11 611.461608887
1337619018.13 601.749389648
1337619018.13 594.454284668
1337619018.13 585.829040527
1337619018.13 577.914733887
1337619018.14 571.847106934
1337619018.14 561.56842041
1337619018.15 554.598815918
1337619018.15 548.676391602
1337619018.16 537.520385742
1337619018.16 530.965942383
1337619018.18 525.027526855
1337619018.18 516.407897949
1337619018.18 510.835571289
1337619018.18 505.807312012
1337619018.19 497.523406982
1337619018.19 494.87121582
1337619018.2 491.12600708
1337619018.2 481.292480469
1337619018.21 476.605926514
1337619018.22 471.937896729
1337619018.22 466.881103516
1337619018.23 464.844543457
1337619018.23 460.417755127
1337619018.23 451.271850586
1337619018.24 446.250152588
1337619018.24 441.730194092
1337619018.25 430.076629639
1337619018.26 422.354370117
1337619018.26 414.861480713
1337619018.26 406.256134033
1337619018.27 402.766693115
1337619018.27 395.003936768
1337619018.28 381.277770996
1337619018.28 345.221588135
1337619018.29 315.640228271
1337619018.3 285.843597412
1337619018.3 259.37008667
1337619018.3 232.930648804
1337619018.31 206.660339355
1337619018.31 190.00491333
1337619018.32 176.427017212
1337619018.32 158.824371338
1337619018.33 139.223831177
1337619018.33 120.303001404
1337619018.34 103.000335693
1337619018.34 93.2655639648
1337619018.35 84.6289596558
1337619018.35 75.2652664185
1337619018.36 70.5798110962
1337619018.36 73.1011199951
1337619018.37 74.2490844727
1337619018.37 77.4961090088
1337619018.38 80.6150817871
1337619018.39 86.8369522095
1337619018.39 93.811416626
1337619018.4 100.576919556
1337619018.4 91.5740814209
1337619018.4 85.1520767212
1337619018.41 80.6396179199
1337619018.41 84.9922866821
1337619018.42 89.3710403442
1337619018.43 93.0564575195
1337619018.43 98.0713043213
1337619018.44 104.597099304
1337619018.44 112.405761719
1337619018.44 114.998123169
1337619018.45 104.672424316
1337619018.45 95.7372665405
1337619018.47 89.6061706543
1337619018.47 101.751655579
1337619018.47 112.349754333
1337619018.47 118.912284851
1337619018.48 122.033905029
1337619018.49 147.703109741
1337619018.49 171.91998291
1337619018.49 193.059402466
1337619018.5 216.847167969
1337619018.5 234.81149292
1337619018.51 251.85144043
1337619018.52 273.543182373
1337619018.52 293.086914062
1337619018.52 308.440856934
1337619018.53 322.804443359
1337619018.54 336.223846436
1337619018.55 347.931976318
1337619018.55 359.830108643
1337619018.55 368.168731689
1337619018.55 374.418304443
1337619018.56 380.985931396
1337619018.56 392.731231689
1337619018.57 401.855072021
1337619018.57 410.1902771
1337619018.58 416.637969971
1337619018.58 420.445587158
1337619018.59 425.923675537
1337619018.59 429.454467773
1337619018.6 432.093200684
1337619018.6 435.045806885
1337619018.61 437.638031006
1337619018.61 446.797149658
1337619018.62 454.907318115
1337619018.62 462.149505615
1337619018.63 466.73739624
1337619018.63 470.080474854
1337619018.64 473.613433838
1337619018.64 475.21762085
1337619018.65 480.604370117
1337619018.65 486.544067383
1337619018.66 491.376068115
1337619018.66 496.670257568
1337619018.67 509.217926025
1337619018.68 518.374145508
1337619018.68 529.105041504
1337619018.68 540.217834473
1337619018.69 547.792236328
1337619018.69 554.644348145
1337619018.71 568.978271484
1337619018.71 579.848937988
1337619018.71 591.503295898
1337619018.71 599.919921875
1337619018.72 602.72064209
1337619018.72 607.004394531
1337619018.73 612.218688965
1337619018.73 621.999633789
1337619018.74 656.029785156
1337619018.74 722.35559082
1337619018.75 843.592895508
1337619018.76 1016.24298096
1337619018.76 1227.04467773
1337619018.76 1510.15869141
1337619018.78 1827.95349121
1337619018.78 2168.39428711
1337619018.78 2512.51391602
1337619018.78 2829.73217773
1337619018.79 3088.15527344
1337619018.79 3270.14672852
1337619018.8 3374.60083008
1337619018.8 3423.72827148
1337619018.81 3434.04907227
1337619018.81 3407.53442383
1337619018.82 3350.15209961
1337619018.83 3265.57177734
1337619018.84 3178.12451172
1337619018.84 3104.25439453
1337619018.84 3045.45629883
1337619018.85 2989.96801758
1337619018.85 2924.13452148
1337619018.87 2857.27758789
1337619018.88 2791.31079102
1337619018.89 2735.64868164
1337619018.89 2688.6418457
1337619018.91 2635.96826172
1337619018.91 2584.15380859
1337619018.92 2529.05981445
1337619018.92 2477.97973633
1337619018.92 2429.52832031
1337619018.92 2378.6171875
1337619018.92 2329.40209961
1337619018.94 2276.9465332
1337619018.94 2227.62329102
1337619018.95 2181.33154297
1337619018.95 2132.85693359
1337619018.95 2086.09008789
1337619018.95 2040.12817383
1337619018.96 1993.55895996
1337619018.96 1948.27258301
1337619018.97 1903.95068359
1337619018.97 1859.9942627
1337619018.97 1815.96374512
1337619018.97 1772.96105957
1337619018.98 1730.86462402
1337619018.98 1689.69506836
1337619018.98 1648.58447266
1337619018.98 1608.6739502
1337619018.99 1571.85192871
1337619018.99 1536.5369873
1337619019.0 1501.84118652
1337619019.0 1466.94274902
1337619019.0 1432.85534668
1337619019.01 1397.98547363
1337619019.02 1363.87780762
1337619019.02 1332.41821289
1337619019.03 1301.98132324
1337619019.04 1269.84484863
1337619019.04 1238.94958496
1337619019.04 1210.28686523
1337619019.05 1182.10742188
1337619019.05 1153.03283691
1337619019.06 1124.31115723
1337619019.06 1096.48779297
1337619019.07 1067.0300293
1337619019.07 1039.49060059
1337619019.08 1014.05175781
1337619019.09 987.67767334
1337619019.09 960.745910645
1337619019.09 935.396240234
1337619019.1 910.530212402
1337619019.1 884.578369141
1337619019.1 859.022949219
1337619019.11 832.335388184
1337619019.11 806.903076172
1337619019.12 782.687927246
1337619019.12 758.089050293
1337619019.14 735.414367676
1337619019.14 710.560058594
1337619019.14 684.86907959
1337619019.14 661.518371582
1337619019.15 639.994567871
1337619019.16 621.735290527
1337619019.16 602.808776855
1337619019.16 583.151306152
1337619019.17 566.097290039
1337619019.18 545.682922363
1337619019.19 526.928344727
1337619019.19 511.758300781
1337619019.19 493.84475708
1337619019.2 474.731323242
1337619019.2 455.636871338
1337619019.21 437.922546387
1337619019.21 418.690338135
1337619019.21 401.849365234
1337619019.22 387.39239502
1337619019.22 370.613952637
1337619019.23 354.232116699
1337619019.23 339.785003662
1337619019.24 327.459533691
1337619019.25 314.500701904
1337619019.25 302.291473389
1337619019.25 288.516876221
1337619019.26 273.689849854
1337619019.27 259.995849609
1337619019.27 246.738311768
1337619019.27 232.628936768
1337619019.28 217.110107422
1337619019.28 202.64364624
1337619019.29 187.104293823
1337619019.3 175.306167603
1337619019.3 165.736694336
1337619019.3 154.945648193
1337619019.31 144.057785034
1337619019.31 133.144805908
1337619019.32 121.654006958
1337619019.32 110.861686707
1337619019.33 103.696266174
1337619019.33 94.6297607422
1337619019.34 83.796005249
1337619019.35 71.8721084595
1337619019.35 60.8610343933
1337619019.36 48.6206016541
1337619019.36 36.592918396
1337619019.36 26.131193161
1337619019.37 12.490231514
1337619019.37 -1.05879509449
1337619019.38 -9.11229801178
1337619019.38 -17.9478969574
1337619019.39 -28.434173584
1337619019.4 -38.3114471436
1337619019.41 -48.2971954346
1337619019.41 -56.3655776978
1337619019.41 -64.418548584
1337619019.42 -70.9241256714
1337619019.42 -79.9481124878
1337619019.42 -89.6411514282
1337619019.43 -97.8262023926
1337619019.43 -106.116256714
1337619019.44 -113.842895508
1337619019.45 -120.95476532
1337619019.45 -129.117599487
1337619019.45 -135.859191895
1337619019.46 -141.759460449
1337619019.46 -151.303131104
1337619019.47 -160.996002197
1337619019.47 -166.897918701
1337619019.48 -173.246765137
1337619019.48 -182.195541382
1337619019.49 -188.376861572
1337619019.49 -195.173477173
1337619019.5 -203.007293701
1337619019.5 -207.541656494
1337619019.51 -210.448303223
1337619019.52 -215.557617188
1337619019.52 -224.117050171
1337619019.53 -231.019607544
1337619019.53 -237.108535767
1337619019.53 -244.222869873
1337619019.54 -249.261535645
1337619019.54 -253.591644287
1337619019.55 -258.179107666
1337619019.55 -262.75378418
1337619019.56 -267.708374023
1337619019.57 -272.653991699
1337619019.57 -277.328216553
1337619019.57 -281.795806885
1337619019.58 -285.292663574
1337619019.59 -288.630645752
1337619019.59 -291.576873779
1337619019.59 -298.250518799
1337619019.61 -303.840393066
1337619019.61 -307.047302246
1337619019.61 -313.516448975
1337619019.62 -317.325622559
1337619019.63 -319.922668457
1337619019.63 -322.08795166
1337619019.63 -325.255523682
1337619019.63 -327.122161865
1337619019.64 -327.225128174
1337619019.64 -328.926055908
1337619019.65 -329.468780518
1337619019.65 -329.906219482
1337619019.66 -331.757629395
1337619019.67 -336.446044922
1337619019.67 -340.647888184
1337619019.67 -343.971710205
1337619019.68 -348.136291504
1337619019.68 -351.325714111
1337619019.69 -354.895599365
1337619019.69 -358.131286621
1337619019.7 -359.295623779
1337619019.7 -358.39831543
1337619019.72 -359.155578613
1337619019.72 -358.588989258
1337619019.72 -358.745239258
1337619019.73 -362.107910156
1337619019.73 -363.575927734
1337619019.74 -365.917938232
1337619019.74 -369.469451904
1337619019.74 -372.353759766
1337619019.75 -373.385070801
1337619019.76 -373.364318848
1337619019.76 -375.080718994
1337619019.77 -377.885742188
1337619019.77 -381.7265625
1337619019.77 -387.28326416
1337619019.78 -389.808380127
1337619019.79 -391.855377197
1337619019.79 -393.87713623
1337619019.8 -396.619506836
1337619019.8 -399.963409424
1337619019.81 -401.278808594
1337619019.81 -402.883087158
1337619019.81 -403.990112305
1337619019.82 -405.419769287
1337619019.82 -408.334533691
1337619019.83 -391.442596436
1337619019.84 -374.653778076
1337619019.84 -362.012115479
1337619019.84 -351.538848877
1337619019.85 -354.044372559
1337619019.85 -355.552368164
1337619019.86 -355.301422119
1337619019.86 -354.153411865
1337619019.87 -354.563415527
1337619019.87 -357.216674805
1337619019.88 -358.03314209
1337619019.88 -358.772338867
1337619019.89 -358.840362549
1337619019.89 -358.302062988
1337619019.9 -360.658355713
1337619019.9 -361.702301025
1337619019.91 -363.450408936
1337619019.91 -362.522796631
1337619019.92 -361.464538574
1337619019.92 -362.846008301
1337619019.93 -360.149963379
1337619019.93 -361.463562012
1337619019.94 -364.237731934
1337619019.94 -364.15447998
1337619019.95 -365.000305176
1337619019.95 -365.285522461
1337619019.96 -364.172302246
1337619019.96 -361.446563721
1337619019.97 -360.704925537
1337619019.97 -361.921417236
1337619019.98 -360.481018066
1337619019.98 -360.602996826
1337619019.99 -362.093078613
1337619019.99 -336.267181396
1337619020.0 -314.997314453
1337619020.0 -295.982696533
1337619020.01 -296.070129395
1337619020.01 -299.078399658
1337619020.02 -301.758392334
1337619020.02 -303.22958374
1337619020.03 -302.916473389
1337619020.03 -301.481414795
1337619020.04 -299.084350586
1337619020.04 -289.940795898
1337619020.05 -287.979034424
1337619020.06 -281.288879395
1337619020.06 -281.368438721
1337619020.06 -284.447540283
1337619020.07 -283.19821167
1337619020.07 -284.937896729
1337619020.08 -286.589599609
1337619020.09 -288.599609375
1337619020.09 -289.083190918
1337619020.09 -284.248596191
1337619020.1 -284.243713379
1337619020.1 -281.641662598
1337619020.11 -283.177734375
1337619020.11 -286.889678955
1337619020.12 -289.084533691
1337619020.12 -290.90447998
1337619020.13 -291.863983154
1337619020.13 -294.103485107
1337619020.14 -296.940917969
1337619020.14 -301.050292969
1337619020.15 -304.311248779
1337619020.15 -304.991851807
1337619020.16 -308.67199707
1337619020.17 -309.555847168
1337619020.17 -309.950714111
1337619020.17 -312.639556885
1337619020.18 -311.211151123
1337619020.18 -309.317840576
1337619020.19 -310.163574219
