1337617834.56 -42.3114204407
1337617834.56 -40.2382049561
1337617834.56 -37.0562438965
1337617834.56 -39.5833778381
1337617834.56 -40.1654090881
1337617834.56 -38.4665565491
1337617834.57 -39.8593940735
1337617834.57 -40.2361183167
1337617834.58 -37.6374588013
1337617834.59 -37.906337738
1337617834.65 -40.4001235962
1337617834.65 -38.8012313843
1337617834.66 -37.8304901123
1337617834.66 -36.9513130188
1337617834.67 -34.3662185669
1337617834.68 -34.1812286377
1337617834.69 -34.5301246643
1337617834.69 -30.2442703247
1337617834.69 -29.1594791412
1337617834.69 -31.7907962799
1337617834.75 -31.7853622437
1337617834.76 -32.3269615173
1337617834.76 -35.6676177979
1337617834.77 -33.7083091736
1337617834.78 -30.9846801758
1337617834.78 -33.3711357117
1337617834.78 -32.8107757568
1337617834.8 -30.8098087311
1337617834.8 -33.8215713501
1337617834.8 -32.0662727356
1337617834.81 -29.894443512
1337617834.81 -32.8447189331
1337617834.81 -29.1277923584
1337617834.86 -25.7160434723
1337617834.86 -27.8111553192
1337617834.86 -25.3866081238
1337617834.86 -20.9443721771
1337617834.87 -22.9112854004
1337617834.87 -20.6553878784
1337617834.87 -15.8599767685
1337617834.88 -16.1479988098
1337617834.88 -15.1584367752
1337617834.88 -14.479095459
1337617834.95 -18.7375259399
1337617834.95 -19.5578250885
1337617834.95 -17.8196048737
1337617834.96 -19.5653610229
1337617834.99 -20.9880161285
1337617834.99 -20.6431465149
1337617834.99 -23.188659668
1337617834.99 -24.5729522705
1337617835.0 -21.818277359
1337617835.08 -22.0053424835
1337617835.08 -23.3162498474
1337617835.08 -21.0963878632
1337617835.09 -22.3060741425
1337617835.09 -20.9811973572
1337617835.09 -18.9479312897
1337617835.09 -18.7278079987
1337617835.09 -15.9206161499
1337617835.1 -14.253027916
1337617835.1 -13.9124622345
1337617835.12 -12.5808477402
1337617835.12 -12.0549154282
1337617835.13 -11.8551836014
1337617835.13 -9.95991230011
1337617835.13 -9.80176830292
1337617835.13 -9.13516426086
1337617835.13 -8.48830795288
1337617835.13 -9.22977828979
1337617835.14 -8.30707645416
1337617835.14 -6.32186698914
1337617835.14 -7.02536153793
1337617835.15 -6.36030387878
1337617835.15 -4.28144311905
1337617835.15 -3.42735815048
1337617835.15 -3.57667827606
1337617835.16 -4.2774772644
1337617835.16 -4.95390272141
1337617835.16 -3.14762020111
1337617835.16 -3.37925004959
1337617835.16 -3.99185323715
1337617835.16 -1.77115905285
1337617835.16 0.846451640129
1337617835.16 0.796806275845
1337617835.17 3.94376564026
1337617835.17 9.02692127228
1337617835.17 8.74788284302
1337617835.17 10.7140855789
1337617835.17 11.7185125351
1337617835.17 7.4507393837
1337617835.17 8.40222072601
1337617835.17 10.7691383362
1337617835.17 7.96264886856
1337617835.17 7.30764532089
1337617835.17 7.04405784607
1337617835.17 1.83399653435
1337617835.19 1.09287369251
1337617835.19 2.31921887398
1337617835.19 1.76606714725
1337617835.19 2.32349729538
1337617835.19 5.47973489761
1337617835.2 4.94277477264
1337617835.2 4.18051147461
1337617835.2 5.48154449463
1337617835.2 6.17448949814
1337617835.2 5.28337860107
1337617835.2 7.99139499664
1337617835.21 9.95949745178
1337617835.21 6.98115348816
1337617835.21 3.41100072861
1337617835.21 1.55188345909
1337617835.21 -1.13954818249
1337617835.21 0.786182999611
1337617835.22 1.01959681511
1337617835.23 -2.89341759682
1337617835.23 -0.950259208679
1337617835.23 -0.153791055083
1337617835.23 -1.15305757523
1337617835.23 0.577520847321
1337617835.24 1.31834840775
1337617835.24 -1.30881261826
1337617835.24 1.41555333138
1337617835.24 4.77245426178
1337617835.24 5.87062740326
1337617835.24 7.11673784256
1337617835.25 8.00212097168
1337617835.27 7.23173713684
1337617835.27 4.96824407578
1337617835.28 4.55168294907
1337617835.28 4.78101491928
1337617835.28 2.5572886467
1337617835.28 1.5585258007
1337617835.28 2.62961316109
1337617835.29 1.58569645882
1337617835.29 -0.603948175907
1337617835.29 -0.919914007187
1337617835.29 -1.68313884735
1337617835.29 -2.22859930992
1337617835.29 -1.01210618019
1337617835.29 -2.95199322701
1337617835.3 -2.91819596291
1337617835.3 -1.49996292591
1337617835.3 -2.84948921204
1337617835.3 -3.58899855614
1337617835.3 -3.72919082642
1337617835.3 -3.94649553299
1337617835.3 -7.03123378754
1337617835.3 -7.0435461998
1337617835.3 -4.77278184891
1337617835.3 -7.56096363068
1337617835.3 -7.27557992935
1337617835.3 -5.14986133575
1337617835.3 -7.78599119186
1337617835.3 -6.12781763077
1337617835.31 -2.63973784447
1337617835.31 -2.06630396843
1337617835.31 1.2023229599
1337617835.31 5.32292032242
1337617835.31 4.69261980057
1337617835.31 6.56713008881
1337617835.31 9.05835533142
1337617835.31 8.7183675766
1337617835.31 10.4096822739
1337617835.31 13.3524312973
1337617835.31 10.9979467392
1337617835.31 8.9989824295
1337617835.31 10.2682828903
1337617835.32 9.52321338654
1337617835.32 5.75244951248
1337617835.32 5.56570672989
1337617835.32 3.09639263153
1337617835.32 0.407985001802
1337617835.32 1.69957613945
1337617835.33 1.41470909119
1337617835.33 -2.79892277718
1337617835.34 -4.12295436859
1337617835.35 -7.09639883041
1337617835.35 -9.33087825775
1337617835.36 -7.13969516754
1337617835.36 -9.40328884125
1337617835.37 -11.8100786209
1337617835.37 -12.0621786118
1337617835.38 -10.7620830536
1337617835.38 -10.3678598404
1337617835.39 -9.84958267212
1337617835.39 -9.57366847992
1337617835.4 -8.4825925827
1337617835.4 -6.20469665527
1337617835.41 -2.37300944328
1337617835.41 0.771110057831
1337617835.42 -0.502930402756
1337617835.42 -2.48397421837
1337617835.43 -2.27066063881
1337617835.43 -1.8416428566
1337617835.43 -2.81801271439
1337617835.44 -5.73898935318
1337617835.45 -9.4574508667
1337617835.45 -11.4431600571
1337617835.45 -10.6344766617
1337617835.47 -12.0253334045
1337617835.47 -14.1628646851
1337617835.48 -14.8132867813
1337617835.48 -15.8136386871
1337617835.48 -15.6702013016
1337617835.49 -12.6853532791
1337617835.49 -9.77170467377
1337617835.5 -10.9471797943
1337617835.5 -9.20162200928
1337617835.5 -6.80321598053
1337617835.51 -9.24075508118
1337617835.51 -9.0918006897
1337617835.52 -7.12090396881
1337617835.52 -5.60410404205
1337617835.53 -1.43883788586
1337617835.54 1.34334552288
1337617835.54 -2.25149655342
1337617835.56 -4.59707164764
1337617835.56 -5.08553600311
1337617835.56 -8.48849201202
1337617835.57 -10.3717164993
1337617835.57 -8.48122596741
1337617835.57 -11.6107721329
1337617835.58 -12.2205972672
1337617835.58 -9.91740989685
1337617835.58 -12.9773273468
1337617835.59 -14.726773262
1337617835.59 -16.3501873016
1337617835.6 -18.7263202667
1337617835.6 -21.2192230225
1337617835.61 -20.3807830811
1337617835.61 -18.4633998871
1337617835.62 -19.92927742
1337617835.62 -16.5132541656
1337617835.63 -14.3513221741
1337617835.63 -15.3532781601
1337617835.64 -11.9082298279
1337617835.64 -10.6710357666
1337617835.65 -10.3448028564
1337617835.65 -7.38870382309
1337617835.67 -4.77551746368
1337617835.67 -6.05774927139
1337617835.67 -5.21961736679
1337617835.67 -5.02366495132
1337617835.68 -6.03587245941
1337617835.69 -5.81195211411
1337617835.69 -7.06505584717
1337617835.69 -9.32798290253
1337617835.7 -10.5986757278
1337617835.7 -12.8272361755
1337617835.71 -13.6873579025
1337617835.72 -15.2797193527
1337617835.72 -17.1343784332
1337617835.72 -16.5257759094
1337617835.73 -16.6670436859
1337617835.73 -16.8254318237
1337617835.74 -14.5765943527
1337617835.74 -15.69257164
1337617835.75 -16.7461185455
1337617835.75 -14.8215084076
1337617835.77 -15.0766210556
1337617835.77 -17.0129146576
1337617835.77 -14.341178894
1337617835.78 -12.6755371094
1337617835.78 -12.5231485367
1337617835.78 -9.67392349243
1337617835.79 -8.35727119446
1337617835.81 -9.63249874115
1337617835.81 -7.59138774872
1337617835.81 -6.90891695023
1337617835.81 -8.52489376068
1337617835.81 -7.71197223663
1337617835.82 -5.8714389801
1337617835.82 -8.92637252808
1337617835.83 -8.79117870331
1337617835.83 -6.65273952484
1337617835.84 -11.1721172333
1337617835.87 -10.8621768951
1337617835.87 -10.0442008972
1337617835.87 -14.477889061
1337617835.87 -14.8680095673
1337617835.87 -13.2848548889
1337617835.87 -16.1322975159
1337617835.87 -13.306722641
1337617835.88 -11.1195487976
1337617835.88 -11.9671392441
1337617835.89 -11.4235658646
1337617835.89 -8.36146736145
1337617835.9 -7.84611034393
1337617835.9 -7.72320604324
1337617835.91 -5.38186216354
1337617835.91 -3.27613806725
1337617835.92 -2.43545246124
1337617835.92 0.640952050686
1337617835.93 0.712533116341
1337617835.93 -1.25252890587
1337617835.94 0.323956549168
1337617835.96 0.137191921473
1337617835.96 0.365952253342
1337617835.96 2.20605134964
1337617835.96 1.14536321163
1337617835.96 -1.57975554466
1337617835.97 -1.42916917801
1337617835.97 -1.87109255791
1337617835.98 -4.40597438812
1337617835.98 -4.36330032349
1337617835.99 -1.15957558155
1337617835.99 -0.250752210617
1337617836.0 2.48161697388
1337617836.01 4.08705711365
1337617836.01 3.12385797501
1337617836.01 4.51441860199
1337617836.02 4.26749229431
1337617836.02 6.36530256271
1337617836.04 8.47976493835
1337617836.04 6.98784828186
1337617836.04 6.65193271637
1337617836.05 5.05786132812
1337617836.05 3.9803776741
1337617836.06 5.20528888702
1337617836.06 4.47598743439
1337617836.06 2.7033624649
1337617836.07 5.26714229584
1337617836.07 4.37217855453
1337617836.08 3.19540333748
1337617836.09 4.20684051514
1337617836.09 3.54289722443
1337617836.09 0.948889493942
1337617836.1 3.6233932972
1337617836.1 5.17142486572
1337617836.11 6.51859617233
1337617836.11 10.5004377365
1337617836.12 12.6215229034
1337617836.12 14.4011583328
1337617836.14 19.2337779999
1337617836.14 22.9589824677
1337617836.14 22.9763183594
1337617836.14 24.9964351654
1337617836.15 28.2372589111
1337617836.15 26.0837249756
1337617836.16 26.3084716797
1337617836.16 27.4869422913
1337617836.17 22.4001598358
1337617836.17 21.133846283
1337617836.18 20.8334178925
1337617836.18 16.5539226532
1337617836.19 14.1336116791
1337617836.19 14.5278491974
1337617836.2 11.7022314072
1337617836.2 10.3080186844
1337617836.21 13.8472127914
1337617836.22 14.4265708923
1337617836.22 15.1132545471
1337617836.24 19.9048213959
1337617836.24 20.7916965485
1337617836.24 20.7416324615
1337617836.24 27.0570468903
1337617836.24 29.7761440277
1337617836.25 31.400472641
1337617836.25 35.2765159607
1337617836.26 36.2977294922
1337617836.26 33.502784729
1337617836.27 35.0313034058
1337617836.27 35.7023735046
1337617836.28 34.2012176514
1337617836.28 34.6080207825
1337617836.29 33.6063270569
1337617836.29 30.6353244781
1337617836.3 31.9659004211
1337617836.3 31.4454059601
1337617836.31 29.1198368073
1337617836.33 29.2189235687
1337617836.33 27.6702442169
1337617836.33 28.4281101227
1337617836.33 28.4464588165
1337617836.33 28.6834716797
1337617836.34 24.811384201
1337617836.35 20.6900730133
1337617836.35 21.1347312927
1337617836.35 23.3047714233
1337617836.36 24.8724517822
1337617836.36 25.2098903656
1337617836.37 24.3314590454
1337617836.37 23.1488208771
1337617836.38 22.137506485
1337617836.38 24.5533485413
1337617836.39 26.7630996704
1337617836.39 27.8742198944
1337617836.4 28.8947963715
1337617836.4 30.7077541351
1337617836.42 33.1990432739
1337617836.42 35.2124443054
1337617836.42 38.4379272461
1337617836.42 39.9853019714
1337617836.43 42.4716644287
1337617836.43 43.8684654236
1337617836.44 42.4460258484
1337617836.44 41.391242981
1337617836.45 44.2040061951
1337617836.45 43.9675369263
1337617836.46 43.1238555908
1337617836.46 44.1064720154
1337617836.47 40.665725708
1337617836.47 36.3053627014
1337617836.48 37.7674293518
1337617836.48 37.2795028687
1337617836.49 35.8189544678
1337617836.49 36.6435890198
1337617836.5 37.0837211609
1337617836.5 35.048500061
1337617836.52 36.8696632385
1337617836.52 38.7000274658
1337617836.52 37.0785217285
1337617836.52 41.7085380554
1337617836.53 45.972743988
1337617836.53 43.5401496887
1337617836.54 45.4117202759
1337617836.54 47.2741661072
1337617836.55 43.7666702271
1337617836.55 45.9449501038
1337617836.56 48.036819458
1337617836.56 44.2377510071
1337617836.57 44.7868614197
1337617836.57 42.5952072144
1337617836.58 39.7410125732
1337617836.58 37.6947898865
1337617836.59 34.9852333069
1337617836.59 32.9497146606
1337617836.6 30.8980998993
1337617836.6 32.0810661316
1337617836.62 26.9910182953
1337617836.62 20.0483474731
1337617836.62 17.7747859955
1337617836.62 18.6880683899
1337617836.63 21.2850170135
1337617836.63 26.8565044403
1337617836.64 27.4557476044
1337617836.64 28.3078632355
1337617836.65 29.0692958832
1337617836.65 31.859539032
1337617836.66 32.2028198242
1337617836.66 30.5101528168
1337617836.67 26.1604652405
1337617836.67 26.091676712
1337617836.68 26.2702598572
1337617836.68 27.5997390747
1337617836.69 30.7605018616
1337617836.69 29.9830169678
1337617836.7 26.7393054962
1337617836.7 26.3049793243
1337617836.71 28.3442401886
1337617836.72 28.4577159882
1337617836.72 28.8955631256
1337617836.73 30.2661094666
1337617836.73 27.2406768799
1337617836.73 28.1046237946
1337617836.74 28.8987216949
1337617836.74 24.09167099
1337617836.75 23.7329807281
1337617836.75 25.1034469604
1337617836.75 23.4152755737
1337617836.76 25.6778640747
1337617836.77 26.6671218872
1337617836.77 25.0492191315
1337617836.78 24.586145401
1337617836.78 26.0551166534
1337617836.79 26.6869926453
1337617836.79 22.2523880005
1337617836.8 22.5325279236
1337617836.8 23.727930069
1337617836.82 21.1554107666
1337617836.82 22.2004566193
1337617836.82 22.1746044159
1337617836.82 17.3474903107
1337617836.83 18.2747077942
1337617836.83 20.077747345
1337617836.84 19.4828548431
1337617836.84 20.4405078888
1337617836.84 20.457195282
1337617836.85 17.7153816223
1337617836.86 17.9204521179
1337617836.86 19.7047271729
1337617836.87 17.754076004
1337617836.87 17.5286884308
1337617836.88 18.5726451874
1337617836.88 18.5146198273
1337617836.89 19.2754364014
1337617836.89 20.6806812286
1337617836.9 19.3812217712
1337617836.9 14.2227277756
1337617836.92 10.9596338272
1337617836.92 9.67130184174
1337617836.92 10.7560920715
1337617836.92 9.56339645386
1337617836.93 7.76351881027
1337617836.93 7.52582979202
1337617836.94 4.22157478333
1337617836.94 2.76475977898
1337617836.94 4.07179307938
1337617836.95 3.57759428024
1337617836.95 2.69812488556
1337617836.96 3.29745984077
1337617836.97 3.0969016552
1337617836.97 2.61612844467
1337617836.97 2.07845044136
1337617836.98 1.79918479919
1337617836.99 0.0289011895657
1337617836.99 1.91167628765
1337617837.0 1.05863106251
1337617837.0 -2.68746137619
1337617837.02 0.300672799349
1337617837.02 1.79600393772
1337617837.03 -0.155912965536
1337617837.03 1.91095995903
1337617837.03 3.73562598228
1337617837.03 -0.0702694058418
1337617837.04 0.108116343617
1337617837.04 1.99947631359
1337617837.05 0.342576086521
1337617837.05 1.30806553364
1337617837.05 -0.759233117104
1337617837.06 -7.11934900284
1337617837.06 -10.3126316071
1337617837.07 -12.1439161301
1337617837.09 -14.3800325394
1337617837.09 -14.8267307281
1337617837.09 -16.3164806366
1337617837.09 -19.9138584137
1337617837.09 -22.4921321869
1337617837.1 -21.9251289368
1337617837.1 -22.3629379272
1337617837.11 -23.7198505402
1337617837.11 -22.3997459412
1337617837.12 -20.740480423
1337617837.12 -19.5233421326
1337617837.13 -16.9914665222
1337617837.13 -14.8560161591
1337617837.14 -13.7949810028
1337617837.14 -14.9757671356
1337617837.15 -12.2348184586
1337617837.15 -8.10444450378
1337617837.17 -7.11427497864
1337617837.17 -6.78608465195
1337617837.17 -7.89832401276
1337617837.17 -10.408862114
1337617837.18 -11.598323822
1337617837.19 -11.5520105362
1337617837.19 -14.5141010284
1337617837.19 -15.0195474625
1337617837.2 -12.5055770874
1337617837.2 -15.0510044098
1337617837.21 -15.3331727982
1337617837.21 -14.7497253418
1337617837.22 -19.6571273804
1337617837.22 -22.1948814392
1337617837.23 -21.2839107513
1337617837.23 -23.2386341095
1337617837.24 -23.4253578186
1337617837.24 -19.2339248657
1337617837.25 -18.0287132263
1337617837.27 -18.8746032715
1337617837.27 -16.2462444305
1337617837.27 -15.9533748627
1337617837.27 -18.3091926575
1337617837.27 -17.8040084839
1337617837.28 -18.3504829407
1337617837.28 -20.2437591553
1337617837.29 -17.5343532562
1337617837.37 -16.8248119354
1337617837.46 -20.1394119263
1337617837.46 -19.7897605896
1337617837.47 -21.6815929413
1337617837.47 -24.535993576
1337617837.55 -22.2426567078
1337617837.57 -21.0817489624
1337617837.59 -21.8929214478
1337617837.59 -20.4239063263
1337617837.71 -19.3101520538
1337617837.71 -19.5060176849
1337617837.71 -19.1084938049
1337617837.72 -18.9597015381
1337617837.72 -16.60754776
1337617837.72 -15.4908599854
1337617837.72 -13.0940752029
1337617837.8 -11.7691106796
1337617837.8 -11.5312376022
1337617837.81 -12.1993360519
1337617837.81 -11.5542783737
1337617837.81 -11.1958732605
1337617837.81 -12.5641889572
1337617837.81 -10.7930517197
1337617837.81 -8.78541183472
1337617837.81 -10.0945100784
1337617837.81 -8.66112995148
1337617837.82 -10.2041559219
1337617837.82 -12.8723564148
1337617837.82 -10.3183908463
1337617837.82 -7.90610027313
1337617837.82 -9.18601322174
1337617837.82 -9.59890270233
1337617837.82 -9.18874454498
1337617837.82 -12.3285579681
1337617837.82 -10.6354045868
1337617837.83 -7.4989066124
1337617837.83 -10.6734552383
1337617837.83 -10.5907764435
1337617837.83 -7.30819272995
1337617837.85 -4.59837198257
1337617837.85 -3.79318141937
1337617837.85 -0.709745407104
1337617837.85 1.59864711761
1337617837.85 2.2825460434
1337617837.85 7.95659399033
1337617837.86 10.0544042587
1337617837.86 8.62509346008
1337617837.86 10.9954566956
1337617837.86 11.0907402039
1337617837.86 10.1029195786
1337617837.86 12.0791778564
1337617837.86 11.0452890396
1337617837.87 8.23770332336
1337617837.87 9.50326251984
1337617837.87 11.0185632706
1337617837.87 8.2060251236
1337617837.87 7.72451019287
1337617837.87 8.27492523193
1337617837.87 9.6341714859
1337617837.87 10.8318729401
1337617837.87 11.6199741364
1337617837.88 9.20320224762
1337617837.9 6.95669746399
1337617837.9 5.25053977966
1337617837.9 4.85004043579
1337617837.9 7.26153230667
1337617837.9 6.33743667603
1337617837.91 4.83961439133
1337617837.91 6.73834753036
1337617837.91 8.00223255157
1337617837.91 10.7677440643
1337617837.91 13.2337932587
1337617837.91 12.5691432953
1337617837.91 13.4679498672
1337617837.91 15.6987466812
1337617837.92 13.4569988251
1337617837.93 12.8131246567
1337617837.93 13.5124931335
1337617837.93 11.5956354141
1337617837.93 10.088561058
1337617837.93 9.6842212677
1337617837.93 8.97878360748
1337617837.93 4.38482570648
1337617837.93 5.88100099564
1337617837.93 8.7008228302
1337617837.93 4.78561067581
1337617837.95 5.87897396088
1337617837.95 5.63748216629
1337617837.95 1.38244783878
1337617837.97 6.0046453476
1337617837.97 19.5855808258
1337617837.97 19.689573288
1337617837.97 21.9074020386
1337617837.97 25.1911144257
1337617837.98 25.7840213776
1337617837.98 25.527048111
1337617837.98 26.8557300568
1337617837.98 26.9978504181
1337617837.98 28.2445354462
1337617837.99 32.9274215698
1337617837.99 39.4710159302
1337617837.99 46.0472106934
1337617837.99 54.9067077637
1337617838.01 63.0424575806
1337617838.01 66.1883621216
1337617838.01 73.5736541748
1337617838.01 82.5829772949
1337617838.01 84.178855896
1337617838.02 86.923866272
1337617838.02 86.2493591309
1337617838.02 85.4659347534
1337617838.02 86.4099349976
1337617838.02 87.6048202515
1337617838.02 81.3553695679
1337617838.02 73.4824371338
1337617838.02 68.3198394775
1337617838.02 63.1695899963
1337617838.03 56.1806907654
1337617838.03 53.4394264221
1337617838.03 56.244468689
1337617838.03 58.2695617676
1337617838.03 62.9536361694
1337617838.03 65.6571044922
1337617838.03 62.2495651245
1337617838.03 59.2993965149
1337617838.03 56.3097229004
1337617838.04 59.6645317078
1337617838.04 60.9438018799
1337617838.05 63.3453865051
1337617838.05 64.9723510742
1337617838.06 61.4757575989
1337617838.06 63.856086731
1337617838.07 66.6874694824
1337617838.07 69.9451370239
1337617838.08 78.1540222168
1337617838.08 86.3018798828
1337617838.09 89.2854995728
1337617838.09 90.1777420044
1337617838.1 90.7481613159
1337617838.1 86.2706069946
1337617838.11 101.970932007
1337617838.11 116.413116455
1337617838.12 125.552383423
1337617838.12 134.797134399
1337617838.13 143.95803833
1337617838.13 151.553390503
1337617838.14 159.709686279
1337617838.14 169.858596802
1337617838.15 175.598022461
1337617838.15 182.39213562
1337617838.16 190.280166626
1337617838.16 203.947540283
1337617838.18 216.634216309
1337617838.18 229.803024292
1337617838.18 248.020980835
1337617838.18 262.421325684
1337617838.19 276.927276611
1337617838.19 288.582550049
1337617838.2 292.976654053
1337617838.22 300.65057373
1337617838.22 308.255310059
1337617838.22 315.320373535
1337617838.22 324.332733154
1337617838.22 334.29989624
1337617838.23 343.270233154
1337617838.23 354.093109131
1337617838.23 364.308288574
1337617838.24 372.564086914
1337617838.25 384.971984863
1337617838.25 394.769317627
1337617838.27 403.896179199
1337617838.27 411.785980225
1337617838.27 433.88760376
1337617838.27 456.306365967
1337617838.28 475.939788818
1337617838.28 493.392059326
1337617838.29 508.552703857
1337617838.29 520.417541504
1337617838.3 534.04473877
1337617838.3 549.038635254
1337617838.31 559.572875977
1337617838.31 580.155822754
1337617838.32 602.976989746
1337617838.33 617.873168945
1337617838.33 625.633850098
1337617838.34 635.89251709
1337617838.34 640.263916016
1337617838.34 644.86907959
1337617838.35 657.071411133
1337617838.35 664.796325684
1337617838.35 673.925842285
1337617838.36 688.089172363
1337617838.36 698.514404297
1337617838.38 710.170227051
1337617838.38 722.701416016
1337617838.38 729.100036621
1337617838.39 735.40423584
1337617838.39 744.032836914
1337617838.4 766.652954102
1337617838.4 787.534912109
1337617838.4 809.429748535
1337617838.41 823.419372559
1337617838.41 836.401123047
1337617838.43 848.403808594
1337617838.43 858.854736328
1337617838.44 873.196899414
1337617838.44 885.155639648
1337617838.44 898.00579834
1337617838.45 914.112121582
1337617838.45 930.734008789
1337617838.46 943.252075195
1337617838.46 944.864868164
1337617838.46 951.495727539
1337617838.48 960.038574219
1337617838.48 962.908203125
1337617838.48 973.141479492
1337617838.48 980.220703125
1337617838.49 981.860290527
1337617838.5 998.222717285
1337617838.5 1012.31286621
1337617838.5 1020.62011719
1337617838.51 1027.47583008
1337617838.51 1031.72851562
1337617838.52 1034.95507812
1337617838.52 1059.70617676
1337617838.53 1078.09387207
1337617838.55 1089.62609863
1337617838.55 1102.46081543
1337617838.56 1109.9140625
1337617838.56 1116.59008789
1337617838.56 1125.81848145
1337617838.56 1140.40551758
1337617838.56 1149.80505371
1337617838.57 1160.47680664
1337617838.57 1169.88122559
1337617838.58 1189.04626465
1337617838.58 1203.58056641
1337617838.6 1212.85961914
1337617838.6 1218.71618652
1337617838.6 1221.3449707
1337617838.61 1227.00012207
1337617838.61 1248.17932129
1337617838.61 1262.25646973
1337617838.62 1274.90942383
1337617838.62 1280.1027832
1337617838.63 1282.86108398
1337617838.64 1289.97631836
1337617838.64 1296.81811523
1337617838.66 1302.76208496
1337617838.66 1307.77392578
1337617838.66 1311.71496582
1337617838.66 1317.7331543
1337617838.66 1321.70874023
1337617838.67 1327.52722168
1337617838.67 1332.4630127
1337617838.68 1334.88549805
1337617838.68 1353.14941406
1337617838.69 1369.65319824
1337617838.69 1380.32568359
1337617838.7 1392.41503906
1337617838.7 1405.10546875
1337617838.71 1411.60144043
1337617838.72 1423.53039551
1337617838.73 1435.40979004
1337617838.73 1440.1151123
1337617838.73 1441.515625
1337617838.74 1476.91931152
1337617838.74 1502.39099121
1337617838.74 1516.95471191
1337617838.75 1530.55212402
1337617838.75 1538.43640137
1337617838.76 1540.13745117
1337617838.76 1540.89624023
1337617838.78 1539.70129395
1337617838.78 1540.55932617
1337617838.78 1545.05004883
1337617838.78 1549.28100586
1337617838.79 1554.18811035
1337617838.79 1580.95056152
1337617838.8 1602.34179688
1337617838.8 1621.04052734
1337617838.81 1628.77514648
1337617838.81 1634.92724609
1337617838.83 1639.35668945
1337617838.83 1644.03674316
1337617838.83 1649.06433105
1337617838.83 1649.42578125
1337617838.84 1653.78833008
1337617838.84 1670.05407715
1337617838.85 1682.6583252
1337617838.85 1695.64648438
1337617838.86 1688.07995605
1337617838.86 1679.88000488
1337617838.88 1673.36169434
1337617838.88 1668.47912598
1337617838.88 1660.65258789
1337617838.89 1653.36413574
1337617838.89 1642.2635498
1337617838.91 1643.16564941
1337617838.92 1645.71618652
1337617838.92 1648.7512207
1337617838.93 1649.49157715
1337617839.02 1649.78466797
1337617839.02 1648.25671387
1337617839.02 1650.24414062
1337617839.03 1644.54248047
1337617839.03 1642.53540039
1337617839.03 1642.87243652
1337617839.03 1662.65270996
1337617839.07 1686.76733398
1337617839.07 1708.09008789
1337617839.07 1730.80810547
1337617839.08 1753.20361328
1337617839.08 1772.04284668
1337617839.08 1767.47131348
1337617839.08 1769.43041992
1337617839.09 1768.20568848
1337617839.09 1764.59924316
1337617839.1 1762.05029297
1337617839.1 1762.29199219
1337617839.13 1758.69262695
1337617839.16 1761.00585938
1337617839.16 1762.32885742
1337617839.19 1756.13977051
1337617839.19 1786.01196289
1337617839.19 1809.19592285
1337617839.2 1827.6217041
1337617839.2 1847.41088867
1337617839.21 1860.75866699
1337617839.21 1874.71020508
1337617839.21 1889.80639648
1337617839.21 1885.11743164
1337617839.26 1878.85852051
1337617839.26 1873.63342285
1337617839.26 1898.72009277
1337617839.26 1920.60131836
1337617839.26 1943.65563965
1337617839.26 1961.109375
1337617839.26 1972.39587402
1337617839.27 1984.53234863
1337617839.27 1994.47521973
1337617839.27 2011.87805176
1337617839.27 2027.69580078
1337617839.29 2039.93603516
1337617839.29 2036.52209473
1337617839.29 2031.1817627
1337617839.29 2028.54431152
1337617839.29 2027.34863281
1337617839.29 2038.0645752
1337617839.29 2048.37866211
1337617839.29 2057.45092773
1337617839.29 2044.08459473
1337617839.3 2035.03283691
1337617839.3 2029.30249023
1337617839.3 2014.4498291
1337617839.3 2002.43969727
1337617839.3 1990.89978027
1337617839.3 1978.88110352
1337617839.3 1979.73632812
1337617839.3 1977.78161621
1337617839.3 1975.61975098
1337617839.3 1970.57946777
1337617839.3 1952.63696289
1337617839.3 1938.57397461
1337617839.3 1925.57910156
1337617839.3 1913.92492676
1337617839.3 1900.61755371
1337617839.3 1887.15905762
1337617839.3 1889.62792969
1337617839.3 1891.34399414
1337617839.31 1892.65209961
1337617839.31 1882.2019043
1337617839.31 1873.9777832
1337617839.31 1867.77392578
1337617839.31 1859.78381348
1337617839.31 1861.35095215
1337617839.31 1859.98083496
1337617839.32 1857.72705078
1337617839.33 1837.70300293
1337617839.33 1821.38513184
1337617839.33 1806.85131836
1337617839.33 1792.63647461
1337617839.33 1774.89550781
1337617839.33 1759.11181641
1337617839.33 1745.06677246
1337617839.33 1745.95568848
1337617839.33 1745.98242188
1337617839.34 1741.70239258
1337617839.34 1742.19067383
1337617839.35 1734.05285645
1337617839.35 1726.65124512
1337617839.36 1723.09851074
1337617839.36 1715.51171875
1337617839.38 1699.67944336
1337617839.38 1685.64208984
1337617839.38 1673.57995605
1337617839.38 1673.66992188
1337617839.39 1671.60717773
1337617839.39 1672.95947266
1337617839.4 1674.32556152
1337617839.4 1659.26831055
1337617839.41 1648.13879395
1337617839.41 1638.88464355
1337617839.42 1626.64904785
1337617839.42 1620.17028809
1337617839.43 1615.3762207
1337617839.43 1595.2121582
1337617839.44 1580.91479492
1337617839.44 1565.94226074
1337617839.45 1552.87963867
1337617839.45 1545.08361816
1337617839.46 1538.23864746
1337617839.46 1530.88903809
1337617839.47 1526.72460938
1337617839.47 1520.23522949
1337617839.48 1514.13818359
1337617839.48 1492.80065918
1337617839.5 1474.45239258
1337617839.5 1461.25891113
1337617839.5 1446.69909668
1337617839.5 1436.3326416
1337617839.51 1428.31738281
1337617839.51 1415.47717285
1337617839.52 1422.07348633
1337617839.52 1428.00085449
1337617839.53 1428.89257812
1337617839.53 1414.86645508
1337617839.54 1403.12426758
1337617839.54 1388.61035156
1337617839.55 1387.77734375
1337617839.55 1387.49182129
1337617839.56 1384.46240234
1337617839.56 1384.30334473
1337617839.57 1367.9239502
1337617839.57 1352.22497559
1337617839.58 1339.97790527
1337617839.58 1326.46240234
1337617839.6 1316.57714844
1337617839.6 1305.26318359
1337617839.6 1306.51843262
1337617839.6 1307.14489746
1337617839.61 1305.91638184
1337617839.61 1307.50134277
1337617839.62 1295.3848877
1337617839.62 1282.40734863
1337617839.63 1270.70336914
1337617839.63 1261.53808594
1337617839.64 1248.65087891
1337617839.64 1241.48974609
1337617839.65 1236.25085449
1337617839.65 1226.43310547
1337617839.66 1220.80249023
1337617839.66 1216.69958496
1337617839.67 1205.64355469
1337617839.67 1195.72558594
1337617839.68 1186.15209961
1337617839.69 1185.28942871
1337617839.69 1184.91381836
1337617839.69 1184.21899414
1337617839.69 1173.37585449
1337617839.7 1161.10791016
1337617839.71 1151.68505859
1337617839.71 1144.82922363
1337617839.72 1139.11535645
1337617839.72 1138.20837402
1337617839.72 1135.06542969
1337617839.73 1134.11120605
1337617839.74 1134.97766113
1337617839.74 1136.14355469
1337617839.75 1127.37658691
1337617839.75 1118.16027832
1337617839.76 1109.57177734
1337617839.76 1103.05981445
1337617839.78 1097.25561523
1337617839.78 1094.21594238
1337617839.78 1090.48120117
1337617839.78 1090.07543945
1337617839.78 1092.62561035
1337617839.79 1094.96459961
1337617839.79 1098.68591309
1337617839.8 1100.94580078
1337617839.8 1101.88830566
1337617839.81 1093.3182373
1337617839.81 1084.77502441
1337617839.82 1080.4699707
1337617839.83 1076.8560791
1337617839.83 1058.68164062
1337617839.84 1046.4107666
1337617839.84 1035.71044922
1337617839.86 1038.10192871
1337617839.86 1044.08776855
1337617839.86 1047.90893555
1337617839.86 1042.94799805
1337617839.86 1038.53637695
1337617839.87 1037.22094727
1337617839.88 1035.62768555
1337617839.88 1026.46166992
1337617839.88 1020.64776611
1337617839.89 1009.68475342
1337617839.89 993.645263672
1337617839.9 981.943786621
1337617839.9 970.953063965
1337617839.91 973.513122559
1337617839.91 973.886474609
1337617839.92 972.105407715
1337617839.92 960.143005371
1337617839.94 949.09387207
1337617839.94 941.11541748
1337617839.95 935.953369141
1337617839.95 938.131286621
1337617839.95 940.901306152
1337617839.96 942.129821777
1337617839.96 944.050170898
1337617839.96 941.044189453
1337617839.97 940.172363281
1337617839.97 937.325683594
1337617839.98 924.804626465
1337617839.99 918.421447754
1337617839.99 912.164550781
1337617840.0 914.631408691
1337617840.0 920.424987793
1337617840.0 921.678039551
1337617840.01 912.21697998
1337617840.01 906.229614258
1337617840.02 895.64453125
1337617840.02 886.177429199
1337617840.04 877.679870605
1337617840.04 870.335083008
1337617840.04 879.957946777
1337617840.05 891.405761719
1337617840.05 899.219299316
1337617840.06 891.322998047
1337617840.07 887.347412109
1337617840.07 883.475952148
1337617840.07 880.285095215
1337617840.08 877.387939453
1337617840.08 871.092468262
1337617840.08 863.915039062
1337617840.09 855.767883301
1337617840.1 846.700378418
1337617840.1 840.47064209
1337617840.11 837.84576416
1337617840.11 830.977905273
1337617840.11 825.246826172
1337617840.12 822.829345703
1337617840.12 808.586364746
1337617840.13 794.431091309
1337617840.13 785.071838379
1337617840.14 777.670654297
1337617840.15 772.483581543
1337617840.15 771.363952637
1337617840.16 777.831054688
1337617840.16 782.370422363
1337617840.16 787.366149902
1337617840.17 788.848815918
1337617840.17 772.526794434
1337617840.18 762.305664062
1337617840.18 752.182800293
1337617840.19 745.449768066
1337617840.2 744.119689941
1337617840.2 737.587402344
1337617840.2 736.238769531
1337617840.21 738.902526855
1337617840.21 739.007751465
1337617840.22 742.765197754
1337617840.22 728.33996582
1337617840.23 715.207824707
1337617840.23 700.86315918
1337617840.24 697.843139648
1337617840.25 697.161743164
1337617840.26 693.677185059
1337617840.26 706.698608398
1337617840.26 717.414550781
1337617840.26 723.521362305
1337617840.27 732.703918457
1337617840.27 722.221191406
1337617840.28 712.746948242
1337617840.29 702.785949707
1337617840.36 716.222045898
1337617840.38 726.042724609
1337617840.39 735.527709961
1337617840.39 740.728881836
1337617840.39 741.225219727
1337617840.39 742.542785645
1337617840.4 745.819885254
1337617840.4 732.63104248
1337617840.4 722.930725098
1337617840.4 715.414794922
1337617840.41 722.802978516
1337617840.41 730.377868652
1337617840.41 740.116455078
1337617840.53 742.680786133
1337617840.53 745.661804199
1337617840.53 751.816040039
1337617840.54 751.31072998
1337617840.57 746.790649414
1337617840.58 743.276855469
1337617840.58 736.266357422
1337617840.6 734.772705078
1337617840.6 736.770751953
1337617840.62 736.211547852
1337617840.62 734.983276367
1337617840.62 736.511108398
1337617840.64 735.036804199
1337617840.64 731.406799316
1337617840.64 732.591064453
1337617840.64 729.387573242
1337617840.65 726.993469238
1337617840.65 707.014343262
1337617840.65 686.803710938
1337617840.65 670.298706055
1337617840.66 655.578857422
1337617840.66 642.924377441
1337617840.66 631.875305176
1337617840.66 623.924072266
1337617840.67 616.133605957
1337617840.67 607.128356934
1337617840.67 599.78503418
1337617840.69 591.50402832
1337617840.69 583.470031738
1337617840.7 579.125427246
1337617840.7 572.593933105
1337617840.7 571.537780762
1337617840.7 572.495605469
1337617840.71 570.864501953
1337617840.71 554.831054688
1337617840.71 540.164367676
1337617840.71 523.390930176
1337617840.71 509.392883301
1337617840.71 510.975799561
1337617840.71 510.046600342
1337617840.71 510.368713379
1337617840.71 520.167663574
1337617840.72 525.532592773
1337617840.72 528.690490723
1337617840.72 533.809020996
1337617840.72 536.492126465
1337617840.72 535.834106445
1337617840.72 531.856506348
1337617840.72 523.713989258
1337617840.72 516.81628418
1337617840.72 515.180480957
1337617840.72 509.617218018
1337617840.72 506.238220215
1337617840.72 502.879669189
1337617840.72 495.173797607
1337617840.72 492.294311523
1337617840.73 487.11114502
1337617840.73 486.188018799
1337617840.73 482.997344971
1337617840.73 479.949981689
1337617840.73 484.10848999
1337617840.73 485.111053467
1337617840.73 487.402038574
1337617840.73 487.942749023
1337617840.73 485.289367676
1337617840.73 485.094085693
1337617840.73 480.116271973
1337617840.73 481.843200684
1337617840.73 484.492675781
1337617840.73 482.546661377
1337617840.73 485.766265869
1337617840.73 479.426452637
1337617840.73 469.557098389
1337617840.73 462.024230957
1337617840.73 455.179351807
1337617840.73 447.583770752
1337617840.75 441.208740234
1337617840.75 429.418182373
1337617840.75 417.124084473
1337617840.75 406.852325439
1337617840.75 401.500915527
1337617840.76 397.510498047
1337617840.76 392.993988037
1337617840.77 393.825012207
1337617840.77 387.064300537
1337617840.78 379.26348877
1337617840.78 375.423706055
1337617840.79 384.038208008
1337617840.79 390.722564697
1337617840.8 401.33013916
1337617840.8 408.364837646
1337617840.82 400.222595215
1337617840.82 391.784057617
1337617840.82 384.361175537
1337617840.82 378.122680664
1337617840.83 372.146240234
1337617840.83 365.21762085
1337617840.84 353.861175537
1337617840.84 344.270080566
1337617840.85 338.07901001
1337617840.85 333.001983643
1337617840.86 323.765869141
1337617840.87 311.766448975
1337617840.87 302.302429199
1337617840.87 295.395568848
1337617840.88 286.589477539
1337617840.88 282.524383545
1337617840.89 284.386016846
1337617840.89 280.552154541
1337617840.9 281.992858887
1337617840.9 284.75680542
1337617840.91 280.812072754
1337617840.91 280.342895508
1337617840.92 280.852752686
1337617840.92 277.330657959
1337617840.93 279.738586426
1337617840.93 281.37286377
1337617840.94 272.566711426
1337617840.95 266.477813721
1337617840.95 261.961181641
1337617840.95 257.969696045
1337617840.96 255.39982605
1337617840.96 254.98828125
1337617840.97 252.870849609
1337617840.97 246.743041992
1337617840.98 244.797622681
1337617840.98 240.707275391
1337617840.99 235.594741821
1337617840.99 232.577255249
1337617841.0 226.878540039
1337617841.0 223.996765137
1337617841.01 220.85887146
1337617841.02 218.214553833
1337617841.02 219.18788147
1337617841.02 218.289871216
1337617841.03 217.804641724
1337617841.03 218.678710938
1337617841.04 213.096099854
1337617841.04 210.795883179
1337617841.05 208.840896606
1337617841.05 208.018783569
1337617841.07 207.191040039
1337617841.07 207.982406616
1337617841.07 208.813034058
1337617841.07 204.65435791
1337617841.08 204.083526611
1337617841.08 203.563674927
1337617841.09 198.426300049
1337617841.09 201.942703247
1337617841.1 205.251861572
1337617841.1 204.834732056
1337617841.11 210.234390259
1337617841.11 215.365234375
1337617841.12 213.956802368
1337617841.12 215.021057129
1337617841.13 216.762008667
1337617841.13 215.033004761
1337617841.14 218.506088257
1337617841.14 222.640182495
1337617841.15 221.473571777
1337617841.15 221.945556641
1337617841.16 224.176773071
1337617841.16 224.082122803
1337617841.17 224.751663208
1337617841.17 218.972930908
1337617841.17 211.804702759
1337617841.18 203.861785889
1337617841.19 199.419708252
1337617841.19 191.695953369
1337617841.2 185.995269775
1337617841.2 181.538818359
1337617841.2 174.925094604
1337617841.22 170.81602478
1337617841.22 167.028610229
1337617841.22 157.973526001
1337617841.23 152.540420532
1337617841.23 145.790817261
1337617841.24 140.523910522
1337617841.24 136.886199951
1337617841.25 131.759597778
1337617841.25 128.491470337
1337617841.26 127.524528503
1337617841.26 125.917503357
1337617841.27 124.18737793
1337617841.27 120.716400146
1337617841.28 118.743988037
1337617841.28 111.735954285
1337617841.28 114.109176636
1337617841.29 118.319000244
1337617841.29 115.144447327
1337617841.3 115.569236755
1337617841.3 113.610443115
1337617841.31 106.539108276
1337617841.31 105.231643677
1337617841.32 103.726638794
1337617841.33 99.6116867065
1337617841.33 98.3376922607
1337617841.34 92.3192520142
1337617841.34 85.4102554321
1337617841.34 81.0740585327
1337617841.35 79.7773284912
1337617841.35 73.6134567261
1337617841.36 68.324546814
1337617841.37 66.0142974854
1337617841.38 65.6754455566
1337617841.39 63.9526100159
1337617841.39 65.2091217041
1337617841.39 60.8610496521
1337617841.39 55.9236488342
1337617841.4 54.5393333435
1337617841.4 52.2582511902
1337617841.4 52.247844696
1337617841.41 52.9893913269
1337617841.41 52.1479873657
1337617841.42 56.5546340942
1337617841.44 59.6469573975
1337617841.44 59.7026290894
1337617841.44 60.775932312
1337617841.44 61.9087333679
1337617841.44 62.9152297974
1337617841.45 64.0417556763
1337617841.45 59.8451347351
1337617841.46 52.9787826538
1337617841.47 49.9402351379
1337617841.47 50.3979949951
1337617841.47 47.6287269592
1337617841.48 47.4418411255
1337617841.48 46.3940811157
1337617841.5 40.3260383606
1337617841.5 40.3949813843
1337617841.5 45.78490448
1337617841.5 44.9717330933
1337617841.51 46.8853759766
1337617841.51 50.1482429504
1337617841.52 46.3180809021
1337617841.52 46.9276618958
1337617841.53 50.1520004272
1337617841.53 50.2602539062
1337617841.55 52.0601921082
1337617841.55 54.173664093
1337617841.55 58.0186233521
1337617841.55 60.4787521362
1337617841.56 66.732749939
1337617841.56 68.9537124634
1337617841.57 63.6890907288
1337617841.57 65.2391738892
1337617841.58 64.0372467041
1337617841.58 59.5381126404
1337617841.6 60.6036911011
1337617841.6 58.3456382751
1337617841.6 53.4081382751
1337617841.6 51.0588645935
1337617841.61 48.0928764343
1337617841.61 42.9806137085
1337617841.62 39.7627983093
1337617841.62 38.0749206543
1337617841.63 35.987865448
1337617841.63 36.3577003479
1337617841.65 33.2137870789
1337617841.65 29.169834137
1337617841.65 26.5803890228
1337617841.66 27.2663078308
1337617841.66 28.5020256042
1337617841.66 26.4671077728
1337617841.67 24.5556182861
1337617841.67 26.2238616943
1337617841.68 28.1314620972
1337617841.68 33.6223106384
1337617841.69 40.4251060486
1337617841.69 44.9281463623
1337617841.73 48.0935821533
1337617841.77 45.8824119568
1337617841.77 47.541759491
1337617841.93 45.3452224731
1337617841.94 41.7178344727
1337617841.97 34.9074668884
1337617841.97 30.1275424957
1337617841.97 28.5291500092
1337617841.98 34.47681427
1337617841.99 36.6941566467
1337617842.0 33.3698692322
1337617842.03 33.7831115723
1337617842.03 34.3949813843
1337617842.03 34.3964538574
1337617842.04 36.2261772156
1337617842.04 34.2805023193
1337617842.04 30.5874557495
1337617842.06 32.6329231262
1337617842.09 32.9497871399
1337617842.09 28.1254940033
1337617842.09 25.108959198
1337617842.11 23.3831310272
1337617842.11 19.6726074219
1337617842.11 20.5726833344
1337617842.11 19.198059082
1337617842.11 11.1518955231
1337617842.11 7.4858288765
1337617842.11 8.68016815186
1337617842.12 4.62262105942
1337617842.12 5.59174919128
1337617842.12 5.31739377975
1337617842.12 0.2895642519
1337617842.12 -1.09053838253
1337617842.12 0.305066913366
1337617842.12 -4.31455612183
1337617842.13 -8.37658023834
1337617842.13 -7.24333286285
1337617842.13 -8.92440032959
1337617842.13 -10.6299381256
1337617842.13 -8.44413948059
1337617842.13 -8.60170841217
1337617842.13 -10.5777463913
1337617842.13 -7.6477894783
1337617842.13 -5.53137731552
1337617842.13 -4.41138982773
1337617842.14 -1.69298684597
1337617842.14 -0.0875864326954
1337617842.14 -2.95958828926
1337617842.14 -1.13957726955
1337617842.14 0.601476788521
1337617842.14 -4.51683139801
1337617842.14 -0.653416395187
1337617842.14 3.05285835266
1337617842.14 1.57980406284
1337617842.14 3.78675460815
1337617842.14 4.00873088837
1337617842.14 2.85540723801
1337617842.14 5.56481552124
1337617842.14 4.88167715073
1337617842.14 2.62952470779
1337617842.14 0.193736582994
1337617842.14 0.775927364826
1337617842.14 1.89391040802
1337617842.14 3.89977884293
1337617842.14 6.03857898712
1337617842.14 6.81828832626
1337617842.14 5.28396034241
1337617842.14 5.88644599915
1337617842.15 12.3021802902
1337617842.15 14.8169403076
1337617842.15 18.6421127319
1337617842.15 19.1072711945
1337617842.15 16.4885044098
1337617842.15 19.3231220245
1337617842.15 24.2229785919
1337617842.15 27.2791805267
1337617842.15 29.1303482056
1337617842.15 23.1453723907
1337617842.15 19.0405883789
1337617842.15 16.827703476
1337617842.15 14.8877429962
1337617842.15 19.4120750427
1337617842.15 20.9566802979
1337617842.15 21.0196723938
1337617842.15 25.4623565674
1337617842.15 22.935464859
1337617842.15 19.732635498
1337617842.15 18.4205245972
1337617842.15 16.718503952
1337617842.15 16.0804538727
1337617842.15 19.6669559479
1337617842.18 17.3660526276
1337617842.18 13.539765358
1337617842.18 14.8119344711
1337617842.18 15.4241027832
1337617842.18 15.9892168045
1337617842.18 19.1888561249
1337617842.18 19.9549427032
1337617842.19 14.0855665207
1337617842.2 12.306725502
1337617842.2 11.6459856033
1337617842.2 3.79337716103
1337617842.21 -1.41690683365
1337617842.21 -2.30440735817
1337617842.22 -7.16589164734
1337617842.22 -6.94481754303
1337617842.23 -5.89488267899
1337617842.23 -13.4798870087
1337617842.24 -10.1449718475
1337617842.24 -3.78747200966
1337617842.25 -3.77121591568
1337617842.25 0.235667943954
1337617842.26 6.05949878693
1337617842.27 3.26571559906
1337617842.27 6.43436002731
1337617842.27 13.0716333389
1337617842.28 14.7080698013
1337617842.28 20.5072364807
1337617842.29 25.8527355194
1337617842.29 25.3543663025
1337617842.3 29.0365467072
1337617842.3 32.8136940002
1337617842.31 35.0438804626
1337617842.31 39.4959144592
1337617842.32 44.3466377258
1337617842.32 46.6536941528
1337617842.33 49.4857177734
1337617842.33 53.8961830139
1337617842.35 45.1012992859
1337617842.35 36.1952705383
1337617842.35 30.4595222473
1337617842.35 22.7964477539
1337617842.36 13.2902812958
1337617842.36 7.50951766968
1337617842.37 1.86134696007
1337617842.37 -6.86719322205
1337617842.38 -11.0748882294
1337617842.38 -17.4679546356
1337617842.39 -26.2383441925
1337617842.4 -28.1067790985
1337617842.4 -32.4783782959
1337617842.4 -41.0011634827
1337617842.41 -42.8617591858
1337617842.41 -44.2324981689
1337617842.42 -49.7460327148
1337617842.42 -48.4364738464
1337617842.43 -51.3222351074
1337617842.43 -54.9492454529
1337617842.44 -51.8222122192
1337617842.45 -52.152179718
1337617842.45 -52.2791786194
1337617842.45 -49.0895843506
1337617842.46 -52.5951957703
1337617842.46 -53.7315254211
1337617842.47 -45.9222068787
1337617842.48 -40.8010292053
1337617842.48 -35.8415870667
1337617842.48 -28.324968338
1337617842.49 -22.022485733
1337617842.49 -12.7055101395
1337617842.5 -4.46000003815
1337617842.5 -3.51871371269
1337617842.51 -5.00912427902
1337617842.51 -9.05079174042
1337617842.52 -14.5041904449
1337617842.52 -16.0356121063
1337617842.53 -16.8826522827
1337617842.53 -17.4436454773
1337617842.54 -16.6505870819
1337617842.54 -19.8163757324
1337617842.55 -20.0471935272
1337617842.55 -11.8880224228
1337617842.56 -7.72184038162
1337617842.57 -2.70964074135
1337617842.57 1.99971675873
1337617842.57 5.4180393219
1337617842.58 10.4151353836
1337617842.58 18.248167038
1337617842.59 23.9028701782
1337617842.59 26.3565616608
1337617842.6 28.1483097076
1337617842.6 34.2377700806
1337617842.61 40.814617157
1337617842.61 48.553565979
1337617842.62 51.7649536133
1337617842.63 51.4612693787
1337617842.63 51.3648376465
1337617842.63 55.8494529724
1337617842.64 58.5061073303
1337617842.64 63.3864593506
1337617842.65 69.0613174438
1337617842.65 68.8847503662
1337617842.66 70.4835891724
1337617842.66 73.8814468384
1337617842.67 75.3151473999
1337617842.68 78.7022781372
1337617842.68 83.3396606445
1337617842.68 92.5396499634
1337617842.69 104.315330505
1337617842.69 116.145652771
1337617842.7 120.573646545
1337617842.7 124.944313049
1337617842.71 130.773284912
1337617842.71 131.851776123
1337617842.71 129.547424316
1337617842.73 127.858398438
1337617842.73 120.596458435
1337617842.73 112.550788879
1337617842.74 107.819396973
1337617842.74 100.322906494
1337617842.75 96.6214141846
1337617842.75 95.8874740601
1337617842.76 88.8303070068
1337617842.76 85.8576812744
1337617842.77 81.8134384155
1337617842.78 73.9114990234
1337617842.78 71.0824279785
1337617842.78 68.8525848389
1337617842.79 62.1181030273
1337617842.79 60.5871047974
1337617842.79 62.5136604309
1337617842.8 58.1189575195
1337617842.8 56.3310012817
1337617842.81 55.1577339172
1337617842.81 44.0311775208
1337617842.82 38.8310317993
1337617842.83 36.0414886475
1337617842.83 27.9873790741
1337617842.84 33.0081977844
1337617842.85 37.1077537537
1337617842.85 37.274471283
1337617842.85 43.0083045959
1337617842.86 50.2029457092
1337617842.86 52.8586463928
1337617842.86 59.5634727478
1337617842.87 65.1863098145
1337617842.87 66.7435455322
1337617842.88 74.1791152954
1337617842.88 79.9571228027
1337617842.89 81.2482910156
1337617842.89 86.5552978516
1337617842.91 90.3948822021
1337617842.91 91.2283554077
1337617842.91 96.8099136353
1337617842.92 90.2852478027
1337617842.92 82.4006118774
1337617842.92 79.4034957886
1337617842.93 76.6131973267
1337617842.93 73.8523406982
1337617842.94 72.7950363159
1337617842.95 70.5986480713
1337617842.95 71.3987121582
1337617842.95 72.6504211426
1337617842.96 72.1672363281
1337617842.97 73.7936325073
1337617842.97 76.5029296875
1337617842.97 79.9783401489
1337617842.98 74.9727935791
1337617842.99 69.1961898804
1337617842.99 64.0004272461
1337617842.99 57.9132995605
1337617843.0 53.0534553528
1337617843.01 48.3867492676
1337617843.01 45.2529144287
1337617843.02 43.6730041504
1337617843.02 38.3600769043
1337617843.02 35.1895103455
1337617843.03 30.7018661499
1337617843.03 29.7328777313
1337617843.04 31.9411697388
1337617843.04 30.0774078369
1337617843.05 32.0744743347
1337617843.06 34.3016700745
1337617843.06 36.4712867737
1337617843.07 32.2241363525
1337617843.07 30.550403595
1337617843.07 25.6654453278
1337617843.08 13.3349227905
1337617843.08 7.03657913208
1337617843.09 -1.53612697124
1337617843.11 -8.79549884796
1337617843.11 -16.6870231628
1337617843.33 -27.2340145111
1337617843.33 -33.6266403198
1337617843.34 -29.813709259
1337617843.34 -29.1659469604
1337617843.34 -28.2122383118
1337617843.34 -24.2208423615
1337617843.35 -22.7736644745
1337617843.36 -20.4264545441
1337617843.38 -14.4733190536
1337617843.39 -8.50714302063
1337617843.39 -2.1212284565
1337617843.42 4.77683162689
1337617843.42 4.29980564117
1337617843.42 6.83492088318
1337617843.42 10.7273435593
1337617843.43 13.1000938416
1337617843.43 17.8979721069
1337617843.43 20.6120605469
1337617843.48 20.5311985016
1337617843.49 25.325799942
1337617843.49 32.21301651
1337617843.49 36.7728462219
1337617843.49 37.9715957642
1337617843.49 39.7564964294
1337617843.49 36.7121810913
1337617843.49 26.6384220123
1337617843.49 18.6871490479
1337617843.5 8.29138851166
1337617843.51 1.95590662956
1337617843.51 -0.631049633026
1337617843.51 -4.32427787781
1337617843.52 -4.69260168076
1337617843.52 1.74114227295
1337617843.52 3.76574444771
1337617843.53 9.8794336319
1337617843.53 14.3465461731
1337617843.53 15.635597229
1337617843.53 20.3281898499
1337617843.53 21.6744117737
1337617843.53 20.3088493347
1337617843.54 24.3485832214
1337617843.55 26.2235641479
1337617843.56 26.3133907318
1337617843.56 29.6481552124
1337617843.56 31.5592365265
1337617843.58 31.2893104553
1337617843.59 33.8338623047
1337617843.6 33.7661895752
1337617843.69 31.7341804504
1337617843.74 34.4843673706
1337617843.8 35.5398406982
1337617843.8 34.6421318054
1337617843.8 28.3621921539
1337617843.81 22.9747200012
1337617843.81 17.9661693573
1337617843.81 19.751947403
1337617843.81 22.8737316132
1337617843.81 22.1899356842
1337617843.82 24.1551151276
1337617843.82 23.0431308746
1337617843.82 20.0501422882
1337617843.82 21.5564804077
1337617843.82 19.4594078064
1337617843.82 17.3075122833
1337617843.82 15.2042312622
1337617843.82 4.89016819
1337617843.82 -2.05264139175
1337617843.83 -6.26775836945
1337617843.83 -10.3896903992
1337617843.83 -9.65913963318
1337617843.83 -10.072977066
1337617843.83 -12.2313861847
1337617843.83 -9.18978595734
1337617843.83 -6.47682142258
1337617843.83 -7.06299686432
1337617843.83 -4.82404899597
1337617843.83 -7.69378042221
1337617843.83 -9.36555671692
1337617843.83 -6.46611881256
1337617843.83 -10.64457798
1337617843.83 -11.6850261688
1337617843.83 -9.6214838028
1337617843.83 -13.9415235519
1337617843.83 -12.7809171677
1337617843.83 -14.2413787842
1337617843.84 -19.6631240845
1337617843.84 -34.192237854
1337617843.84 -48.691444397
1337617843.84 -63.4096374512
1337617843.84 -41.9950675964
1337617843.85 -23.2817955017
1337617843.85 -9.08512878418
1337617843.85 -10.1173801422
1337617843.85 -12.460562706
1337617843.85 -14.2715864182
1337617843.85 -11.4310083389
1337617843.86 -10.6694879532
1337617843.86 -13.5415468216
1337617843.86 -16.9772129059
1337617843.86 -45.8735961914
1337617843.86 -70.1450805664
1337617843.86 -92.0257110596
1337617843.86 -91.7825698853
1337617843.87 -96.2602157593
1337617843.87 -96.5225982666
1337617843.88 -97.2512664795
1337617843.88 -101.914825439
1337617843.88 -106.2942276
1337617843.88 -109.647094727
1337617843.88 -96.2493972778
1337617843.89 -80.6996917725
1337617843.89 -66.4140625
1337617843.89 -76.5221710205
1337617843.89 -81.6594161987
1337617843.89 -85.2957305908
1337617843.9 -82.0879211426
1337617843.91 -77.7107543945
1337617843.91 -76.2707366943
1337617843.91 -73.9845275879
1337617843.91 -90.0053710938
1337617843.91 -105.786964417
1337617843.91 -118.965316772
1337617843.92 -119.79259491
1337617843.92 -120.135375977
1337617843.92 -117.969551086
1337617843.92 -117.792900085
1337617843.94 -118.224571228
1337617843.94 -77.041595459
1337617843.94 -73.6413269043
1337617843.94 -75.3069152832
1337617843.94 -77.8833389282
1337617843.94 -71.2791824341
1337617843.94 -67.7948684692
1337617843.95 -63.4922561646
1337617843.96 -57.0034255981
1337617843.96 -58.0431175232
1337617843.96 -55.2522773743
1337617843.96 -48.8941955566
1337617843.96 -50.2150268555
1337617843.96 -47.2646331787
1337617843.96 -45.968624115
1337617843.96 -48.3912315369
1337617843.96 -47.7806968689
1337617843.96 -49.6176261902
1337617843.96 -50.9648323059
1337617843.97 -49.4519271851
1337617843.97 -48.5301628113
1337617843.97 -45.2901878357
1337617843.97 -39.9135246277
1337617843.98 -35.1737556458
1337617843.98 -26.4654197693
1337617843.98 -24.4708557129
1337617843.98 -23.6704750061
1337617843.98 -18.6547622681
1337617843.99 -21.354598999
1337617843.99 -22.6660308838
1337617843.99 -18.3000488281
1337617844.0 -22.4527778625
1337617844.0 -17.4257297516
1337617844.01 -13.4193792343
1337617844.01 -14.1376914978
1337617844.01 -4.88703155518
1337617844.02 4.63445425034
1337617844.02 5.64482831955
1337617844.02 9.95036888123
1337617844.02 31.3430175781
1337617844.03 55.5223007202
1337617844.03 82.4984741211
1337617844.03 89.967590332
1337617844.04 95.8251876831
1337617844.04 101.734802246
1337617844.05 110.802703857
1337617844.05 121.418640137
1337617844.06 126.724082947
1337617844.06 123.731643677
1337617844.07 145.913619995
1337617844.07 171.746002197
1337617844.08 190.758056641
1337617844.09 179.892593384
1337617844.09 158.050628662
1337617844.1 141.693313599
