1337617900.84 0.0
1337617900.85 0.0
1337617900.85 0.0
1337617900.86 0.0
1337617900.86 0.0
1337617900.87 0.0
1337617900.87 0.0
1337617900.88 0.0
1337617900.88 0.0
1337617900.89 0.0
1337617900.89 0.0
1337617900.9 0.0
1337617900.9 0.0
1337617900.92 0.0
1337617900.92 0.0
1337617900.92 0.0
1337617900.92 0.0
1337617900.93 0.0
1337617900.93 0.0
1337617900.94 0.0
1337617900.94 0.0
1337617900.95 0.0
1337617900.95 0.0
1337617900.96 0.0
1337617900.96 0.0
1337617900.97 0.0
1337617900.97 0.0
1337617900.98 0.0
1337617900.98 0.0
1337617900.99 0.0
1337617900.99 0.0
1337617901.0 0.0
1337617901.0 0.0
1337617901.02 0.0
1337617901.02 0.0
1337617901.02 0.0
1337617901.03 0.0
1337617901.03 0.0
1337617901.03 0.0
1337617901.04 0.0
1337617901.04 0.0
1337617901.05 0.0
1337617901.06 0.0
1337617901.06 0.0
1337617901.06 0.0
1337617901.07 0.0
1337617901.07 0.0
1337617901.08 0.0
1337617901.08 0.0
1337617901.09 0.0
1337617901.09 0.0
1337617901.1 0.0
1337617901.1 0.0
1337617901.12 0.0
1337617901.12 0.0
1337617901.12 0.0
1337617901.12 0.0
1337617901.13 0.0
1337617901.13 0.0
1337617901.14 0.0
1337617901.14 0.0
1337617901.14 0.0
1337617901.15 0.0
1337617901.16 0.0
1337617901.16 0.0
1337617901.17 0.0
1337617901.17 0.0
1337617901.18 0.0
1337617901.18 0.0
1337617901.19 0.0
1337617901.19 0.0
1337617901.2 0.0
1337617901.2 0.0
1337617901.21 0.0
1337617901.22 0.0
1337617901.22 0.0
1337617901.22 0.0
1337617901.23 0.0
1337617901.23 0.0
1337617901.23 0.0
1337617901.24 0.0
1337617901.24 0.0
1337617901.25 0.0
1337617901.26 0.0
1337617901.26 0.0
1337617901.27 0.0
1337617901.27 0.0
1337617901.28 0.0
1337617901.28 0.0
1337617901.29 0.0
1337617901.29 0.0
1337617901.3 0.0
1337617901.3 0.0
1337617901.32 0.0
1337617901.32 0.0
1337617901.32 0.0
1337617901.32 0.0
1337617901.33 0.0
1337617901.33 0.0
1337617901.34 0.0
1337617901.34 0.0
1337617901.34 0.0
1337617901.35 0.0
1337617901.35 0.0
1337617901.36 0.0
1337617901.36 0.0
1337617901.37 0.0
1337617901.37 0.0
1337617901.38 0.0
1337617901.39 0.0
1337617901.39 0.0
1337617901.39 0.0
1337617901.4 0.0
1337617901.42 0.0
1337617901.42 0.0
1337617901.42 0.0
1337617901.42 0.0
1337617901.43 0.0
1337617901.43 0.0
1337617901.43 0.0
1337617901.44 0.0
1337617901.44 0.0
1337617901.45 0.0
1337617901.45 0.0
1337617901.46 0.0
1337617901.47 0.0
1337617901.47 0.0
1337617901.47 0.0
1337617901.48 0.0
1337617901.48 0.0
1337617901.49 0.0
1337617901.49 0.0
1337617901.5 0.0
1337617901.52 0.0
1337617901.52 0.0
1337617901.52 0.0
1337617901.52 0.0
1337617901.53 0.0
1337617901.53 0.0
1337617901.53 0.0
1337617901.54 0.0
1337617901.54 0.0
1337617901.55 0.0
1337617901.55 0.0
1337617901.56 0.0
1337617901.56 0.0
1337617901.57 0.0
1337617901.57 0.0
1337617901.58 0.0
1337617901.58 0.0
1337617901.6 0.0
1337617901.6 0.0
1337617901.6 0.0
1337617901.61 0.0
1337617901.61 0.0
1337617901.61 0.0
1337617901.62 0.0
1337617901.62 0.0
1337617901.63 0.0
1337617901.65 0.0
1337617901.65 0.0
1337617901.66 0.0
1337617901.66 0.0
1337617901.66 0.0
1337617901.66 0.0
1337617901.67 0.0
1337617901.67 0.0
1337617901.89 0.0
1337617901.89 0.0
1337617901.89 0.0
1337617901.89 0.0
1337617901.89 0.0
1337617901.89 0.0
1337617901.89 0.0
1337617901.89 0.0
1337617901.9 0.0
1337617901.9 0.0
1337617901.9 0.0
1337617901.9 0.0
1337617901.9 0.0
1337617901.92 0.0
1337617901.92 0.0
1337617901.92 0.0
1337617901.92 0.0
1337617901.93 0.0
1337617901.93 0.0
1337617901.93 0.0
1337617901.96 0.0
1337617901.96 0.0
1337617901.96 0.0
1337617901.96 0.0
1337617901.97 0.0
1337617901.97 0.0
1337617901.97 0.0
1337617901.97 0.0
1337617901.97 0.0
1337617901.98 0.0
1337617902.03 0.0
1337617902.03 0.0
1337617902.03 0.0
1337617902.03 0.0
1337617902.04 0.0
1337617902.04 0.0
1337617902.05 0.0
1337617902.05 0.0
1337617902.05 0.0
1337617902.05 0.0
1337617902.12 0.0
1337617902.12 0.0
1337617902.12 0.0
1337617902.12 0.0
1337617902.12 0.0
1337617902.13 0.0
1337617902.13 0.0
1337617902.13 0.0
1337617902.13 0.0
1337617902.13 0.0
1337617902.13 0.0
1337617902.14 0.0
1337617902.14 0.0
1337617902.14 0.0
1337617902.14 0.0
1337617902.14 0.0
1337617902.14 0.0
1337617902.14 0.0
1337617902.14 0.0
1337617902.14 0.0
1337617902.14 0.0
1337617902.14 0.0
1337617902.15 0.0
1337617902.15 0.0
1337617902.15 0.0
1337617902.15 0.0
1337617902.15 0.0
1337617902.17 0.0
1337617902.17 0.0
1337617902.17 0.0
1337617902.17 0.0
1337617902.17 0.0
1337617902.17 0.0
1337617902.17 0.0
1337617902.17 0.0
1337617902.18 0.0
1337617902.18 0.0
1337617902.18 0.0
1337617902.18 0.0
1337617902.18 0.0
1337617902.18 0.0
1337617902.18 0.0
1337617902.18 0.0
1337617902.2 0.0
1337617902.2 0.0
1337617902.2 0.0
1337617902.2 0.0
1337617902.2 0.0
1337617902.2 0.0
1337617902.2 0.0
1337617902.2 0.0
1337617902.2 0.0
1337617902.2 0.0
1337617902.2 0.0
1337617902.21 0.0
1337617902.21 0.0
1337617902.21 0.0
1337617902.21 0.0
1337617902.21 0.0
1337617902.21 0.0
1337617902.21 0.0
1337617902.21 0.0
1337617902.22 0.0
1337617902.22 0.0
1337617902.22 0.0
1337617902.22 0.0
1337617902.22 0.0
1337617902.22 0.0
1337617902.22 0.0
1337617902.22 0.0
1337617902.22 0.0
1337617902.23 0.0
1337617902.23 0.0
1337617902.24 0.0
1337617902.24 0.0
1337617902.25 0.0
1337617902.25 0.0
1337617902.26 0.0
1337617902.26 0.0
1337617902.27 0.0
1337617902.27 0.0
1337617902.28 0.0
1337617902.28 0.0
1337617902.29 0.0
1337617902.29 0.0
1337617902.3 0.0
1337617902.3 0.0
1337617902.31 0.0
1337617902.31 0.0
1337617902.32 0.0
1337617902.33 0.0
1337617902.33 0.0
1337617902.34 0.0
1337617902.34 0.0
1337617902.34 0.0
1337617902.35 0.0
1337617902.35 0.0
1337617902.36 0.0
1337617902.36 0.0
1337617902.37 0.0
1337617902.37 0.0
1337617902.38 0.0
1337617902.38 0.0
1337617902.39 0.0
1337617902.39 0.0
1337617902.4 0.0
1337617902.42 0.0
1337617902.42 0.0
1337617902.42 0.0
1337617902.42 0.0
1337617902.42 0.0
1337617902.43 0.0
1337617902.43 0.0
1337617902.44 0.0
1337617902.44 0.0
1337617902.45 0.0
1337617902.45 0.0
1337617902.46 0.0
1337617902.46 0.0
1337617902.47 0.0
1337617902.47 0.0
1337617902.48 0.0
1337617902.48 0.0
1337617902.49 0.0
1337617902.49 0.0
1337617902.5 0.0
1337617902.51 0.0
1337617902.51 0.0
1337617902.52 0.0
1337617902.52 0.0
1337617902.52 0.0
1337617902.53 0.0
1337617902.53 0.0
1337617902.54 0.0
1337617902.54 0.0
1337617902.55 0.0
1337617902.55 0.0
1337617902.56 0.0
1337617902.56 0.0
1337617902.57 0.0
1337617902.57 0.0
1337617902.58 0.0
1337617902.58 0.0
1337617902.59 0.0
1337617902.59 0.0
1337617902.6 0.0
1337617902.6 0.0
1337617902.61 0.0
1337617902.61 0.0
1337617902.62 0.0
1337617902.62 0.0
1337617902.63 0.0
1337617902.63 0.0
1337617902.65 0.0
1337617902.65 0.0
1337617902.65 0.0
1337617902.65 0.0
1337617902.66 0.0
1337617902.66 0.0
1337617902.67 0.0
1337617902.67 0.0
1337617902.68 0.0
1337617902.68 0.0
1337617902.69 0.0
1337617902.69 0.0
1337617902.7 0.0
1337617902.7 0.0
1337617902.71 0.0
1337617902.71 0.0
1337617902.72 0.0
1337617902.72 0.0
1337617902.73 0.0
1337617902.73 0.0
1337617902.75 0.0
1337617902.75 0.0
1337617902.75 0.0
1337617902.75 0.0
1337617902.76 0.0
1337617902.76 0.0
1337617902.77 0.0
1337617902.77 0.0
1337617902.78 0.0
1337617902.78 0.0
1337617902.79 0.0
1337617902.79 0.0
1337617902.8 0.0
1337617902.8 0.0
1337617902.81 0.0
1337617902.81 0.0
1337617902.82 0.0
1337617902.82 0.0
1337617902.82 0.0
1337617902.83 0.0
1337617902.85 0.0
1337617902.85 0.0
1337617902.85 0.0
1337617902.85 0.0
1337617902.86 0.0
1337617902.86 0.0
1337617902.86 0.0
1337617902.87 0.0
1337617902.87 0.0
1337617902.88 0.0
1337617902.88 0.0
1337617902.89 0.0
1337617902.89 0.0
1337617902.9 0.0
1337617902.9 0.0
1337617902.91 0.0
1337617902.91 0.0
1337617902.92 0.0
1337617902.92 0.0
1337617902.93 0.0
1337617902.95 0.0
1337617902.95 0.0
1337617902.95 0.0
1337617902.95 0.0
1337617902.96 0.0
1337617902.96 0.0
1337617902.96 0.0
1337617902.97 0.0
1337617902.97 0.0
1337617902.98 0.0
1337617902.98 0.0
1337617902.99 0.0
1337617902.99 0.0
1337617903.0 0.0
1337617903.01 0.0
1337617903.01 0.0
1337617903.01 0.0
1337617903.03 0.0
1337617903.03 0.0
1337617903.03 0.0
1337617903.04 0.0
1337617903.04 0.0
1337617903.05 0.0
1337617903.05 0.0
1337617903.06 0.0
1337617903.06 0.0
1337617903.06 0.0
1337617903.07 0.0
1337617903.07 0.0
1337617903.08 0.0
1337617903.08 0.0
1337617903.09 0.0
1337617903.09 0.0
1337617903.1 0.0
1337617903.1 0.0
1337617903.11 0.0
1337617903.11 0.0
1337617903.13 0.0
1337617903.13 0.0
1337617903.14 0.0
1337617903.14 0.0
1337617903.14 0.0
1337617903.14 0.0
1337617903.15 0.0
1337617903.15 0.0
1337617903.17 0.0
1337617903.17 0.0
1337617903.17 0.0
1337617903.17 0.0
1337617903.18 0.0
1337617903.32 0.0
1337617903.33 0.0
1337617903.33 0.0
1337617903.33 0.0
1337617903.35 0.0
1337617903.37 0.0
1337617903.37 0.0
1337617903.46 0.0
1337617903.46 0.0
1337617903.47 0.0
1337617903.47 0.0
1337617903.5 0.0
1337617903.54 0.0
1337617903.54 0.0
1337617903.54 0.0
1337617903.54 0.0
1337617903.54 0.0
1337617903.54 0.0
1337617903.54 0.0
1337617903.54 0.0
1337617903.56 0.0
1337617903.56 0.0
1337617903.56 0.0
1337617903.56 0.0
1337617903.56 0.0
1337617903.56 0.0
1337617903.56 0.0
1337617903.56 0.0
1337617903.56 0.0
1337617903.57 0.0
1337617903.57 0.0
1337617903.57 0.0
1337617903.57 0.0
1337617903.57 0.0
1337617903.57 0.0
1337617903.57 0.0
1337617903.57 0.0
1337617903.57 0.0
1337617903.58 0.0
1337617903.58 0.0
1337617903.59 0.0
1337617903.59 0.0
1337617903.59 0.0
1337617903.59 0.0
1337617903.59 0.0
1337617903.59 0.0
1337617903.59 0.0
1337617903.59 0.0
1337617903.6 0.0
1337617903.6 0.0
1337617903.6 0.0
1337617903.6 0.0
1337617903.6 0.0
1337617903.61 0.0
1337617903.61 0.0
1337617903.61 0.0
1337617903.61 0.0
1337617903.61 0.0
1337617903.61 0.0
1337617903.62 0.0
1337617903.62 0.0
1337617903.62 0.0
1337617903.62 0.0
1337617903.62 0.0
1337617903.64 0.0
1337617903.64 0.0
1337617903.64 0.0
1337617903.64 0.0
1337617903.64 0.0
1337617903.65 0.0
1337617903.65 0.0
1337617903.65 0.0
1337617903.65 0.0
1337617903.65 0.0
1337617903.67 0.0
1337617903.67 0.0
1337617903.67 0.0
1337617903.67 0.0
1337617903.67 0.0
1337617903.67 0.0
1337617903.67 0.0
1337617903.67 0.0
1337617903.67 0.0
1337617903.67 0.0
1337617903.67 0.0
1337617903.67 0.0
1337617903.67 0.0
1337617903.68 0.0
1337617903.68 0.0
1337617903.68 0.0
1337617903.68 0.0
1337617903.68 0.0
1337617903.68 0.0
1337617903.68 0.0
1337617903.68 0.0
1337617903.68 0.0
1337617903.68 0.0
1337617903.68 0.0
1337617903.68 0.0
1337617903.68 0.0
1337617903.69 0.0
1337617903.69 0.0
1337617903.69 0.0
1337617903.7 0.0
1337617903.7 0.0
1337617903.71 0.0
1337617903.71 0.0
1337617903.72 0.0
1337617903.72 0.0
1337617903.73 0.0
1337617903.73 0.0
1337617903.74 0.0
1337617903.74 0.0
1337617903.75 0.0
1337617903.75 0.0
1337617903.76 0.0
1337617903.77 0.0
1337617903.77 0.0
1337617903.77 0.0
1337617903.78 0.0
1337617903.78 0.0
1337617903.79 0.0
1337617903.79 0.0
1337617903.8 0.0
1337617903.8 0.0
1337617903.81 0.0
1337617903.81 0.0
1337617903.82 0.0
1337617903.82 0.0
1337617903.83 0.0
1337617903.83 0.0
1337617903.84 0.0
1337617903.84 0.0
1337617903.85 0.0
1337617903.86 0.0
1337617903.86 0.0
1337617903.87 0.0
1337617903.87 0.0
1337617903.87 0.0
1337617903.88 0.0
1337617903.88 0.0
1337617903.89 0.0
1337617903.89 0.0
1337617903.9 0.0
1337617903.9 0.0
1337617903.91 0.0
1337617903.91 0.0
1337617903.92 0.0
1337617903.92 0.0
1337617903.93 0.0
1337617903.93 0.0
1337617903.95 0.0
1337617903.95 0.0
1337617903.95 0.0
1337617903.95 0.0
1337617903.96 0.0
1337617903.96 0.0
1337617903.97 0.0
1337617903.97 0.0
1337617903.98 0.0
1337617903.98 0.0
1337617903.99 0.0
1337617903.99 0.0
1337617904.0 0.0
1337617904.0 0.0
1337617904.01 0.0
1337617904.01 0.0
1337617904.02 0.0
1337617904.02 0.0
1337617904.03 0.0
1337617904.04 0.0
1337617904.04 0.0
1337617904.05 0.0
1337617904.05 0.0
1337617904.05 0.0
1337617904.06 0.0
1337617904.06 0.0
1337617904.07 0.0
1337617904.07 0.0
1337617904.08 0.0
1337617904.08 0.0
1337617904.09 0.0
1337617904.09 0.0
1337617904.1 0.0
1337617904.1 0.0
1337617904.11 0.0
1337617904.11 0.0
1337617904.13 0.0
1337617904.13 0.0
1337617904.13 0.0
1337617904.13 0.0
1337617904.14 0.0
1337617904.14 0.0
1337617904.15 0.0
1337617904.15 0.0
1337617904.16 0.0
1337617904.16 0.0
1337617904.17 0.0
1337617904.17 0.0
1337617904.17 0.0
1337617904.18 0.0
1337617904.19 0.0
1337617904.19 0.0
1337617904.2 0.0
1337617904.2 0.0
1337617904.21 0.0
1337617904.21 0.0
1337617904.23 0.0
1337617904.23 0.0
1337617904.23 0.0
1337617904.23 0.0
1337617904.24 0.0
1337617904.24 0.0
1337617904.24 0.0
1337617904.25 0.0
1337617904.25 0.0
1337617904.26 0.0
1337617904.27 0.0
1337617904.27 0.0
1337617904.27 0.0
1337617904.28 0.0
1337617904.29 0.0
1337617904.29 0.0
1337617904.3 0.0
1337617904.3 0.0
1337617904.3 0.0
1337617904.31 0.0
1337617904.33 0.0
1337617904.33 0.0
1337617904.33 0.0
1337617904.33 0.0
1337617904.34 0.0
1337617904.34 0.0
1337617904.34 0.0
1337617904.35 0.0
1337617904.35 0.0
1337617904.36 0.0
1337617904.36 0.0
1337617904.37 0.0
1337617904.38 0.0
1337617904.38 0.0
1337617904.38 0.0
1337617904.39 0.0
1337617904.4 0.0
1337617904.41 0.0
1337617904.42 0.0
1337617904.42 0.0
1337617904.42 0.0
1337617904.42 0.0
1337617904.43 0.0
1337617904.43 0.0
1337617904.44 0.0
1337617904.44 0.0
1337617904.44 0.0
1337617904.45 0.0
1337617904.45 0.0
1337617904.46 0.0
1337617904.46 0.0
1337617904.47 0.0
1337617904.47 0.0
1337617904.48 0.0
1337617904.48 0.0
1337617904.49 0.0
1337617904.49 0.0
1337617904.51 0.0
1337617904.51 0.0
1337617904.52 0.0
1337617904.52 0.0
1337617904.52 0.0
1337617904.53 0.0
1337617904.53 0.0
1337617904.53 0.0
1337617904.54 0.0
1337617904.55 0.0
1337617904.55 0.0
1337617904.57 0.0
1337617904.57 0.0
1337617904.57 0.0
1337617904.57 0.0
1337617904.58 0.0
1337617904.58 0.0
1337617904.58 0.0
1337617904.6 0.0
1337617904.6 0.0
1337617904.64 0.0
1337617904.65 0.0
1337617904.65 0.0
1337617904.65 0.0
1337617904.65 0.0
1337617904.65 0.0
1337617904.65 0.0
1337617904.66 0.0
1337617904.66 0.0
1337617904.66 0.0
1337617904.67 0.0
1337617904.67 0.0
1337617904.67 0.0
1337617904.69 0.0
1337617904.69 0.0
1337617904.7 0.0
1337617904.7 0.0
1337617904.7 0.0
1337617904.7 0.0
1337617904.7 0.0
1337617904.71 0.0
1337617904.71 0.0
1337617904.71 0.0
1337617904.72 0.0
1337617904.72 0.0
1337617904.72 0.0
1337617904.73 0.0
1337617904.74 0.0
1337617904.74 0.0
1337617904.74 0.0
1337617904.75 0.0
1337617904.75 0.0
1337617904.76 0.0
1337617904.76 0.0
1337617904.77 0.0
1337617904.77 0.0
1337617904.78 0.0
1337617904.8 0.0
1337617904.8 0.0
1337617904.81 0.0
1337617904.81 0.0
1337617904.81 0.0
1337617904.81 0.0
1337617904.82 0.0
1337617904.82 0.0
1337617904.82 0.0
1337617904.83 0.0
1337617904.84 0.0
1337617904.84 0.0
1337617904.84 -1.0
1337617904.85 -1.0
1337617904.85 -1.0
1337617904.86 -1.0
1337617904.86 -1.0
1337617904.87 -1.0
1337617904.87 -1.0
1337617904.89 -1.0
1337617904.89 -1.0
1337617904.89 -1.0
1337617904.89 -1.0
1337617904.9 -1.0
1337617904.9 -1.0
1337617904.91 -1.0
1337617904.91 -1.0
1337617904.92 -1.0
1337617904.92 -1.0
1337617904.93 -1.0
1337617904.93 -1.0
1337617904.94 -1.0
1337617904.94 -1.0
1337617904.95 -1.0
1337617904.95 -1.0
1337617904.96 -1.0
1337617904.96 -1.0
1337617904.97 -1.0
1337617904.97 -1.0
1337617904.99 -1.0
1337617904.99 -1.0
1337617904.99 -1.0
1337617904.99 -1.0
1337617905.0 -1.0
1337617905.0 -1.0
1337617905.01 -1.0
1337617905.01 -1.0
1337617905.02 -1.0
1337617905.02 -1.0
1337617905.03 -1.0
1337617905.03 -1.0
1337617905.04 -1.0
1337617905.04 -1.0
1337617905.05 -1.0
1337617905.05 -1.0
1337617905.06 -1.0
1337617905.06 -1.0
1337617905.08 -1.0
1337617905.08 -1.0
1337617905.08 -1.0
1337617905.08 -1.0
1337617905.09 -1.0
1337617905.09 -1.0
1337617905.1 -1.0
1337617905.1 -1.0
1337617905.11 -1.0
1337617905.11 -1.0
1337617905.12 -1.0
1337617905.12 -1.0
1337617905.13 -1.0
1337617905.13 -1.0
1337617905.14 -1.0
1337617905.14 -1.0
1337617905.15 -1.0
1337617905.15 -1.0
1337617905.16 -1.0
1337617905.17 -1.0
1337617905.18 -1.0
1337617905.18 -1.0
1337617905.18 -1.0
1337617905.18 -1.0
1337617905.19 -1.0
1337617905.19 -1.0
1337617905.2 -1.0
1337617905.2 -1.0
1337617905.21 -1.0
1337617905.21 -1.0
1337617905.22 -1.0
1337617905.22 -1.0
1337617905.23 -1.0
1337617905.23 -1.0
1337617905.24 -1.0
1337617905.24 -1.0
1337617905.25 -1.0
1337617905.25 -1.0
1337617905.26 -1.0
1337617905.26 -1.0
1337617905.27 -1.0
1337617905.27 -1.0
1337617905.28 -1.0
1337617905.28 -1.0
1337617905.29 -1.0
1337617905.29 -1.0
1337617905.31 -1.0
1337617905.31 -1.0
1337617905.31 -1.0
1337617905.31 -1.0
1337617905.32 -1.0
1337617905.32 -1.0
1337617905.33 -1.0
1337617905.33 -1.0
1337617905.34 -1.0
1337617905.34 -1.0
1337617905.35 -1.0
1337617905.35 -1.0
1337617905.36 -1.0
1337617905.36 -1.0
1337617905.37 -1.0
1337617905.37 -1.0
1337617905.38 -1.0
1337617905.38 -1.0
1337617905.39 -1.0
1337617905.39 -1.0
1337617905.41 -1.0
1337617905.41 -1.0
1337617905.41 -1.0
1337617905.41 -1.0
1337617905.42 -1.0
1337617905.42 -1.0
1337617905.43 -1.0
1337617905.43 -1.0
1337617905.44 -1.0
1337617905.44 -1.0
1337617905.45 -1.0
1337617905.45 -1.0
1337617905.46 -1.0
1337617905.46 -1.0
1337617905.47 -1.0
1337617905.47 -1.0
1337617905.48 -1.0
1337617905.48 -1.0
1337617905.49 -1.0
1337617905.49 -1.0
1337617905.5 -1.0
1337617905.5 -1.0
1337617905.51 -1.0
1337617905.53 -1.0
1337617905.53 -1.0
1337617905.53 -1.0
1337617905.53 -1.0
1337617905.53 -1.0
1337617905.54 -1.0
1337617905.54 -1.0
1337617905.55 -1.0
1337617905.55 -1.0
1337617905.55 -1.0
1337617905.56 -1.0
1337617905.57 -1.0
1337617905.57 -1.0
1337617905.58 -1.0
1337617905.58 -1.0
1337617905.59 -1.0
1337617905.59 -1.0
1337617905.6 -1.0
1337617905.6 -1.0
1337617905.61 -1.0
1337617905.62 -1.0
1337617905.62 -1.0
1337617905.62 -1.0
1337617905.63 -1.0
1337617905.63 -1.0
1337617905.64 -1.0
1337617905.64 -1.0
1337617905.64 -1.0
1337617905.65 -1.0
1337617905.66 -1.0
1337617905.66 -1.0
1337617905.67 -1.0
1337617905.67 -1.0
1337617905.68 -1.0
1337617905.68 -1.0
1337617905.69 -1.0
1337617905.69 -1.0
1337617905.7 -1.0
1337617905.7 -1.0
1337617905.71 -1.0
1337617905.71 -1.0
1337617905.73 -1.0
1337617905.73 -1.0
1337617905.73 -1.0
1337617905.73 -1.0
1337617905.74 -1.0
1337617905.74 -1.0
1337617905.75 -1.0
1337617905.75 -1.0
1337617905.77 -1.0
1337617905.77 -1.0
1337617905.77 -1.0
1337617905.77 -1.0
1337617905.78 -1.0
1337617905.78 -1.0
1337617905.79 -1.0
1337617905.79 -1.0
1337617905.81 -1.0
1337617905.81 -1.0
1337617905.81 -1.0
1337617905.89 0.0
1337617905.89 0.0
1337617905.89 0.0
1337617905.89 0.0
1337617905.89 0.0
1337617905.89 0.0
1337617905.89 0.0
1337617905.9 0.0
1337617905.9 0.0
1337617905.9 0.0
1337617905.9 0.0
1337617905.92 0.0
1337617905.92 0.0
1337617905.92 0.0
1337617905.92 0.0
1337617905.92 0.0
1337617905.93 0.0
1337617905.93 0.0
1337617905.93 0.0
1337617905.93 0.0
1337617905.93 0.0
1337617905.93 0.0
1337617905.93 0.0
1337617905.93 0.0
1337617905.93 0.0
1337617905.94 0.0
1337617905.94 0.0
1337617905.94 0.0
1337617905.95 0.0
1337617905.96 0.0
1337617905.96 0.0
1337617905.97 0.0
1337617905.97 0.0
1337617905.97 0.0
1337617906.0 0.0
1337617906.0 0.0
1337617906.06 0.0
1337617906.06 0.0
1337617906.06 0.0
1337617906.06 0.0
1337617906.06 0.0
1337617906.07 0.0
1337617906.07 0.0
1337617906.07 0.0
1337617906.07 0.0
1337617906.07 0.0
1337617906.07 0.0
1337617906.07 0.0
1337617906.07 0.0
1337617906.08 0.0
1337617906.08 0.0
1337617906.08 0.0
1337617906.08 0.0
1337617906.09 0.0
1337617906.09 0.0
1337617906.1 0.0
1337617906.1 0.0
1337617906.1 0.0
1337617906.1 0.0
1337617906.11 0.0
1337617906.11 0.0
1337617906.11 0.0
1337617906.12 0.0
1337617906.13 0.0
1337617906.13 0.0
1337617906.14 0.0
1337617906.15 0.0
1337617906.15 0.0
1337617906.15 0.0
1337617906.15 0.0
1337617906.16 0.0
1337617906.16 0.0
1337617906.17 0.0
1337617906.18 0.0
1337617906.18 0.0
1337617906.19 0.0
1337617906.19 0.0
1337617906.19 0.0
1337617906.2 0.0
1337617906.2 0.0
1337617906.21 0.0
1337617906.21 0.0
1337617906.22 0.0
1337617906.22 0.0
1337617906.23 0.0
1337617906.23 0.0
1337617906.25 0.0
1337617906.25 0.0
1337617906.25 0.0
1337617906.25 0.0
1337617906.26 0.0
1337617906.26 0.0
1337617906.27 0.0
1337617906.27 0.0
1337617906.28 0.0
1337617906.28 0.0
1337617906.3 0.0
1337617906.3 0.0
1337617906.3 0.0
1337617906.3 0.0
1337617906.31 0.0
1337617906.31 0.0
1337617906.32 0.0
1337617906.32 0.0
1337617906.33 0.0
1337617906.33 0.0
1337617906.34 0.0
1337617906.35 0.0
1337617906.35 0.0
1337617906.35 0.0
1337617906.36 0.0
1337617906.36 0.0
1337617906.37 0.0
1337617906.37 0.0
1337617906.38 0.0
1337617906.38 0.0
1337617906.39 0.0
1337617906.39 0.0
1337617906.4 0.0
1337617906.4 0.0
1337617906.42 0.0
1337617906.42 0.0
1337617906.42 0.0
1337617906.42 0.0
1337617906.43 0.0
1337617906.43 0.0
1337617906.44 0.0
1337617906.44 0.0
1337617906.45 0.0
1337617906.45 0.0
1337617906.47 0.0
1337617906.47 0.0
1337617906.47 0.0
1337617906.47 0.0
1337617906.48 0.0
1337617906.48 0.0
1337617906.49 0.0
1337617906.49 0.0
1337617906.5 0.0
1337617906.5 0.0
1337617906.52 0.0
1337617906.52 0.0
1337617906.52 0.0
1337617906.52 0.0
1337617906.53 0.0
1337617906.53 0.0
1337617906.54 0.0
1337617906.54 0.0
1337617906.55 0.0
1337617906.55 0.0
1337617906.56 0.0
1337617906.56 0.0
1337617906.57 0.0
1337617906.57 0.0
1337617906.58 0.0
1337617906.58 0.0
1337617906.59 0.0
1337617906.6 0.0
1337617906.61 0.0
1337617906.61 0.0
1337617906.61 0.0
1337617906.61 0.0
1337617906.62 0.0
1337617906.62 0.0
1337617906.63 0.0
1337617906.63 0.0
1337617906.64 0.0
1337617906.64 0.0
1337617906.65 0.0
1337617906.65 0.0
1337617906.66 0.0
1337617906.66 0.0
1337617906.67 0.0
1337617906.67 0.0
1337617906.69 0.0
1337617906.69 0.0
1337617906.69 0.0
1337617906.69 0.0
1337617906.7 0.0
1337617906.7 0.0
1337617906.71 0.0
1337617906.71 0.0
1337617906.72 0.0
1337617906.72 0.0
1337617906.73 0.0
1337617906.73 0.0
1337617906.74 0.0
1337617906.74 0.0
1337617906.75 0.0
1337617906.76 0.0
1337617906.76 0.0
1337617906.77 0.0
1337617906.77 0.0
1337617906.77 0.0
1337617906.78 0.0
1337617906.78 0.0
1337617906.79 0.0
1337617906.79 0.0
1337617906.8 0.0
1337617906.8 0.0
1337617906.81 0.0
1337617906.81 0.0
1337617906.82 0.0
1337617906.82 0.0
1337617906.83 0.0
1337617906.83 0.0
1337617906.84 0.0
1337617906.84 0.0
1337617906.85 0.0
1337617906.85 0.0
1337617906.87 0.0
1337617906.87 0.0
1337617906.87 0.0
1337617906.87 0.0
1337617906.88 0.0
1337617906.88 0.0
1337617906.89 0.0
1337617906.89 0.0
1337617906.9 0.0
1337617906.9 0.0
1337617906.91 0.0
1337617906.91 0.0
1337617906.92 0.0
1337617906.92 0.0
1337617906.93 0.0
1337617906.93 0.0
1337617906.94 0.0
1337617906.94 0.0
1337617906.95 0.0
1337617906.95 0.0
1337617906.96 0.0
1337617906.97 0.0
1337617906.97 0.0
1337617906.97 0.0
1337617906.98 0.0
1337617906.98 0.0
1337617906.99 0.0
1337617906.99 0.0
1337617907.0 0.0
1337617907.0 0.0
1337617907.01 0.0
1337617907.01 0.0
1337617907.02 0.0
1337617907.02 0.0
1337617907.03 0.0
1337617907.03 0.0
1337617907.04 0.0
1337617907.06 0.0
1337617907.06 0.0
1337617907.06 0.0
1337617907.06 0.0
1337617907.07 0.0
1337617907.07 0.0
1337617907.07 0.0
1337617907.08 0.0
1337617907.08 0.0
1337617907.08 0.0
1337617907.09 0.0
1337617907.09 0.0
1337617907.1 0.0
1337617907.11 0.0
1337617907.11 0.0
1337617907.13 0.0
1337617907.13 0.0
1337617907.23 0.0
1337617907.23 0.0
1337617907.24 0.0
1337617907.24 0.0
1337617907.24 0.0
1337617907.24 0.0
1337617907.25 0.0
1337617907.25 0.0
1337617907.25 0.0
1337617907.25 0.0
1337617907.25 0.0
1337617907.25 0.0
1337617907.26 0.0
1337617907.26 0.0
1337617907.27 0.0
1337617907.27 0.0
1337617907.27 0.0
1337617907.27 0.0
1337617907.27 0.0
1337617907.27 0.0
1337617907.29 0.0
1337617907.29 0.0
1337617907.3 0.0
1337617907.3 0.0
1337617907.3 0.0
1337617907.3 0.0
1337617907.3 0.0
1337617907.3 0.0
1337617907.31 0.0
1337617907.31 0.0
1337617907.31 0.0
1337617907.31 0.0
1337617907.31 0.0
1337617907.31 0.0
1337617907.32 0.0
1337617907.32 0.0
1337617907.32 0.0
1337617907.32 0.0
1337617907.32 0.0
1337617907.32 0.0
1337617907.33 0.0
1337617907.33 0.0
1337617907.34 0.0
1337617907.34 0.0
1337617907.35 0.0
1337617907.35 0.0
1337617907.35 0.0
1337617907.38 0.0
1337617907.44 0.0
1337617907.44 0.0
1337617907.44 0.0
1337617907.44 0.0
1337617907.44 0.0
1337617907.44 0.0
1337617907.45 0.0
1337617907.45 0.0
1337617907.45 0.0
1337617907.45 0.0
1337617907.45 0.0
1337617907.45 0.0
1337617907.46 0.0
1337617907.46 0.0
1337617907.46 0.0
1337617907.46 0.0
1337617907.46 0.0
1337617907.46 0.0
1337617907.46 0.0
1337617907.47 0.0
1337617907.47 0.0
1337617907.47 0.0
1337617907.47 0.0
1337617907.48 0.0
1337617907.48 0.0
1337617907.49 0.0
1337617907.49 0.0
1337617907.5 0.0
1337617907.5 0.0
1337617907.51 0.0
1337617907.51 0.0
1337617907.52 0.0
1337617907.52 0.0
1337617907.53 0.0
1337617907.53 0.0
1337617907.54 0.0
1337617907.54 0.0
1337617907.55 0.0
1337617907.56 0.0
1337617907.57 0.0
1337617907.57 0.0
1337617907.57 0.0
1337617907.58 0.0
1337617907.58 0.0
1337617907.58 0.0
1337617907.59 0.0
1337617907.59 0.0
1337617907.6 0.0
1337617907.6 0.0
1337617907.61 0.0
1337617907.62 0.0
1337617907.62 0.0
1337617907.62 0.0
1337617907.63 0.0
1337617907.63 0.0
1337617907.65 0.0
1337617907.65 0.0
1337617907.65 0.0
1337617907.65 0.0
1337617907.66 0.0
1337617907.66 0.0
1337617907.67 0.0
1337617907.67 0.0
1337617907.68 0.0
1337617907.68 0.0
1337617907.69 0.0
1337617907.69 0.0
1337617907.7 0.0
1337617907.7 0.0
1337617907.71 0.0
1337617907.71 0.0
1337617907.72 0.0
1337617907.73 0.0
1337617907.73 0.0
1337617907.73 0.0
1337617907.74 0.0
1337617907.74 0.0
1337617907.75 0.0
1337617907.75 0.0
1337617907.76 0.0
1337617907.76 0.0
1337617907.77 0.0
1337617907.77 0.0
1337617907.78 0.0
1337617907.78 0.0
1337617907.79 0.0
1337617907.79 0.0
1337617907.8 0.0
1337617907.81 0.0
1337617907.81 0.0
1337617907.81 0.0
1337617907.82 0.0
1337617907.82 0.0
1337617907.83 0.0
1337617907.83 0.0
1337617907.84 0.0
1337617907.84 0.0
1337617907.85 0.0
1337617907.85 0.0
1337617907.86 0.0
1337617907.86 0.0
1337617907.87 0.0
1337617907.88 0.0
1337617907.88 0.0
1337617907.88 0.0
1337617907.89 0.0
1337617907.89 0.0
1337617907.9 0.0
1337617907.9 0.0
1337617907.91 0.0
1337617907.91 0.0
1337617907.92 0.0
1337617907.92 0.0
1337617907.93 0.0
1337617907.93 0.0
1337617907.94 0.0
1337617907.94 0.0
1337617907.95 0.0
1337617907.95 0.0
1337617907.96 0.0
1337617907.96 0.0
1337617907.97 0.0
1337617907.97 0.0
1337617907.98 0.0
1337617907.98 0.0
1337617907.99 0.0
1337617907.99 0.0
1337617908.0 0.0
1337617908.0 0.0
1337617908.01 0.0
1337617908.01 0.0
1337617908.02 0.0
1337617908.02 0.0
1337617908.03 0.0
1337617908.03 0.0
1337617908.05 0.0
1337617908.05 0.0
1337617908.05 0.0
1337617908.05 0.0
1337617908.06 0.0
1337617908.06 0.0
1337617908.07 0.0
1337617908.07 0.0
1337617908.08 0.0
1337617908.08 0.0
1337617908.09 0.0
1337617908.09 0.0
1337617908.1 0.0
1337617908.1 0.0
1337617908.11 0.0
1337617908.11 0.0
1337617908.12 0.0
1337617908.13 0.0
1337617908.13 0.0
1337617908.13 0.0
1337617908.14 0.0
1337617908.14 0.0
1337617908.15 0.0
1337617908.15 0.0
1337617908.16 0.0
1337617908.17 0.0
1337617908.17 0.0
1337617908.17 0.0
1337617908.18 0.0
1337617908.18 0.0
1337617908.19 0.0
1337617908.19 0.0
1337617908.2 0.0
1337617908.21 0.0
1337617908.21 0.0
1337617908.21 0.0
1337617908.22 0.0
1337617908.22 0.0
1337617908.23 0.0
1337617908.23 0.0
1337617908.24 0.0
1337617908.24 0.0
1337617908.25 0.0
1337617908.25 0.0
1337617908.26 0.0
1337617908.26 0.0
1337617908.27 0.0
1337617908.27 0.0
1337617908.28 0.0
1337617908.28 0.0
1337617908.29 0.0
1337617908.29 0.0
1337617908.3 0.0
1337617908.3 0.0
1337617908.31 0.0
1337617908.31 0.0
1337617908.32 0.0
1337617908.32 0.0
1337617908.33 0.0
1337617908.33 0.0
1337617908.34 0.0
1337617908.35 0.0
1337617908.35 0.0
1337617908.36 0.0
1337617908.37 0.0
1337617908.37 0.0
1337617908.38 0.0
1337617908.38 0.0
1337617908.38 0.0
1337617908.38 0.0
1337617908.39 0.0
1337617908.39 0.0
1337617908.4 0.0
1337617908.4 0.0
1337617908.41 0.0
1337617908.41 0.0
1337617908.42 0.0
1337617908.42 0.0
1337617908.43 0.0
1337617908.43 0.0
1337617908.45 0.0
1337617908.45 0.0
1337617908.46 0.0
1337617908.46 0.0
1337617908.46 0.0
1337617908.46 0.0
1337617908.47 0.0
1337617908.47 0.0
1337617908.48 0.0
1337617908.48 0.0
1337617908.49 0.0
1337617908.5 0.0
1337617908.5 0.0
1337617908.5 0.0
1337617908.51 0.0
1337617908.52 0.0
1337617908.52 0.0
1337617908.52 0.0
1337617908.53 0.0
1337617908.53 0.0
1337617908.54 0.0
1337617908.54 0.0
1337617908.55 0.0
1337617908.55 0.0
1337617908.56 0.0
1337617908.57 0.0
1337617908.57 0.0
1337617908.57 0.0
1337617908.58 0.0
1337617908.58 0.0
1337617908.59 0.0
1337617908.59 0.0
1337617908.6 0.0
1337617908.6 0.0
1337617908.61 0.0
1337617908.61 0.0
1337617908.62 0.0
1337617908.63 0.0
1337617908.64 0.0
1337617908.64 0.0
1337617908.64 0.0
1337617908.64 0.0
1337617908.65 0.0
1337617908.65 0.0
1337617908.66 0.0
1337617908.66 0.0
1337617908.66 0.0
1337617908.67 0.0
1337617908.67 0.0
1337617908.68 0.0
1337617908.68 0.0
1337617908.7 0.0
1337617908.7 0.0
1337617908.7 0.0
1337617908.71 0.0
1337617908.71 0.0
1337617908.72 0.0
1337617908.72 0.0
1337617908.73 0.0
1337617908.73 0.0
1337617908.74 0.0
1337617908.74 0.0
1337617908.75 0.0
1337617908.75 0.0
1337617908.75 0.0
1337617908.76 0.0
1337617908.76 0.0
1337617908.77 0.0
1337617908.77 0.0
1337617908.78 0.0
1337617908.79 0.0
1337617908.79 0.0
1337617908.79 0.0
1337617908.8 0.0
1337617908.8 0.0
1337617908.81 0.0
1337617908.82 0.0
1337617908.82 0.0
1337617908.83 0.0
1337617908.83 0.0
1337617908.83 0.0
1337617908.84 0.0
1337617908.84 0.0
1337617908.85 0.0
1337617908.85 0.0
1337617908.86 0.0
1337617908.86 0.0
1337617908.87 0.0
1337617908.87 0.0
1337617908.88 0.0
1337617908.89 0.0
1337617908.89 0.0
1337617908.9 0.0
1337617908.9 0.0
1337617908.9 0.0
1337617908.91 0.0
1337617908.91 0.0
1337617908.92 0.0
1337617908.92 0.0
1337617908.93 0.0
1337617908.94 0.0
1337617908.94 0.0
1337617908.95 0.0
1337617908.95 0.0
1337617908.96 0.0
1337617908.96 0.0
1337617908.96 0.0
1337617908.97 0.0
1337617908.97 0.0
1337617908.98 0.0
1337617908.99 0.0
1337617908.99 0.0
1337617909.0 0.0
1337617909.0 0.0
1337617909.0 0.0
1337617909.01 0.0
1337617909.01 0.0
1337617909.02 0.0
1337617909.02 0.0
1337617909.03 0.0
1337617909.04 0.0
1337617909.04 0.0
1337617909.04 0.0
1337617909.05 0.0
1337617909.05 0.0
1337617909.06 0.0
1337617909.06 0.0
1337617909.07 0.0
1337617909.07 0.0
1337617909.08 0.0
1337617909.1 0.0
1337617909.1 0.0
1337617909.1 0.0
1337617909.1 0.0
1337617909.1 0.0
1337617909.11 0.0
1337617909.11 0.0
1337617909.12 0.0
1337617909.12 0.0
1337617909.13 0.0
1337617909.13 0.0
1337617909.14 0.0
1337617909.14 0.0
1337617909.16 0.0
1337617909.16 0.0
1337617909.16 0.0
1337617909.16 0.0
1337617909.17 0.0
1337617909.17 0.0
1337617909.18 0.0
1337617909.18 0.0
1337617909.19 0.0
1337617909.19 0.0
1337617909.21 0.0
1337617909.21 0.0
1337617909.21 0.0
1337617909.21 0.0
1337617909.22 0.0
1337617909.22 0.0
1337617909.23 0.0
1337617909.23 0.0
1337617909.24 0.0
1337617909.24 0.0
1337617909.25 0.0
1337617909.25 0.0
1337617909.26 0.0
1337617909.26 0.0
1337617909.28 0.0
1337617909.28 0.0
1337617909.28 0.0
1337617909.28 0.0
1337617909.29 0.0
1337617909.29 0.0
1337617909.3 0.0
1337617909.3 0.0
1337617909.31 0.0
1337617909.31 0.0
1337617909.32 0.0
1337617909.32 0.0
1337617909.33 0.0
1337617909.33 0.0
1337617909.35 0.0
1337617909.35 0.0
1337617909.35 0.0
1337617909.35 0.0
1337617909.36 0.0
1337617909.36 0.0
1337617909.37 0.0
1337617909.37 0.0
1337617909.38 0.0
1337617909.38 0.0
1337617909.39 0.0
1337617909.39 0.0
1337617909.4 0.0
1337617909.41 0.0
1337617909.41 0.0
1337617909.41 0.0
1337617909.42 0.0
1337617909.42 0.0
1337617909.43 0.0
1337617909.43 0.0
1337617909.44 0.0
1337617909.45 0.0
1337617909.45 0.0
1337617909.46 0.0
1337617909.46 0.0
1337617909.47 0.0
1337617909.48 0.0
1337617909.49 0.0
1337617909.5 0.0
1337617909.5 0.0
1337617909.5 0.0
1337617909.5 0.0
1337617909.5 0.0
1337617909.51 0.0
1337617909.51 0.0
1337617909.56 0.0
1337617909.57 0.0
1337617909.6 0.0
1337617909.6 0.0
1337617909.61 0.0
1337617909.66 0.0
1337617909.66 0.0
1337617909.67 0.0
1337617909.67 0.0
1337617909.67 0.0
1337617909.67 0.0
1337617909.67 0.0
1337617909.67 0.0
1337617909.68 0.0
1337617909.68 0.0
1337617909.71 0.0
1337617909.71 0.0
1337617909.71 0.0
1337617909.72 0.0
1337617909.72 0.0
1337617909.73 0.0
1337617909.73 0.0
1337617909.73 0.0
1337617909.73 0.0
1337617909.73 0.0
1337617909.76 0.0
1337617909.77 0.0
1337617909.77 0.0
1337617909.77 0.0
1337617909.78 0.0
1337617909.78 0.0
1337617909.78 0.0
1337617909.78 0.0
1337617909.79 0.0
1337617909.79 0.0
1337617909.8 0.0
1337617909.8 0.0
1337617909.81 0.0
1337617909.81 0.0
1337617909.81 0.0
1337617909.85 0.0
1337617909.91 0.0
1337617909.91 0.0
1337617909.91 0.0
1337617909.92 0.0
1337617909.92 0.0
1337617909.94 0.0
1337617909.94 0.0
1337617909.94 0.0
1337617909.94 0.0
1337617909.94 0.0
1337617909.95 0.0
1337617909.95 0.0
1337617909.95 0.0
1337617909.95 0.0
1337617909.95 0.0
1337617909.95 0.0
1337617909.95 0.0
1337617909.95 0.0
1337617909.96 0.0
1337617909.96 0.0
1337617909.96 0.0
1337617909.96 0.0
1337617909.96 0.0
1337617909.96 0.0
1337617909.96 0.0
1337617909.96 0.0
1337617909.96 0.0
1337617909.96 0.0
1337617909.97 0.0
1337617909.97 0.0
1337617909.97 0.0
1337617909.97 0.0
1337617909.97 0.0
1337617909.97 0.0
1337617909.97 0.0
1337617909.97 0.0
1337617909.97 0.0
1337617909.97 0.0
1337617909.98 0.0
1337617909.98 0.0
1337617909.98 0.0
1337617909.98 0.0
1337617909.98 0.0
1337617909.98 0.0
1337617909.98 0.0
1337617909.98 0.0
1337617909.98 0.0
1337617909.98 0.0
1337617909.98 0.0
1337617909.99 0.0
1337617909.99 0.0
1337617909.99 0.0
1337617909.99 0.0
1337617909.99 0.0
1337617909.99 0.0
1337617909.99 0.0
1337617910.02 0.0
1337617910.03 0.0
1337617910.03 0.0
1337617910.03 0.0
1337617910.03 0.0
1337617910.03 0.0
1337617910.03 0.0
1337617910.03 0.0
1337617910.03 0.0
1337617910.04 0.0
1337617910.04 0.0
1337617910.05 0.0
1337617910.06 0.0
1337617910.06 0.0
1337617910.07 0.0
1337617910.07 0.0
1337617910.08 0.0
1337617910.09 0.0
1337617910.09 0.0
1337617910.09 0.0
1337617910.1 0.0
1337617910.1 0.0
1337617910.11 0.0
1337617910.11 0.0
1337617910.12 0.0
1337617910.12 0.0
1337617910.13 0.0
1337617910.14 0.0
1337617910.14 0.0
1337617910.15 0.0
1337617910.15 0.0
1337617910.15 0.0
1337617910.16 0.0
1337617910.16 0.0
1337617910.17 0.0
1337617910.17 0.0
1337617910.18 0.0
1337617910.18 0.0
1337617910.19 0.0
1337617910.19 0.0
1337617910.19 0.0
1337617910.2 0.0
1337617910.2 0.0
1337617910.21 0.0
1337617910.22 0.0
1337617910.22 0.0
1337617910.22 0.0
1337617910.23 0.0
1337617910.24 0.0
1337617910.24 0.0
1337617910.24 0.0
1337617910.25 0.0
1337617910.25 0.0
1337617910.26 0.0
1337617910.26 0.0
1337617910.27 0.0
1337617910.28 0.0
1337617910.29 0.0
1337617910.29 0.0
1337617910.29 0.0
1337617910.3 0.0
1337617910.3 0.0
1337617910.3 0.0
1337617910.31 0.0
1337617910.32 0.0
1337617910.32 0.0
1337617910.32 0.0
1337617910.33 0.0
1337617910.33 0.0
1337617910.34 0.0
1337617910.34 0.0
1337617910.35 0.0
1337617910.36 0.0
1337617910.36 0.0
1337617910.37 0.0
1337617910.37 0.0
1337617910.38 0.0
1337617910.38 0.0
1337617910.39 0.0
1337617910.39 0.0
1337617910.39 0.0
1337617910.4 0.0
1337617910.4 0.0
1337617910.41 0.0
1337617910.41 0.0
1337617910.42 0.0
1337617910.42 0.0
1337617910.43 0.0
1337617910.43 0.0
1337617910.44 0.0
1337617910.44 0.0
1337617910.46 0.0
1337617910.46 0.0
1337617910.46 0.0
1337617910.46 0.0
1337617910.47 0.0
1337617910.47 0.0
1337617910.48 0.0
1337617910.48 0.0
1337617910.49 0.0
1337617910.5 0.0
1337617910.5 0.0
1337617910.5 0.0
1337617910.51 0.0
1337617910.51 0.0
1337617910.52 0.0
1337617910.52 0.0
1337617910.53 0.0
1337617910.54 0.0
1337617910.54 0.0
1337617910.55 0.0
1337617910.55 0.0
1337617910.55 0.0
1337617910.56 0.0
1337617910.56 0.0
1337617910.57 0.0
1337617910.57 0.0
1337617910.58 0.0
1337617910.58 0.0
1337617910.59 0.0
1337617910.59 0.0
1337617910.6 0.0
1337617910.6 0.0
1337617910.61 0.0
1337617910.61 0.0
1337617910.63 0.0
1337617910.63 0.0
1337617910.63 0.0
1337617910.63 0.0
1337617910.64 0.0
1337617910.64 0.0
1337617910.65 0.0
1337617910.65 0.0
1337617910.66 0.0
1337617910.66 0.0
1337617910.67 0.0
1337617910.67 0.0
1337617910.68 0.0
1337617910.68 0.0
1337617910.69 0.0
1337617910.69 0.0
1337617910.71 0.0
1337617910.71 0.0
1337617910.71 0.0
1337617910.71 0.0
1337617910.72 0.0
1337617910.73 0.0
1337617910.73 0.0
1337617910.73 0.0
1337617910.74 0.0
1337617910.74 0.0
1337617910.75 0.0
1337617910.75 0.0
1337617910.76 0.0
1337617910.76 0.0
1337617910.77 0.0
1337617910.77 0.0
1337617910.78 0.0
1337617910.79 0.0
1337617910.79 0.0
1337617910.8 0.0
1337617910.8 0.0
1337617910.8 0.0
1337617910.81 0.0
1337617910.81 0.0
1337617910.82 0.0
1337617910.82 0.0
1337617910.83 0.0
1337617910.83 0.0
1337617910.84 0.0
1337617910.84 0.0
1337617910.85 0.0
1337617910.85 0.0
1337617910.86 0.0
1337617910.86 0.0
1337617910.87 0.0
1337617910.87 0.0
1337617910.88 0.0
1337617910.89 0.0
1337617910.89 0.0
1337617910.89 0.0
1337617910.9 0.0
1337617910.9 0.0
1337617910.91 0.0
1337617910.91 0.0
1337617910.92 0.0
1337617910.92 0.0
1337617910.93 0.0
1337617910.93 0.0
1337617910.94 0.0
1337617910.95 0.0
1337617910.95 0.0
1337617910.95 0.0
1337617910.96 0.0
1337617910.96 0.0
1337617910.97 0.0
1337617910.97 0.0
1337617910.98 0.0
1337617910.99 0.0
1337617911.0 0.0
1337617911.0 0.0
1337617911.0 0.0
1337617911.0 0.0
1337617911.01 0.0
1337617911.01 0.0
1337617911.02 0.0
1337617911.02 0.0
1337617911.03 0.0
1337617911.03 0.0
1337617911.04 0.0
1337617911.04 0.0
1337617911.05 0.0
1337617911.05 0.0
1337617911.06 0.0
1337617911.06 0.0
1337617911.07 0.0
1337617911.07 0.0
1337617911.08 0.0
1337617911.09 0.0
1337617911.09 0.0
1337617911.09 0.0
1337617911.1 0.0
1337617911.1 0.0
1337617911.11 0.0
1337617911.11 0.0
1337617911.12 0.0
1337617911.12 0.0
1337617911.13 0.0
1337617911.13 0.0
1337617911.14 0.0
1337617911.14 0.0
1337617911.15 0.0
1337617911.15 0.0
1337617911.16 0.0
1337617911.16 0.0
1337617911.18 0.0
1337617911.18 0.0
1337617911.18 0.0
1337617911.18 0.0
1337617911.19 0.0
1337617911.19 0.0
1337617911.2 0.0
1337617911.2 0.0
1337617911.21 0.0
1337617911.21 0.0
1337617911.22 0.0
1337617911.22 0.0
1337617911.23 0.0
1337617911.23 0.0
1337617911.24 0.0
1337617911.24 0.0
1337617911.25 0.0
1337617911.25 0.0
1337617911.26 0.0
1337617911.27 0.0
1337617911.27 0.0
1337617911.27 0.0
1337617911.28 0.0
1337617911.28 0.0
1337617911.29 0.0
1337617911.29 0.0
1337617911.3 0.0
1337617911.3 0.0
1337617911.31 0.0
1337617911.31 0.0
1337617911.32 0.0
1337617911.32 0.0
1337617911.33 0.0
1337617911.33 0.0
1337617911.34 0.0
1337617911.34 0.0
1337617911.36 0.0
1337617911.36 0.0
1337617911.36 0.0
1337617911.36 0.0
1337617911.37 0.0
1337617911.37 0.0
1337617911.38 0.0
1337617911.38 0.0
1337617911.39 0.0
1337617911.39 0.0
1337617911.4 0.0
1337617911.4 0.0
1337617911.41 0.0
1337617911.41 0.0
1337617911.42 0.0
1337617911.42 0.0
1337617911.43 0.0
1337617911.44 0.0
1337617911.44 0.0
1337617911.45 0.0
1337617911.45 0.0
1337617911.45 0.0
1337617911.46 0.0
1337617911.46 0.0
1337617911.47 0.0
1337617911.47 0.0
1337617911.48 0.0
1337617911.48 0.0
1337617911.49 0.0
1337617911.49 0.0
1337617911.5 0.0
1337617911.5 0.0
1337617911.51 0.0
1337617911.51 0.0
1337617911.52 0.0
1337617911.52 0.0
1337617911.53 0.0
1337617911.54 0.0
1337617911.54 0.0
1337617911.54 0.0
1337617911.54 0.0
1337617911.55 0.0
1337617911.56 0.0
1337617911.56 0.0
1337617911.57 0.0
1337617911.57 0.0
1337617911.58 0.0
1337617911.58 0.0
1337617911.59 0.0
1337617911.59 0.0
1337617911.6 0.0
1337617911.6 0.0
1337617911.6 0.0
1337617911.61 0.0
1337617911.62 0.0
1337617911.62 0.0
1337617911.63 0.0
1337617911.63 0.0
1337617911.64 0.0
1337617911.64 0.0
1337617911.65 0.0
1337617911.65 0.0
1337617911.66 0.0
1337617911.66 0.0
1337617911.67 0.0
1337617911.67 0.0
1337617911.67 0.0
1337617911.68 0.0
1337617911.69 0.0
1337617911.69 0.0
1337617911.7 0.0
1337617911.7 0.0
1337617911.71 0.0
1337617911.72 0.0
1337617911.72 0.0
1337617911.72 0.0
1337617911.73 0.0
1337617911.73 0.0
1337617911.74 0.0
1337617911.74 0.0
1337617911.75 0.0
1337617911.75 0.0
1337617911.76 0.0
1337617911.76 0.0
1337617911.76 0.0
1337617911.77 0.0
1337617911.77 0.0
1337617911.78 0.0
1337617911.78 0.0
1337617911.79 0.0
1337617911.8 0.0
1337617911.8 0.0
1337617911.8 0.0
1337617911.81 0.0
1337617911.81 0.0
1337617911.82 0.0
1337617911.82 0.0
1337617911.83 0.0
1337617911.83 0.0
1337617911.84 0.0
1337617911.84 0.0
1337617911.85 0.0
1337617911.85 0.0
1337617911.86 0.0
1337617911.86 0.0
1337617911.87 0.0
1337617911.87 0.0
1337617911.89 0.0
1337617911.89 0.0
1337617911.89 0.0
1337617911.9 0.0
1337617911.9 0.0
1337617911.9 0.0
1337617911.91 0.0
1337617911.91 0.0
1337617911.92 0.0
1337617911.92 0.0
1337617911.93 0.0
1337617911.93 0.0
1337617911.94 0.0
1337617911.96 0.0
1337617911.96 0.0
1337617911.96 0.0
1337617911.96 0.0
1337617911.97 0.0
1337617911.97 0.0
1337617911.98 0.0
1337617911.98 0.0
1337617911.98 0.0
1337617911.99 0.0
1337617912.0 0.0
1337617912.01 0.0
1337617912.01 0.0
1337617912.01 0.0
1337617912.02 0.0
1337617912.02 0.0
1337617912.02 0.0
1337617912.03 0.0
1337617912.03 0.0
1337617912.04 0.0
1337617912.05 0.0
1337617912.05 0.0
1337617912.06 0.0
1337617912.06 0.0
1337617912.06 0.0
1337617912.07 0.0
1337617912.07 0.0
1337617912.08 0.0
1337617912.08 0.0
1337617912.09 0.0
1337617912.1 0.0
1337617912.1 0.0
1337617912.11 0.0
1337617912.11 0.0
1337617912.12 0.0
1337617912.12 0.0
1337617912.12 0.0
1337617912.13 0.0
1337617912.13 0.0
1337617912.14 0.0
1337617912.15 0.0
1337617912.16 0.0
1337617912.16 0.0
1337617912.16 0.0
1337617912.16 0.0
1337617912.17 0.0
1337617912.17 0.0
1337617912.18 0.0
1337617912.18 0.0
1337617912.19 0.0
1337617912.2 0.0
1337617912.2 0.0
1337617912.21 0.0
1337617912.21 0.0
1337617912.22 0.0
1337617912.22 0.0
1337617912.23 0.0
1337617912.23 0.0
1337617912.23 0.0
1337617912.24 0.0
1337617912.25 0.0
1337617912.25 0.0
1337617912.26 0.0
1337617912.26 0.0
1337617912.26 0.0
1337617912.27 0.0
1337617912.27 0.0
1337617912.28 0.0
1337617912.28 0.0
1337617912.29 0.0
1337617912.31 0.0
1337617912.31 0.0
1337617912.31 0.0
1337617912.31 0.0
1337617912.31 0.0
1337617912.32 0.0
1337617912.32 0.0
1337617912.33 0.0
1337617912.33 0.0
1337617912.34 0.0
1337617912.35 0.0
1337617912.36 0.0
1337617912.36 0.0
1337617912.36 0.0
1337617912.36 0.0
1337617912.37 0.0
1337617912.37 0.0
1337617912.38 0.0
1337617912.38 0.0
1337617912.39 0.0
1337617912.4 0.0
1337617912.4 0.0
1337617912.41 0.0
1337617912.41 0.0
1337617912.41 0.0
1337617912.42 0.0
1337617912.42 0.0
1337617912.43 0.0
1337617912.43 0.0
1337617912.44 0.0
1337617912.44 0.0
1337617912.45 0.0
1337617912.46 0.0
1337617912.47 0.0
1337617912.47 0.0
1337617912.47 0.0
1337617912.47 0.0
1337617912.48 0.0
1337617912.48 0.0
1337617912.49 0.0
1337617912.49 0.0
1337617912.5 0.0
1337617912.5 0.0
1337617912.51 0.0
1337617912.52 0.0
1337617912.52 0.0
1337617912.52 0.0
1337617912.53 0.0
1337617912.53 0.0
1337617912.54 0.0
1337617912.54 0.0
1337617912.55 0.0
1337617912.55 0.0
1337617912.57 0.0
1337617912.57 0.0
1337617912.57 0.0
1337617912.57 0.0
1337617912.58 0.0
1337617912.58 0.0
1337617912.59 0.0
1337617912.6 0.0
1337617912.6 0.0
1337617912.61 0.0
1337617912.61 0.0
1337617912.61 0.0
1337617912.62 0.0
1337617912.62 0.0
1337617912.63 0.0
1337617912.64 0.0
1337617912.64 0.0
1337617912.65 0.0
1337617912.65 0.0
1337617912.65 0.0
1337617912.66 0.0
1337617912.66 0.0
1337617912.67 0.0
1337617912.67 0.0
1337617912.68 0.0
1337617912.68 0.0
1337617912.69 0.0
1337617912.71 0.0
1337617912.71 0.0
1337617912.71 0.0
1337617912.71 0.0
1337617912.71 0.0
1337617912.72 0.0
1337617912.72 0.0
1337617912.73 0.0
1337617912.73 0.0
1337617912.74 0.0
1337617912.74 0.0
1337617912.81 0.0
1337617912.81 0.0
1337617912.81 0.0
1337617912.85 0.0
1337617912.86 0.0
1337617912.96 0.0
1337617913.11 0.0
1337617913.11 0.0
1337617913.15 0.0
1337617913.19 0.0
1337617913.19 0.0
1337617913.38 0.0
1337617913.38 0.0
1337617913.38 0.0
1337617913.39 0.0
1337617913.39 0.0
1337617913.39 0.0
1337617913.39 0.0
1337617913.39 0.0
1337617913.39 0.0
1337617913.39 0.0
1337617913.39 0.0
1337617913.4 0.0
1337617913.4 0.0
1337617913.4 0.0
1337617913.4 0.0
1337617913.4 0.0
1337617913.4 0.0
1337617913.4 0.0
1337617913.4 0.0
1337617913.4 0.0
1337617913.4 0.0
1337617913.41 0.0
1337617913.41 0.0
1337617913.41 0.0
1337617913.41 0.0
1337617913.41 0.0
1337617913.41 0.0
1337617913.41 0.0
1337617913.41 0.0
1337617913.41 0.0
1337617913.41 0.0
1337617913.41 0.0
1337617913.41 0.0
1337617913.41 0.0
1337617913.41 0.0
1337617913.41 0.0
1337617913.41 0.0
1337617913.41 0.0
1337617913.41 0.0
1337617913.41 0.0
1337617913.41 0.0
1337617913.42 0.0
1337617913.43 0.0
1337617913.43 0.0
1337617913.43 0.0
1337617913.43 0.0
1337617913.44 0.0
1337617913.44 0.0
1337617913.44 0.0
1337617913.44 0.0
1337617913.44 0.0
1337617913.44 0.0
1337617913.44 0.0
1337617913.44 0.0
1337617913.44 0.0
1337617913.46 0.0
1337617913.46 0.0
1337617913.47 0.0
1337617913.47 0.0
1337617913.47 0.0
1337617913.47 0.0
1337617913.47 0.0
1337617913.47 0.0
1337617913.47 0.0
1337617913.47 0.0
1337617913.48 0.0
1337617913.48 0.0
1337617913.48 0.0
1337617913.48 0.0
1337617913.48 0.0
1337617913.48 0.0
1337617913.48 0.0
1337617913.49 0.0
1337617913.51 0.0
1337617913.51 0.0
1337617913.51 0.0
1337617913.51 0.0
1337617913.51 0.0
1337617913.51 0.0
1337617913.51 0.0
1337617913.51 0.0
1337617913.51 0.0
1337617913.52 0.0
1337617913.52 0.0
1337617913.52 0.0
1337617913.52 0.0
1337617913.52 0.0
1337617913.52 0.0
1337617913.53 0.0
1337617913.53 0.0
1337617913.53 0.0
1337617913.53 0.0
1337617913.53 0.0
1337617913.53 0.0
1337617913.53 0.0
1337617913.54 0.0
1337617913.54 0.0
1337617913.54 0.0
1337617913.54 0.0
1337617913.54 0.0
1337617913.54 0.0
1337617913.54 0.0
1337617913.54 0.0
1337617913.55 0.0
1337617913.55 0.0
1337617913.56 0.0
1337617913.57 0.0
1337617913.59 0.0
1337617913.59 0.0
1337617913.59 0.0
1337617913.59 0.0
1337617913.59 0.0
1337617913.6 0.0
1337617913.6 0.0
1337617913.6 0.0
1337617913.62 0.0
1337617913.62 0.0
1337617913.63 0.0
1337617913.63 0.0
1337617913.64 0.0
1337617913.64 0.0
1337617913.64 0.0
1337617913.64 0.0
1337617913.65 0.0
1337617913.66 0.0
1337617913.67 0.0
1337617913.67 0.0
1337617913.68 0.0
1337617913.68 0.0
1337617913.68 0.0
1337617913.69 0.0
1337617913.7 0.0
1337617913.72 0.0
1337617913.72 0.0
1337617913.72 0.0
1337617913.73 0.0
1337617913.73 0.0
1337617913.73 0.0
1337617913.73 0.0
1337617913.73 0.0
1337617913.74 0.0
1337617913.74 0.0
1337617913.75 0.0
1337617913.76 0.0
1337617913.76 0.0
1337617913.77 0.0
1337617913.77 0.0
1337617913.77 0.0
1337617913.78 0.0
1337617913.78 0.0
1337617913.79 0.0
1337617913.8 0.0
1337617913.8 0.0
1337617913.81 0.0
1337617913.81 0.0
1337617913.82 0.0
1337617913.82 0.0
1337617913.82 0.0
1337617913.83 0.0
1337617913.83 0.0
1337617913.85 0.0
1337617913.85 0.0
1337617913.86 0.0
1337617913.86 0.0
1337617913.86 0.0
1337617913.86 0.0
1337617913.87 0.0
1337617913.88 0.0
1337617913.88 0.0
1337617913.88 0.0
1337617913.89 0.0
1337617913.89 0.0
1337617913.9 0.0
1337617913.9 0.0
1337617913.91 0.0
1337617913.91 0.0
1337617913.92 0.0
1337617913.92 0.0
1337617913.93 0.0
1337617913.93 0.0
1337617913.95 0.0
1337617913.95 0.0
1337617913.95 0.0
1337617913.96 0.0
1337617913.96 0.0
1337617913.96 0.0
1337617913.97 0.0
1337617913.97 0.0
1337617913.98 0.0
1337617913.98 0.0
1337617913.99 0.0
1337617914.0 0.0
1337617914.0 0.0
1337617914.0 0.0
1337617914.01 0.0
1337617914.01 0.0
1337617914.02 0.0
1337617914.02 0.0
1337617914.03 0.0
1337617914.03 0.0
1337617914.05 0.0
1337617914.05 0.0
1337617914.05 0.0
1337617914.05 0.0
1337617914.06 0.0
1337617914.06 0.0
1337617914.07 0.0
1337617914.07 0.0
1337617914.08 0.0
1337617914.08 0.0
1337617914.1 0.0
1337617914.1 0.0
1337617914.1 0.0
1337617914.1 0.0
1337617914.11 0.0
1337617914.11 0.0
1337617914.12 0.0
1337617914.12 0.0
1337617914.13 0.0
1337617914.13 0.0
1337617914.14 0.0
1337617914.14 0.0
1337617914.15 0.0
1337617914.16 0.0
1337617914.16 0.0
1337617914.16 0.0
1337617914.17 0.0
1337617914.18 0.0
1337617914.18 0.0
1337617914.18 0.0
1337617914.19 0.0
1337617914.19 0.0
1337617914.2 0.0
1337617914.2 0.0
1337617914.21 0.0
1337617914.21 0.0
1337617914.23 0.0
1337617914.23 0.0
1337617914.23 0.0
1337617914.23 0.0
1337617914.24 0.0
1337617914.24 0.0
1337617914.25 0.0
1337617914.25 0.0
1337617914.26 0.0
1337617914.26 0.0
1337617914.27 0.0
1337617914.27 0.0
1337617914.28 0.0
1337617914.28 0.0
1337617914.29 0.0
1337617914.29 0.0
1337617914.3 0.0
1337617914.31 0.0
1337617914.31 0.0
1337617914.31 0.0
1337617914.32 0.0
1337617914.32 0.0
1337617914.33 0.0
1337617914.33 0.0
1337617914.34 0.0
1337617914.34 0.0
1337617914.35 0.0
1337617914.35 0.0
1337617914.36 0.0
1337617914.36 0.0
1337617914.37 0.0
1337617914.38 0.0
1337617914.38 0.0
1337617914.39 0.0
1337617914.39 0.0
1337617914.39 0.0
1337617914.4 0.0
1337617914.4 0.0
1337617914.41 0.0
1337617914.42 0.0
1337617914.42 0.0
1337617914.43 0.0
1337617914.43 0.0
1337617914.43 0.0
1337617914.44 0.0
1337617914.44 0.0
1337617914.45 0.0
1337617914.45 0.0
1337617914.46 0.0
1337617914.46 0.0
1337617914.47 0.0
1337617914.48 0.0
1337617914.48 0.0
1337617914.48 0.0
1337617914.49 0.0
1337617914.49 0.0
1337617914.5 0.0
1337617914.5 0.0
1337617914.51 0.0
1337617914.51 0.0
1337617914.52 0.0
1337617914.53 0.0
1337617914.53 0.0
1337617914.54 0.0
1337617914.54 0.0
1337617914.54 0.0
1337617914.55 0.0
1337617914.64 0.0
1337617915.07 0.0
1337617915.09 0.0
1337617915.1 0.0
1337617915.17 0.0
1337617915.17 0.0
1337617915.23 0.0
1337617915.23 0.0
1337617915.23 0.0
1337617915.24 0.0
1337617915.24 0.0
1337617915.24 0.0
1337617915.24 0.0
1337617915.24 0.0
1337617915.25 0.0
1337617915.25 0.0
1337617915.28 0.0
1337617915.28 0.0
1337617915.28 0.0
1337617915.29 0.0
