1337617900.84 -177.0
1337617900.85 -213.0
1337617900.85 -288.0
1337617900.86 -325.0
1337617900.86 -371.0
1337617900.87 -442.0
1337617900.87 -460.0
1337617900.88 -480.0
1337617900.88 -538.0
1337617900.89 -558.0
1337617900.89 -583.0
1337617900.9 -650.0
1337617900.9 -667.0
1337617900.92 -695.0
1337617900.92 -765.0
1337617900.92 -784.0
1337617900.92 -818.0
1337617900.93 -878.0
1337617900.93 -889.0
1337617900.94 -898.0
1337617900.94 -955.0
1337617900.95 -966.0
1337617900.95 -989.0
1337617900.96 -1043.0
1337617900.96 -1056.0
1337617900.97 -1092.0
1337617900.97 -1141.0
1337617900.98 -1163.0
1337617900.98 -1174.0
1337617900.99 -1229.0
1337617900.99 -1244.0
1337617901.0 -1256.0
1337617901.0 -1317.0
1337617901.02 -1327.0
1337617901.02 -1354.0
1337617901.02 -1408.0
1337617901.03 -1413.0
1337617901.03 -1438.0
1337617901.03 -1467.0
1337617901.04 -1466.0
1337617901.04 -1484.0
1337617901.05 -1512.0
1337617901.06 -1505.0
1337617901.06 -1508.0
1337617901.06 -1528.0
1337617901.07 -1528.0
1337617901.07 -1546.0
1337617901.08 -1563.0
1337617901.08 -1550.0
1337617901.09 -1553.0
1337617901.09 -1552.0
1337617901.1 -1545.0
1337617901.1 -1549.0
1337617901.12 -1549.0
1337617901.12 -1522.0
1337617901.12 -1501.0
1337617901.12 -1490.0
1337617901.13 -1470.0
1337617901.13 -1468.0
1337617901.14 -1455.0
1337617901.14 -1416.0
1337617901.14 -1390.0
1337617901.15 -1355.0
1337617901.15 -1311.0
1337617901.16 -1285.0
1337617901.17 -1247.0
1337617901.17 -1190.0
1337617901.18 -1149.0
1337617901.18 -1122.0
1337617901.19 -1059.0
1337617901.19 -1025.0
1337617901.2 -989.0
1337617901.2 -931.0
1337617901.21 -904.0
1337617901.22 -853.0
1337617901.22 -795.0
1337617901.22 -777.0
1337617901.23 -717.0
1337617901.23 -649.0
1337617901.23 -605.0
1337617901.24 -572.0
1337617901.24 -502.0
1337617901.25 -449.0
1337617901.26 -417.0
1337617901.26 -336.0
1337617901.27 -306.0
1337617901.27 -259.0
1337617901.27 -193.0
1337617901.28 -187.0
1337617901.28 -125.0
1337617901.29 -63.0
1337617901.29 -30.0
1337617901.3 19.0
1337617901.32 75.0
1337617901.32 119.0
1337617901.32 146.0
1337617901.32 226.0
1337617901.33 267.0
1337617901.33 300.0
1337617901.34 353.0
1337617901.34 368.0
1337617901.34 414.0
1337617901.35 473.0
1337617901.35 518.0
1337617901.36 570.0
1337617901.36 625.0
1337617901.37 663.0
1337617901.37 692.0
1337617901.38 777.0
1337617901.39 827.0
1337617901.39 865.0
1337617901.39 921.0
1337617901.4 950.0
1337617901.42 1002.0
1337617901.42 1047.0
1337617901.42 1087.0
1337617901.42 1129.0
1337617901.43 1175.0
1337617901.43 1222.0
1337617901.43 1242.0
1337617901.44 1289.0
1337617901.44 1317.0
1337617901.45 1343.0
1337617901.45 1390.0
1337617901.46 1428.0
1337617901.47 1457.0
1337617901.47 1477.0
1337617901.47 1520.0
1337617901.48 1559.0
1337617901.48 1596.0
1337617901.49 1644.0
1337617901.49 1660.0
1337617901.5 1689.0
1337617901.52 1721.0
1337617901.52 1735.0
1337617901.52 1773.0
1337617901.52 1807.0
1337617901.52 1830.0
1337617901.53 1833.0
1337617901.53 1865.0
1337617901.54 1876.0
1337617901.54 1881.0
1337617901.55 1903.0
1337617901.55 1893.0
1337617901.56 1899.0
1337617901.56 1908.0
1337617901.57 1897.0
1337617901.57 1907.0
1337617901.58 1906.0
1337617901.58 1914.0
1337617901.6 1908.0
1337617901.6 1908.0
1337617901.6 1910.0
1337617901.6 1892.0
1337617901.61 1886.0
1337617901.61 1866.0
1337617901.62 1850.0
1337617901.62 1833.0
1337617901.63 1833.0
1337617901.65 1822.0
1337617901.65 1790.0
1337617901.65 1794.0
1337617901.66 1763.0
1337617901.66 1748.0
1337617901.66 1755.0
1337617901.67 1721.0
1337617901.67 1688.0
1337617901.89 1672.0
1337617901.89 1642.0
1337617901.89 1608.0
1337617901.89 1609.0
1337617901.89 1587.0
1337617901.89 1541.0
1337617901.89 1539.0
1337617901.89 1502.0
1337617901.89 1448.0
1337617901.9 1460.0
1337617901.9 1416.0
1337617901.9 1365.0
1337617901.9 1385.0
1337617901.92 1351.0
1337617901.92 1303.0
1337617901.92 1310.0
1337617901.92 1277.0
1337617901.92 1225.0
1337617901.93 1224.0
1337617901.93 1197.0
1337617901.96 1141.0
1337617901.96 1146.0
1337617901.96 1092.0
1337617901.96 1039.0
1337617901.96 1058.0
1337617901.97 1034.0
1337617901.97 963.0
1337617901.97 964.0
1337617901.97 940.0
1337617901.98 864.0
1337617902.03 881.0
1337617902.03 857.0
1337617902.03 783.0
1337617902.03 788.0
1337617902.04 740.0
1337617902.04 672.0
1337617902.04 687.0
1337617902.05 643.0
1337617902.05 575.0
1337617902.05 576.0
1337617902.12 540.0
1337617902.12 453.0
1337617902.12 456.0
1337617902.12 428.0
1337617902.12 347.0
1337617902.13 346.0
1337617902.13 313.0
1337617902.13 240.0
1337617902.13 237.0
1337617902.13 205.0
1337617902.13 123.0
1337617902.14 119.0
1337617902.14 82.0
1337617902.14 2.0
1337617902.14 -2.0
1337617902.14 -38.0
1337617902.14 -138.0
1337617902.14 -163.0
1337617902.14 -192.0
1337617902.14 -278.0
1337617902.14 -309.0
1337617902.14 -348.0
1337617902.15 -462.0
1337617902.15 -496.0
1337617902.15 -535.0
1337617902.15 -634.0
1337617902.15 -660.0
1337617902.17 -718.0
1337617902.17 -839.0
1337617902.17 -881.0
1337617902.17 -927.0
1337617902.17 -1040.0
1337617902.17 -1099.0
1337617902.17 -1147.0
1337617902.17 -1255.0
1337617902.18 -1320.0
1337617902.18 -1368.0
1337617902.18 -1483.0
1337617902.18 -1542.0
1337617902.18 -1585.0
1337617902.18 -1696.0
1337617902.18 -1753.0
1337617902.18 -1797.0
1337617902.2 -1920.0
1337617902.2 -1972.0
1337617902.2 -2006.0
1337617902.2 -2111.0
1337617902.2 -2170.0
1337617902.2 -2223.0
1337617902.2 -2329.0
1337617902.2 -2397.0
1337617902.2 -2445.0
1337617902.2 -2538.0
1337617902.2 -2610.0
1337617902.21 -2663.0
1337617902.21 -2787.0
1337617902.21 -2857.0
1337617902.21 -2907.0
1337617902.21 -3016.0
1337617902.21 -3091.0
1337617902.21 -3157.0
1337617902.21 -3258.0
1337617902.22 -3341.0
1337617902.22 -3394.0
1337617902.22 -3478.0
1337617902.22 -3557.0
1337617902.22 -3606.0
1337617902.22 -3699.0
1337617902.22 -3766.0
1337617902.22 -3798.0
1337617902.22 -3884.0
1337617902.23 -3939.0
1337617902.23 -3984.0
1337617902.24 -4052.0
1337617902.24 -4088.0
1337617902.25 -4117.0
1337617902.25 -4146.0
1337617902.26 -4176.0
1337617902.26 -4185.0
1337617902.27 -4181.0
1337617902.27 -4178.0
1337617902.28 -4151.0
1337617902.28 -4141.0
1337617902.29 -4112.0
1337617902.29 -4062.0
1337617902.3 -4031.0
1337617902.3 -3990.0
1337617902.31 -3928.0
1337617902.31 -3884.0
1337617902.32 -3817.0
1337617902.33 -3735.0
1337617902.33 -3663.0
1337617902.34 -3573.0
1337617902.34 -3488.0
1337617902.34 -3393.0
1337617902.35 -3291.0
1337617902.35 -3179.0
1337617902.36 -3082.0
1337617902.36 -2992.0
1337617902.37 -2875.0
1337617902.37 -2791.0
1337617902.38 -2709.0
1337617902.38 -2593.0
1337617902.39 -2515.0
1337617902.39 -2434.0
1337617902.4 -2336.0
1337617902.42 -2261.0
1337617902.42 -2182.0
1337617902.42 -2091.0
1337617902.42 -2018.0
1337617902.42 -1957.0
1337617902.43 -1872.0
1337617902.43 -1790.0
1337617902.44 -1725.0
1337617902.44 -1603.0
1337617902.45 -1543.0
1337617902.45 -1476.0
1337617902.46 -1355.0
1337617902.46 -1290.0
1337617902.47 -1225.0
1337617902.47 -1123.0
1337617902.48 -1043.0
1337617902.48 -994.0
1337617902.49 -898.0
1337617902.49 -827.0
1337617902.5 -778.0
1337617902.51 -667.0
1337617902.51 -603.0
1337617902.52 -561.0
1337617902.52 -441.0
1337617902.52 -388.0
1337617902.53 -342.0
1337617902.53 -231.0
1337617902.54 -173.0
1337617902.54 -146.0
1337617902.54 -37.0
1337617902.55 45.0
1337617902.55 83.0
1337617902.56 190.0
1337617902.56 269.0
1337617902.57 310.0
1337617902.57 412.0
1337617902.58 475.0
1337617902.59 510.0
1337617902.59 600.0
1337617902.6 656.0
1337617902.6 670.0
1337617902.61 766.0
1337617902.61 839.0
1337617902.62 831.0
1337617902.62 917.0
1337617902.63 971.0
1337617902.63 985.0
1337617902.65 1054.0
1337617902.65 1104.0
1337617902.65 1117.0
1337617902.65 1186.0
1337617902.66 1238.0
1337617902.66 1244.0
1337617902.67 1323.0
1337617902.67 1373.0
1337617902.68 1360.0
1337617902.68 1436.0
1337617902.69 1483.0
1337617902.69 1476.0
1337617902.69 1539.0
1337617902.7 1580.0
1337617902.71 1580.0
1337617902.71 1626.0
1337617902.72 1664.0
1337617902.72 1658.0
1337617902.73 1722.0
1337617902.73 1756.0
1337617902.75 1729.0
1337617902.75 1794.0
1337617902.75 1814.0
1337617902.75 1790.0
1337617902.76 1846.0
1337617902.76 1857.0
1337617902.76 1837.0
1337617902.77 1865.0
1337617902.77 1862.0
1337617902.78 1839.0
1337617902.79 1871.0
1337617902.79 1884.0
1337617902.8 1852.0
1337617902.8 1890.0
1337617902.8 1896.0
1337617902.81 1858.0
1337617902.81 1909.0
1337617902.82 1906.0
1337617902.82 1871.0
1337617902.83 1901.0
1337617902.85 1885.0
1337617902.85 1859.0
1337617902.85 1881.0
1337617902.85 1873.0
1337617902.86 1848.0
1337617902.86 1874.0
1337617902.86 1872.0
1337617902.87 1836.0
1337617902.87 1871.0
1337617902.88 1866.0
1337617902.88 1834.0
1337617902.89 1858.0
1337617902.89 1837.0
1337617902.9 1808.0
1337617902.9 1831.0
1337617902.91 1827.0
1337617902.91 1807.0
1337617902.92 1831.0
1337617902.92 1826.0
1337617902.93 1794.0
1337617902.95 1814.0
1337617902.95 1799.0
1337617902.95 1768.0
1337617902.95 1787.0
1337617902.96 1768.0
1337617902.96 1739.0
1337617902.96 1742.0
1337617902.97 1722.0
1337617902.97 1703.0
1337617902.98 1714.0
1337617902.98 1711.0
1337617902.99 1679.0
1337617902.99 1689.0
1337617903.0 1684.0
1337617903.01 1661.0
1337617903.01 1670.0
1337617903.01 1661.0
1337617903.03 1642.0
1337617903.03 1636.0
1337617903.03 1638.0
1337617903.04 1617.0
1337617903.04 1610.0
1337617903.05 1617.0
1337617903.05 1580.0
1337617903.06 1578.0
1337617903.06 1576.0
1337617903.06 1539.0
1337617903.07 1537.0
1337617903.07 1528.0
1337617903.08 1494.0
1337617903.08 1481.0
1337617903.09 1477.0
1337617903.09 1446.0
1337617903.1 1429.0
1337617903.1 1422.0
1337617903.11 1385.0
1337617903.11 1373.0
1337617903.13 1368.0
1337617903.13 1341.0
1337617903.13 1324.0
1337617903.14 1323.0
1337617903.14 1277.0
1337617903.14 1252.0
1337617903.15 1251.0
1337617903.15 1207.0
1337617903.17 1193.0
1337617903.17 1186.0
1337617903.17 1135.0
1337617903.17 1124.0
1337617903.18 1118.0
1337617903.32 1089.0
1337617903.33 1081.0
1337617903.33 1078.0
1337617903.33 1048.0
1337617903.35 1026.0
1337617903.37 1029.0
1337617903.37 1001.0
1337617903.46 985.0
1337617903.46 980.0
1337617903.47 938.0
1337617903.47 923.0
1337617903.5 908.0
1337617903.54 860.0
1337617903.54 843.0
1337617903.54 833.0
1337617903.54 793.0
1337617903.54 762.0
1337617903.54 746.0
1337617903.54 707.0
1337617903.54 675.0
1337617903.56 653.0
1337617903.56 608.0
1337617903.56 571.0
1337617903.56 530.0
1337617903.56 478.0
1337617903.56 451.0
1337617903.56 405.0
1337617903.56 359.0
1337617903.56 320.0
1337617903.57 293.0
1337617903.57 258.0
1337617903.57 207.0
1337617903.57 189.0
1337617903.57 153.0
1337617903.57 98.0
1337617903.57 88.0
1337617903.57 48.0
1337617903.57 20.0
1337617903.58 -27.0
1337617903.58 -61.0
1337617903.59 -90.0
1337617903.59 -112.0
1337617903.59 -137.0
1337617903.59 -183.0
1337617903.59 -201.0
1337617903.59 -246.0
1337617903.59 -291.0
1337617903.59 -292.0
1337617903.6 -323.0
1337617903.6 -357.0
1337617903.6 -381.0
1337617903.6 -396.0
1337617903.6 -399.0
1337617903.61 -433.0
1337617903.61 -444.0
1337617903.61 -481.0
1337617903.61 -504.0
1337617903.61 -498.0
1337617903.61 -538.0
1337617903.62 -544.0
1337617903.62 -552.0
1337617903.62 -602.0
1337617903.62 -597.0
1337617903.62 -602.0
1337617903.64 -632.0
1337617903.64 -661.0
1337617903.64 -669.0
1337617903.64 -689.0
1337617903.64 -705.0
1337617903.65 -706.0
1337617903.65 -756.0
1337617903.65 -770.0
1337617903.65 -771.0
1337617903.65 -807.0
1337617903.67 -795.0
1337617903.67 -799.0
1337617903.67 -822.0
1337617903.67 -833.0
1337617903.67 -814.0
1337617903.67 -816.0
1337617903.67 -819.0
1337617903.67 -806.0
1337617903.67 -838.0
1337617903.67 -830.0
1337617903.67 -814.0
1337617903.67 -826.0
1337617903.67 -812.0
1337617903.68 -798.0
1337617903.68 -806.0
1337617903.68 -796.0
1337617903.68 -758.0
1337617903.68 -765.0
1337617903.68 -768.0
1337617903.68 -749.0
1337617903.68 -766.0
1337617903.68 -756.0
1337617903.68 -744.0
1337617903.68 -754.0
1337617903.68 -753.0
1337617903.68 -728.0
1337617903.69 -724.0
1337617903.69 -712.0
1337617903.69 -668.0
1337617903.7 -680.0
1337617903.7 -679.0
1337617903.71 -650.0
1337617903.71 -653.0
1337617903.72 -631.0
1337617903.72 -613.0
1337617903.73 -613.0
1337617903.73 -603.0
1337617903.74 -581.0
1337617903.74 -560.0
1337617903.75 -555.0
1337617903.75 -526.0
1337617903.76 -517.0
1337617903.77 -518.0
1337617903.77 -485.0
1337617903.77 -489.0
1337617903.78 -486.0
1337617903.78 -473.0
1337617903.79 -476.0
1337617903.79 -470.0
1337617903.8 -468.0
1337617903.8 -451.0
1337617903.81 -459.0
1337617903.81 -452.0
1337617903.82 -440.0
1337617903.82 -454.0
1337617903.83 -420.0
1337617903.83 -427.0
1337617903.84 -422.0
1337617903.84 -414.0
1337617903.85 -409.0
1337617903.86 -410.0
1337617903.86 -412.0
1337617903.86 -392.0
1337617903.87 -394.0
1337617903.87 -393.0
1337617903.88 -385.0
1337617903.88 -398.0
1337617903.89 -391.0
1337617903.89 -380.0
1337617903.9 -394.0
1337617903.9 -386.0
1337617903.91 -363.0
1337617903.91 -364.0
1337617903.92 -358.0
1337617903.92 -344.0
1337617903.93 -353.0
1337617903.93 -336.0
1337617903.95 -301.0
1337617903.95 -302.0
1337617903.95 -292.0
1337617903.95 -263.0
1337617903.96 -271.0
1337617903.96 -255.0
1337617903.97 -222.0
1337617903.97 -220.0
1337617903.98 -204.0
1337617903.98 -187.0
1337617903.99 -180.0
1337617903.99 -162.0
1337617904.0 -124.0
1337617904.0 -141.0
1337617904.01 -122.0
1337617904.01 -88.0
1337617904.02 -91.0
1337617904.02 -64.0
1337617904.03 -46.0
1337617904.04 -41.0
1337617904.04 -44.0
1337617904.05 -16.0
1337617904.05 -13.0
1337617904.05 -11.0
1337617904.06 4.0
1337617904.06 -18.0
1337617904.07 -17.0
1337617904.07 -12.0
1337617904.08 -45.0
1337617904.08 -44.0
1337617904.09 -34.0
1337617904.09 -57.0
1337617904.1 -61.0
1337617904.1 -49.0
1337617904.11 -73.0
1337617904.11 -100.0
1337617904.13 -94.0
1337617904.13 -124.0
1337617904.13 -139.0
1337617904.13 -157.0
1337617904.14 -178.0
1337617904.14 -194.0
1337617904.15 -192.0
1337617904.15 -221.0
1337617904.16 -257.0
1337617904.16 -240.0
1337617904.17 -289.0
1337617904.17 -299.0
1337617904.17 -278.0
1337617904.18 -316.0
1337617904.19 -353.0
1337617904.19 -357.0
1337617904.2 -383.0
1337617904.2 -383.0
1337617904.21 -403.0
1337617904.21 -428.0
1337617904.23 -453.0
1337617904.23 -442.0
1337617904.23 -447.0
1337617904.23 -464.0
1337617904.24 -449.0
1337617904.24 -480.0
1337617904.24 -495.0
1337617904.25 -478.0
1337617904.25 -480.0
1337617904.26 -495.0
1337617904.26 -492.0
1337617904.27 -484.0
1337617904.27 -485.0
1337617904.28 -480.0
1337617904.28 -486.0
1337617904.29 -508.0
1337617904.29 -497.0
1337617904.3 -488.0
1337617904.3 -496.0
1337617904.31 -482.0
1337617904.33 -471.0
1337617904.33 -476.0
1337617904.33 -453.0
1337617904.33 -420.0
1337617904.34 -426.0
1337617904.34 -419.0
1337617904.34 -392.0
1337617904.35 -401.0
1337617904.35 -388.0
1337617904.36 -373.0
1337617904.36 -393.0
1337617904.37 -386.0
1337617904.38 -366.0
1337617904.38 -381.0
1337617904.38 -367.0
1337617904.39 -341.0
1337617904.4 -354.0
1337617904.41 -342.0
1337617904.42 -307.0
1337617904.42 -312.0
1337617904.42 -301.0
1337617904.42 -281.0
1337617904.43 -290.0
1337617904.43 -287.0
1337617904.43 -251.0
1337617904.44 -251.0
1337617904.44 -240.0
1337617904.45 -198.0
1337617904.45 -201.0
1337617904.46 -202.0
1337617904.46 -152.0
1337617904.47 -167.0
1337617904.47 -166.0
1337617904.48 -135.0
1337617904.48 -158.0
1337617904.49 -153.0
1337617904.49 -127.0
1337617904.51 -131.0
1337617904.51 -135.0
1337617904.52 -102.0
1337617904.52 -103.0
1337617904.52 -117.0
1337617904.53 -82.0
1337617904.53 -98.0
1337617904.53 -103.0
1337617904.54 -67.0
1337617904.55 -71.0
1337617904.55 -70.0
1337617904.57 -55.0
1337617904.57 -50.0
1337617904.57 -65.0
1337617904.57 -31.0
1337617904.58 -14.0
1337617904.58 -36.0
1337617904.58 2.0
1337617904.6 1.0
1337617904.6 -9.0
1337617904.64 31.0
1337617904.64 43.0
1337617904.65 50.0
1337617904.65 77.0
1337617904.65 108.0
1337617904.65 116.0
1337617904.65 151.0
1337617904.66 182.0
1337617904.66 172.0
1337617904.66 217.0
1337617904.66 253.0
1337617904.67 271.0
1337617904.67 330.0
1337617904.69 389.0
1337617904.69 422.0
1337617904.69 465.0
1337617904.7 549.0
1337617904.7 592.0
1337617904.7 649.0
1337617904.7 748.0
1337617904.71 815.0
1337617904.71 877.0
1337617904.71 973.0
1337617904.71 1027.0
1337617904.72 1088.0
1337617904.72 1188.0
1337617904.73 1240.0
1337617904.74 1290.0
1337617904.74 1389.0
1337617904.74 1431.0
1337617904.75 1476.0
1337617904.75 1573.0
1337617904.76 1618.0
1337617904.76 1643.0
1337617904.77 1742.0
1337617904.77 1801.0
1337617904.78 1831.0
1337617904.8 1887.0
1337617904.8 1918.0
1337617904.81 1960.0
1337617904.81 1994.0
1337617904.81 2052.0
1337617904.81 2085.0
1337617904.82 2112.0
1337617904.82 2161.0
1337617904.82 2154.0
1337617904.83 2170.0
1337617904.84 2206.0
1337617904.84 2184.0
1337617904.84 2187.0
1337617904.85 2223.0
1337617904.85 2188.0
1337617904.86 2149.0
1337617904.86 2181.0
1337617904.87 2148.0
1337617904.87 2122.0
1337617904.89 2128.0
1337617904.89 2057.0
1337617904.89 1964.0
1337617904.89 1837.0
1337617904.9 1675.0
1337617904.9 1466.0
1337617904.91 1211.0
1337617904.91 985.0
1337617904.92 690.0
1337617904.92 399.0
1337617904.93 130.0
1337617904.93 -224.0
1337617904.94 -528.0
1337617904.94 -855.0
1337617904.95 -1227.0
1337617904.95 -1559.0
1337617904.96 -1898.0
1337617904.96 -2261.0
1337617904.97 -2603.0
1337617904.97 -2936.0
1337617904.99 -3301.0
1337617904.99 -3637.0
1337617904.99 -3978.0
1337617904.99 -4309.0
1337617905.0 -4645.0
1337617905.0 -4982.0
1337617905.01 -5273.0
1337617905.01 -5585.0
1337617905.02 -5910.0
1337617905.02 -6183.0
1337617905.03 -6467.0
1337617905.03 -6761.0
1337617905.04 -6996.0
1337617905.04 -7258.0
1337617905.05 -7509.0
1337617905.05 -7747.0
1337617905.06 -7986.0
1337617905.06 -8206.0
1337617905.07 -8401.0
1337617905.08 -8608.0
1337617905.08 -8828.0
1337617905.08 -8991.0
1337617905.09 -9169.0
1337617905.09 -9352.0
1337617905.1 -9484.0
1337617905.1 -9631.0
1337617905.11 -9791.0
1337617905.11 -9928.0
1337617905.12 -10057.0
1337617905.12 -10192.0
1337617905.13 -10330.0
1337617905.13 -10445.0
1337617905.14 -10569.0
1337617905.14 -10699.0
1337617905.15 -10800.0
1337617905.15 -10944.0
1337617905.16 -11049.0
1337617905.17 -11129.0
1337617905.18 -11256.0
1337617905.18 -11347.0
1337617905.18 -11425.0
1337617905.18 -11522.0
1337617905.19 -11622.0
1337617905.19 -11675.0
1337617905.2 -11751.0
1337617905.2 -11856.0
1337617905.21 -11885.0
1337617905.21 -11942.0
1337617905.22 -12023.0
1337617905.22 -12038.0
1337617905.23 -12114.0
1337617905.23 -12175.0
1337617905.24 -12180.0
1337617905.24 -12239.0
1337617905.25 -12288.0
1337617905.25 -12296.0
1337617905.26 -12332.0
1337617905.26 -12377.0
1337617905.27 -12368.0
1337617905.27 -12386.0
1337617905.28 -12429.0
1337617905.28 -12436.0
1337617905.29 -12457.0
1337617905.29 -12480.0
1337617905.31 -12487.0
1337617905.31 -12494.0
1337617905.31 -12531.0
1337617905.31 -12548.0
1337617905.32 -12543.0
1337617905.32 -12588.0
1337617905.33 -12592.0
1337617905.33 -12593.0
1337617905.34 -12647.0
1337617905.34 -12683.0
1337617905.35 -12675.0
1337617905.35 -12708.0
1337617905.36 -12753.0
1337617905.36 -12728.0
1337617905.37 -12804.0
1337617905.37 -12809.0
1337617905.38 -12791.0
1337617905.38 -12825.0
1337617905.39 -12818.0
1337617905.39 -12829.0
1337617905.41 -12865.0
1337617905.41 -12894.0
1337617905.41 -12868.0
1337617905.41 -12897.0
1337617905.42 -12942.0
1337617905.42 -12903.0
1337617905.43 -12905.0
1337617905.43 -12933.0
1337617905.44 -12884.0
1337617905.44 -12888.0
1337617905.45 -12896.0
1337617905.45 -12848.0
1337617905.46 -12827.0
1337617905.46 -12824.0
1337617905.47 -12784.0
1337617905.47 -12765.0
1337617905.48 -12773.0
1337617905.48 -12715.0
1337617905.49 -12680.0
1337617905.49 -12699.0
1337617905.5 -12631.0
1337617905.5 -12594.0
1337617905.51 -12616.0
1337617905.53 -12551.0
1337617905.53 -12510.0
1337617905.53 -12509.0
1337617905.53 -12458.0
1337617905.53 -12423.0
1337617905.54 -12412.0
1337617905.54 -12350.0
1337617905.54 -12286.0
1337617905.55 -12285.0
1337617905.55 -12211.0
1337617905.56 -12147.0
1337617905.57 -12148.0
1337617905.57 -12055.0
1337617905.58 -11984.0
1337617905.58 -11972.0
1337617905.59 -11901.0
1337617905.59 -11834.0
1337617905.6 -11807.0
1337617905.6 -11732.0
1337617905.61 -11667.0
1337617905.62 -11641.0
1337617905.62 -11566.0
1337617905.62 -11496.0
1337617905.63 -11466.0
1337617905.63 -11393.0
1337617905.64 -11319.0
1337617905.64 -11325.0
1337617905.64 -11254.0
1337617905.65 -11176.0
1337617905.66 -11156.0
1337617905.66 -11086.0
1337617905.67 -11031.0
1337617905.67 -11009.0
1337617905.68 -10951.0
1337617905.68 -10890.0
1337617905.69 -10867.0
1337617905.69 -10812.0
1337617905.7 -10753.0
1337617905.7 -10746.0
1337617905.71 -10683.0
1337617905.71 -10602.0
1337617905.73 -10612.0
1337617905.73 -10538.0
1337617905.73 -10487.0
1337617905.73 -10478.0
1337617905.74 -10423.0
1337617905.74 -10375.0
1337617905.75 -10362.0
1337617905.75 -10295.0
1337617905.77 -10253.0
1337617905.77 -10229.0
1337617905.77 -10157.0
1337617905.77 -10124.0
1337617905.78 -10096.0
1337617905.78 -10035.0
1337617905.79 -10000.0
1337617905.79 -9970.0
1337617905.81 -9932.0
1337617905.81 -9902.0
1337617905.81 -9832.0
1337617905.89 -9817.0
1337617905.89 -9756.0
1337617905.89 -9684.0
1337617905.89 -9664.0
1337617905.89 -9592.0
1337617905.89 -9541.0
1337617905.89 -9515.0
1337617905.9 -9431.0
1337617905.9 -9368.0
1337617905.9 -9329.0
1337617905.9 -9231.0
1337617905.92 -9164.0
1337617905.92 -9139.0
1337617905.92 -9047.0
1337617905.92 -8967.0
1337617905.92 -8964.0
1337617905.93 -8849.0
1337617905.93 -8769.0
1337617905.93 -8753.0
1337617905.93 -8623.0
1337617905.93 -8601.0
1337617905.93 -8578.0
1337617905.93 -8470.0
1337617905.93 -8439.0
1337617905.93 -8348.0
1337617905.94 -8191.0
1337617905.94 -8071.0
1337617905.94 -7892.0
1337617905.95 -7655.0
1337617905.96 -7427.0
1337617905.96 -7196.0
1337617905.97 -6898.0
1337617905.97 -6635.0
1337617905.97 -6333.0
1337617906.0 -5976.0
1337617906.0 -5651.0
1337617906.06 -5275.0
1337617906.06 -4932.0
1337617906.06 -4601.0
1337617906.06 -4224.0
1337617906.06 -3848.0
1337617906.07 -3481.0
1337617906.07 -3110.0
1337617906.07 -2748.0
1337617906.07 -2397.0
1337617906.07 -2045.0
1337617906.07 -1710.0
1337617906.07 -1377.0
1337617906.07 -1020.0
1337617906.08 -755.0
1337617906.08 -432.0
1337617906.08 -111.0
1337617906.08 137.0
1337617906.09 472.0
1337617906.09 752.0
1337617906.1 991.0
1337617906.1 1282.0
1337617906.1 1542.0
1337617906.1 1753.0
1337617906.11 2036.0
1337617906.11 2229.0
1337617906.11 2412.0
1337617906.12 2681.0
1337617906.12 2848.0
1337617906.13 3038.0
1337617906.14 3268.0
1337617906.15 3411.0
1337617906.15 3557.0
1337617906.15 3734.0
1337617906.15 3861.0
1337617906.16 4012.0
1337617906.16 4158.0
1337617906.17 4268.0
1337617906.18 4428.0
1337617906.18 4527.0
1337617906.19 4646.0
1337617906.19 4763.0
1337617906.19 4846.0
1337617906.2 4949.0
1337617906.2 5047.0
1337617906.21 5127.0
1337617906.21 5237.0
1337617906.22 5323.0
1337617906.22 5377.0
1337617906.23 5492.0
1337617906.23 5568.0
1337617906.25 5634.0
1337617906.25 5741.0
1337617906.25 5827.0
1337617906.25 5887.0
1337617906.26 5989.0
1337617906.26 6092.0
1337617906.27 6146.0
1337617906.27 6233.0
1337617906.28 6314.0
1337617906.28 6369.0
1337617906.3 6437.0
1337617906.3 6500.0
1337617906.3 6544.0
1337617906.3 6617.0
1337617906.31 6648.0
1337617906.31 6680.0
1337617906.32 6771.0
1337617906.32 6784.0
1337617906.33 6871.0
1337617906.33 6931.0
1337617906.34 6946.0
1337617906.35 7026.0
1337617906.35 7069.0
1337617906.35 7098.0
1337617906.36 7179.0
1337617906.36 7197.0
1337617906.37 7189.0
1337617906.37 7239.0
1337617906.38 7251.0
1337617906.38 7237.0
1337617906.39 7255.0
1337617906.39 7261.0
1337617906.4 7221.0
1337617906.4 7239.0
1337617906.42 7242.0
1337617906.42 7188.0
1337617906.42 7198.0
1337617906.42 7184.0
1337617906.43 7135.0
1337617906.43 7150.0
1337617906.44 7089.0
1337617906.44 7055.0
1337617906.45 7040.0
1337617906.45 6976.0
1337617906.47 6952.0
1337617906.47 6907.0
1337617906.47 6842.0
1337617906.47 6821.0
1337617906.48 6762.0
1337617906.48 6707.0
1337617906.49 6675.0
1337617906.49 6627.0
1337617906.5 6561.0
1337617906.5 6524.0
1337617906.52 6491.0
1337617906.52 6403.0
1337617906.52 6371.0
1337617906.52 6350.0
1337617906.53 6281.0
1337617906.53 6236.0
1337617906.54 6216.0
1337617906.54 6127.0
1337617906.55 6092.0
1337617906.55 6094.0
1337617906.56 6003.0
1337617906.56 5995.0
1337617906.57 5975.0
1337617906.57 5885.0
1337617906.58 5873.0
1337617906.58 5822.0
1337617906.59 5760.0
1337617906.6 5745.0
1337617906.6 5697.0
1337617906.61 5640.0
1337617906.61 5612.0
1337617906.61 5551.0
1337617906.62 5503.0
1337617906.62 5454.0
1337617906.63 5388.0
1337617906.63 5341.0
1337617906.64 5285.0
1337617906.64 5225.0
1337617906.65 5164.0
1337617906.65 5107.0
1337617906.66 5054.0
1337617906.66 4955.0
1337617906.67 4956.0
1337617906.67 4875.0
1337617906.69 4787.0
1337617906.69 4802.0
1337617906.69 4692.0
1337617906.69 4645.0
1337617906.7 4627.0
1337617906.7 4548.0
1337617906.71 4472.0
1337617906.71 4447.0
1337617906.72 4384.0
1337617906.72 4299.0
1337617906.73 4269.0
1337617906.73 4192.0
1337617906.74 4122.0
1337617906.74 4088.0
1337617906.75 4026.0
1337617906.76 3958.0
1337617906.76 3918.0
1337617906.77 3882.0
1337617906.77 3797.0
1337617906.77 3783.0
1337617906.78 3734.0
1337617906.78 3641.0
1337617906.79 3615.0
1337617906.79 3581.0
1337617906.8 3509.0
1337617906.8 3487.0
1337617906.81 3435.0
1337617906.81 3362.0
1337617906.82 3322.0
1337617906.82 3246.0
1337617906.83 3215.0
1337617906.83 3152.0
1337617906.84 3099.0
1337617906.84 3041.0
1337617906.85 2990.0
1337617906.85 2942.0
1337617906.87 2894.0
1337617906.87 2862.0
1337617906.87 2798.0
1337617906.87 2723.0
1337617906.88 2685.0
1337617906.88 2637.0
1337617906.89 2562.0
1337617906.89 2544.0
1337617906.9 2476.0
1337617906.9 2410.0
1337617906.91 2397.0
1337617906.91 2314.0
1337617906.92 2254.0
1337617906.92 2240.0
1337617906.93 2160.0
1337617906.93 2086.0
1337617906.94 2068.0
1337617906.94 2002.0
1337617906.95 1936.0
1337617906.95 1916.0
1337617906.96 1864.0
1337617906.97 1791.0
1337617906.97 1760.0
1337617906.97 1749.0
1337617906.98 1666.0
1337617906.98 1667.0
1337617906.99 1655.0
1337617906.99 1588.0
1337617907.0 1586.0
1337617907.0 1581.0
1337617907.01 1545.0
1337617907.01 1535.0
1337617907.02 1537.0
1337617907.02 1498.0
1337617907.03 1501.0
1337617907.03 1505.0
1337617907.04 1477.0
1337617907.06 1467.0
1337617907.06 1461.0
1337617907.06 1434.0
1337617907.06 1424.0
1337617907.07 1421.0
1337617907.07 1397.0
1337617907.07 1370.0
1337617907.08 1370.0
1337617907.08 1360.0
1337617907.08 1332.0
1337617907.09 1341.0
1337617907.09 1307.0
1337617907.1 1304.0
1337617907.11 1270.0
1337617907.11 1227.0
1337617907.13 1246.0
1337617907.13 1213.0
1337617907.23 1202.0
1337617907.23 1208.0
1337617907.24 1187.0
1337617907.24 1163.0
1337617907.24 1174.0
1337617907.24 1180.0
1337617907.25 1153.0
1337617907.25 1143.0
1337617907.25 1148.0
1337617907.25 1132.0
1337617907.25 1134.0
1337617907.25 1155.0
1337617907.26 1122.0
1337617907.26 1121.0
1337617907.27 1141.0
1337617907.27 1126.0
1337617907.27 1143.0
1337617907.27 1170.0
1337617907.27 1119.0
1337617907.27 1097.0
1337617907.29 1141.0
1337617907.29 1110.0
1337617907.3 1122.0
1337617907.3 1174.0
1337617907.3 1143.0
1337617907.3 1121.0
1337617907.3 1161.0
1337617907.3 1146.0
1337617907.31 1133.0
1337617907.31 1162.0
1337617907.31 1137.0
1337617907.31 1129.0
1337617907.31 1148.0
1337617907.31 1130.0
1337617907.32 1110.0
1337617907.32 1121.0
1337617907.32 1100.0
1337617907.32 1091.0
1337617907.32 1102.0
1337617907.32 1073.0
1337617907.33 1046.0
1337617907.33 1048.0
1337617907.34 1042.0
1337617907.34 1015.0
1337617907.35 1001.0
1337617907.35 972.0
1337617907.35 949.0
1337617907.38 932.0
1337617907.44 900.0
1337617907.44 894.0
1337617907.44 850.0
1337617907.44 814.0
1337617907.44 815.0
1337617907.44 789.0
1337617907.45 749.0
1337617907.45 746.0
1337617907.45 724.0
1337617907.45 680.0
1337617907.45 696.0
1337617907.45 676.0
1337617907.46 639.0
1337617907.46 633.0
1337617907.46 594.0
1337617907.46 555.0
1337617907.46 565.0
1337617907.46 539.0
1337617907.46 493.0
1337617907.47 475.0
1337617907.47 443.0
1337617907.47 394.0
1337617907.47 376.0
1337617907.48 388.0
1337617907.48 320.0
1337617907.49 274.0
1337617907.49 273.0
1337617907.5 217.0
1337617907.5 181.0
1337617907.51 188.0
1337617907.51 131.0
1337617907.52 81.0
1337617907.52 71.0
1337617907.53 12.0
1337617907.53 -25.0
1337617907.54 -39.0
1337617907.54 -103.0
1337617907.55 -153.0
1337617907.56 -164.0
1337617907.57 -213.0
1337617907.57 -272.0
1337617907.57 -291.0
1337617907.58 -328.0
1337617907.58 -397.0
1337617907.58 -429.0
1337617907.59 -443.0
1337617907.59 -496.0
1337617907.6 -527.0
1337617907.6 -545.0
1337617907.61 -611.0
1337617907.61 -643.0
1337617907.62 -671.0
1337617907.62 -728.0
1337617907.63 -752.0
1337617907.63 -791.0
1337617907.65 -849.0
1337617907.65 -865.0
1337617907.65 -901.0
1337617907.65 -931.0
1337617907.66 -958.0
1337617907.66 -1001.0
1337617907.67 -1035.0
1337617907.67 -1064.0
1337617907.68 -1110.0
1337617907.68 -1149.0
1337617907.69 -1158.0
1337617907.69 -1209.0
1337617907.7 -1224.0
1337617907.7 -1242.0
1337617907.71 -1311.0
1337617907.71 -1327.0
1337617907.72 -1355.0
1337617907.73 -1395.0
1337617907.73 -1422.0
1337617907.73 -1434.0
1337617907.74 -1511.0
1337617907.74 -1546.0
1337617907.75 -1541.0
1337617907.75 -1600.0
1337617907.76 -1644.0
1337617907.76 -1657.0
1337617907.77 -1707.0
1337617907.77 -1759.0
1337617907.78 -1749.0
1337617907.78 -1787.0
1337617907.79 -1830.0
1337617907.79 -1837.0
1337617907.8 -1878.0
1337617907.81 -1923.0
1337617907.81 -1919.0
1337617907.81 -1964.0
1337617907.82 -2013.0
1337617907.82 -1996.0
1337617907.83 -2025.0
1337617907.83 -2074.0
1337617907.84 -2068.0
1337617907.84 -2086.0
1337617907.85 -2155.0
1337617907.85 -2164.0
1337617907.86 -2179.0
1337617907.86 -2240.0
1337617907.87 -2263.0
1337617907.88 -2268.0
1337617907.88 -2315.0
1337617907.88 -2349.0
1337617907.89 -2352.0
1337617907.89 -2417.0
1337617907.9 -2427.0
1337617907.9 -2421.0
1337617907.91 -2463.0
1337617907.91 -2482.0
1337617907.92 -2492.0
1337617907.92 -2547.0
1337617907.93 -2580.0
1337617907.93 -2561.0
1337617907.94 -2603.0
1337617907.94 -2637.0
1337617907.95 -2615.0
1337617907.95 -2644.0
1337617907.96 -2687.0
1337617907.96 -2652.0
1337617907.97 -2662.0
1337617907.97 -2707.0
1337617907.98 -2673.0
1337617907.98 -2685.0
1337617907.99 -2713.0
1337617907.99 -2669.0
1337617908.0 -2701.0
1337617908.0 -2731.0
1337617908.01 -2690.0
1337617908.01 -2705.0
1337617908.02 -2708.0
1337617908.02 -2664.0
1337617908.03 -2675.0
1337617908.03 -2718.0
1337617908.05 -2680.0
1337617908.05 -2666.0
1337617908.05 -2700.0
1337617908.05 -2670.0
1337617908.06 -2666.0
1337617908.06 -2673.0
1337617908.07 -2665.0
1337617908.07 -2655.0
1337617908.08 -2670.0
1337617908.08 -2654.0
1337617908.09 -2623.0
1337617908.09 -2625.0
1337617908.1 -2600.0
1337617908.1 -2576.0
1337617908.11 -2611.0
1337617908.11 -2603.0
1337617908.12 -2563.0
1337617908.13 -2577.0
1337617908.13 -2571.0
1337617908.13 -2526.0
1337617908.14 -2527.0
1337617908.14 -2549.0
1337617908.15 -2496.0
1337617908.15 -2485.0
1337617908.16 -2486.0
1337617908.16 -2434.0
1337617908.17 -2441.0
1337617908.17 -2436.0
1337617908.18 -2383.0
1337617908.18 -2370.0
1337617908.19 -2372.0
1337617908.19 -2313.0
1337617908.2 -2301.0
1337617908.21 -2313.0
1337617908.21 -2246.0
1337617908.21 -2237.0
1337617908.22 -2241.0
1337617908.22 -2212.0
1337617908.23 -2190.0
1337617908.23 -2182.0
1337617908.24 -2168.0
1337617908.24 -2125.0
1337617908.25 -2121.0
1337617908.25 -2115.0
1337617908.26 -2065.0
1337617908.26 -2083.0
1337617908.27 -2065.0
1337617908.27 -2008.0
1337617908.28 -2022.0
1337617908.28 -1997.0
1337617908.29 -1955.0
1337617908.29 -1970.0
1337617908.3 -1962.0
1337617908.3 -1912.0
1337617908.31 -1892.0
1337617908.31 -1884.0
1337617908.32 -1826.0
1337617908.32 -1814.0
1337617908.33 -1823.0
1337617908.33 -1774.0
1337617908.34 -1756.0
1337617908.35 -1759.0
1337617908.35 -1716.0
1337617908.36 -1685.0
1337617908.37 -1689.0
1337617908.37 -1660.0
1337617908.37 -1619.0
1337617908.38 -1618.0
1337617908.38 -1601.0
1337617908.38 -1550.0
1337617908.39 -1543.0
1337617908.39 -1513.0
1337617908.4 -1449.0
1337617908.4 -1433.0
1337617908.41 -1404.0
1337617908.41 -1339.0
1337617908.42 -1334.0
1337617908.42 -1308.0
1337617908.43 -1244.0
1337617908.43 -1227.0
1337617908.45 -1202.0
1337617908.45 -1147.0
1337617908.45 -1113.0
1337617908.46 -1102.0
1337617908.46 -1057.0
1337617908.46 -1007.0
1337617908.47 -996.0
1337617908.47 -960.0
1337617908.48 -898.0
1337617908.48 -873.0
1337617908.49 -846.0
1337617908.5 -771.0
1337617908.5 -753.0
1337617908.5 -735.0
1337617908.51 -679.0
1337617908.52 -675.0
1337617908.52 -644.0
1337617908.52 -594.0
1337617908.53 -569.0
1337617908.53 -544.0
1337617908.54 -501.0
1337617908.54 -488.0
1337617908.55 -464.0
1337617908.55 -423.0
1337617908.56 -381.0
1337617908.57 -368.0
1337617908.57 -357.0
1337617908.57 -301.0
1337617908.58 -312.0
1337617908.58 -276.0
1337617908.59 -204.0
1337617908.59 -222.0
1337617908.6 -214.0
1337617908.6 -180.0
1337617908.61 -170.0
1337617908.61 -157.0
1337617908.62 -130.0
1337617908.63 -119.0
1337617908.64 -111.0
1337617908.64 -100.0
1337617908.64 -68.0
1337617908.64 -56.0
1337617908.65 -49.0
1337617908.65 -12.0
1337617908.66 -7.0
1337617908.66 8.0
1337617908.66 51.0
1337617908.67 24.0
1337617908.67 32.0
1337617908.68 79.0
1337617908.68 49.0
1337617908.7 61.0
1337617908.7 83.0
1337617908.7 68.0
1337617908.71 63.0
1337617908.71 79.0
1337617908.72 104.0
1337617908.72 97.0
1337617908.72 107.0
1337617908.73 132.0
1337617908.74 128.0
1337617908.74 124.0
1337617908.75 166.0
1337617908.75 160.0
1337617908.75 157.0
1337617908.76 212.0
1337617908.76 204.0
1337617908.77 229.0
1337617908.77 262.0
1337617908.78 252.0
1337617908.79 263.0
1337617908.79 294.0
1337617908.79 297.0
1337617908.8 294.0
1337617908.8 314.0
1337617908.81 331.0
1337617908.82 322.0
1337617908.82 336.0
1337617908.83 380.0
1337617908.83 349.0
1337617908.83 351.0
1337617908.84 389.0
1337617908.84 369.0
1337617908.85 364.0
1337617908.85 385.0
1337617908.86 369.0
1337617908.86 358.0
1337617908.87 375.0
1337617908.87 353.0
1337617908.88 344.0
1337617908.89 347.0
1337617908.89 345.0
1337617908.89 350.0
1337617908.9 362.0
1337617908.9 369.0
1337617908.91 335.0
1337617908.91 323.0
1337617908.92 342.0
1337617908.92 308.0
1337617908.93 307.0
1337617908.94 333.0
1337617908.94 309.0
1337617908.95 282.0
1337617908.95 285.0
1337617908.96 276.0
1337617908.96 262.0
1337617908.96 265.0
1337617908.97 265.0
1337617908.97 250.0
1337617908.98 235.0
1337617908.99 233.0
1337617908.99 209.0
1337617909.0 195.0
1337617909.0 194.0
1337617909.0 158.0
1337617909.01 140.0
1337617909.01 135.0
1337617909.02 102.0
1337617909.02 80.0
1337617909.03 65.0
1337617909.04 44.0
1337617909.04 14.0
1337617909.04 -11.0
1337617909.05 -27.0
1337617909.05 -55.0
1337617909.06 -84.0
1337617909.06 -90.0
1337617909.07 -140.0
1337617909.07 -171.0
1337617909.08 -171.0
1337617909.1 -210.0
1337617909.1 -215.0
1337617909.1 -227.0
1337617909.1 -250.0
1337617909.1 -269.0
1337617909.11 -263.0
1337617909.11 -254.0
1337617909.12 -283.0
1337617909.12 -279.0
1337617909.13 -267.0
1337617909.13 -263.0
1337617909.14 -272.0
1337617909.14 -247.0
1337617909.16 -230.0
1337617909.16 -245.0
1337617909.16 -221.0
1337617909.16 -233.0
1337617909.17 -230.0
1337617909.17 -203.0
1337617909.18 -200.0
1337617909.18 -189.0
1337617909.19 -170.0
1337617909.19 -169.0
1337617909.21 -149.0
1337617909.21 -119.0
1337617909.21 -103.0
1337617909.21 -119.0
1337617909.22 -104.0
1337617909.22 -66.0
1337617909.23 -86.0
1337617909.23 -67.0
1337617909.24 -46.0
1337617909.24 -54.0
1337617909.25 -61.0
1337617909.25 -60.0
1337617909.26 -68.0
1337617909.26 -80.0
1337617909.28 -72.0
1337617909.28 -78.0
1337617909.28 -89.0
1337617909.28 -95.0
1337617909.29 -104.0
1337617909.29 -95.0
1337617909.3 -115.0
1337617909.3 -115.0
1337617909.31 -130.0
1337617909.31 -163.0
1337617909.32 -143.0
1337617909.32 -176.0
1337617909.33 -192.0
1337617909.33 -188.0
1337617909.35 -228.0
1337617909.35 -240.0
1337617909.35 -236.0
1337617909.35 -265.0
1337617909.36 -274.0
1337617909.36 -287.0
1337617909.37 -306.0
1337617909.37 -313.0
1337617909.38 -333.0
1337617909.38 -338.0
1337617909.39 -361.0
1337617909.39 -374.0
1337617909.4 -368.0
1337617909.41 -395.0
1337617909.41 -422.0
1337617909.41 -433.0
1337617909.42 -455.0
1337617909.42 -494.0
1337617909.43 -495.0
1337617909.43 -505.0
1337617909.44 -547.0
1337617909.45 -546.0
1337617909.45 -576.0
1337617909.46 -612.0
1337617909.46 -608.0
1337617909.47 -630.0
1337617909.48 -649.0
1337617909.49 -652.0
1337617909.5 -666.0
1337617909.5 -657.0
1337617909.5 -653.0
1337617909.5 -636.0
1337617909.5 -632.0
1337617909.51 -646.0
1337617909.51 -615.0
1337617909.56 -611.0
1337617909.57 -610.0
1337617909.6 -564.0
1337617909.6 -569.0
1337617909.61 -568.0
1337617909.66 -530.0
1337617909.66 -533.0
1337617909.67 -502.0
1337617909.67 -464.0
1337617909.67 -442.0
1337617909.67 -412.0
1337617909.67 -389.0
1337617909.67 -354.0
1337617909.68 -347.0
1337617909.68 -323.0
1337617909.71 -280.0
1337617909.71 -268.0
1337617909.71 -238.0
1337617909.72 -207.0
1337617909.72 -197.0
1337617909.73 -183.0
1337617909.73 -158.0
1337617909.73 -149.0
1337617909.73 -149.0
1337617909.73 -133.0
1337617909.76 -126.0
1337617909.77 -117.0
1337617909.77 -90.0
1337617909.77 -69.0
1337617909.78 -56.0
1337617909.78 -57.0
1337617909.78 -36.0
1337617909.78 -44.0
1337617909.79 -49.0
1337617909.79 -12.0
1337617909.8 -35.0
1337617909.8 -25.0
1337617909.81 -11.0
1337617909.81 -24.0
1337617909.81 -10.0
1337617909.85 -11.0
1337617909.91 -11.0
1337617909.91 -5.0
1337617909.91 -3.0
1337617909.92 9.0
1337617909.92 25.0
1337617909.94 22.0
1337617909.94 31.0
1337617909.94 16.0
1337617909.94 4.0
1337617909.94 25.0
1337617909.95 14.0
1337617909.95 8.0
1337617909.95 11.0
1337617909.95 0.0
1337617909.95 -13.0
1337617909.95 -7.0
1337617909.95 20.0
1337617909.95 13.0
1337617909.96 27.0
1337617909.96 58.0
1337617909.96 63.0
1337617909.96 66.0
1337617909.96 85.0
1337617909.96 100.0
1337617909.96 89.0
1337617909.96 123.0
1337617909.96 123.0
1337617909.96 132.0
1337617909.97 148.0
1337617909.97 148.0
1337617909.97 175.0
1337617909.97 169.0
1337617909.97 189.0
1337617909.97 200.0
1337617909.97 196.0
1337617909.97 239.0
1337617909.97 242.0
1337617909.97 240.0
1337617909.98 264.0
1337617909.98 254.0
1337617909.98 247.0
1337617909.98 267.0
1337617909.98 280.0
1337617909.98 273.0
1337617909.98 280.0
1337617909.98 289.0
1337617909.98 287.0
1337617909.98 286.0
1337617909.98 294.0
1337617909.99 293.0
1337617909.99 276.0
1337617909.99 279.0
1337617909.99 274.0
1337617909.99 246.0
1337617909.99 249.0
1337617909.99 252.0
1337617910.02 244.0
1337617910.03 242.0
1337617910.03 255.0
1337617910.03 231.0
1337617910.03 208.0
1337617910.03 224.0
1337617910.03 183.0
1337617910.03 173.0
1337617910.03 174.0
1337617910.04 146.0
1337617910.04 146.0
1337617910.05 142.0
1337617910.06 156.0
1337617910.06 143.0
1337617910.07 144.0
1337617910.07 158.0
1337617910.08 127.0
1337617910.09 133.0
1337617910.09 120.0
1337617910.09 101.0
1337617910.1 105.0
1337617910.1 87.0
1337617910.11 91.0
1337617910.11 73.0
1337617910.12 38.0
1337617910.12 36.0
1337617910.13 -4.0
1337617910.14 -35.0
1337617910.14 -55.0
1337617910.15 -105.0
1337617910.15 -121.0
1337617910.15 -166.0
1337617910.16 -190.0
1337617910.16 -218.0
1337617910.17 -264.0
1337617910.17 -272.0
1337617910.18 -310.0
1337617910.18 -310.0
1337617910.19 -342.0
1337617910.19 -374.0
1337617910.19 -374.0
1337617910.2 -415.0
1337617910.2 -411.0
1337617910.21 -444.0
1337617910.22 -481.0
1337617910.22 -503.0
1337617910.22 -555.0
1337617910.23 -578.0
1337617910.23 -610.0
1337617910.24 -634.0
1337617910.24 -669.0
1337617910.25 -680.0
1337617910.25 -680.0
1337617910.26 -723.0
1337617910.26 -727.0
1337617910.27 -738.0
1337617910.27 -764.0
1337617910.29 -775.0
1337617910.29 -777.0
1337617910.29 -780.0
1337617910.3 -793.0
1337617910.3 -795.0
1337617910.3 -796.0
1337617910.31 -807.0
1337617910.32 -814.0
1337617910.32 -818.0
1337617910.32 -818.0
1337617910.33 -815.0
1337617910.33 -820.0
1337617910.34 -809.0
1337617910.34 -808.0
1337617910.35 -817.0
1337617910.36 -813.0
1337617910.36 -834.0
1337617910.37 -841.0
1337617910.37 -844.0
1337617910.38 -860.0
1337617910.38 -862.0
1337617910.39 -862.0
1337617910.39 -870.0
1337617910.39 -884.0
1337617910.4 -870.0
1337617910.4 -856.0
1337617910.41 -871.0
1337617910.41 -875.0
1337617910.42 -875.0
1337617910.42 -902.0
1337617910.43 -898.0
1337617910.43 -883.0
1337617910.44 -890.0
1337617910.44 -879.0
1337617910.46 -884.0
1337617910.46 -876.0
1337617910.46 -870.0
1337617910.46 -875.0
1337617910.47 -849.0
1337617910.47 -854.0
1337617910.48 -850.0
1337617910.48 -839.0
1337617910.49 -858.0
1337617910.5 -849.0
1337617910.5 -839.0
1337617910.5 -836.0
1337617910.51 -831.0
1337617910.51 -821.0
1337617910.52 -808.0
1337617910.52 -824.0
1337617910.53 -817.0
1337617910.54 -798.0
1337617910.54 -817.0
1337617910.55 -808.0
1337617910.55 -801.0
1337617910.55 -816.0
1337617910.56 -817.0
1337617910.56 -817.0
1337617910.57 -814.0
1337617910.57 -827.0
1337617910.58 -822.0
1337617910.58 -808.0
1337617910.59 -810.0
1337617910.59 -796.0
1337617910.6 -779.0
1337617910.6 -777.0
1337617910.61 -774.0
1337617910.61 -759.0
1337617910.63 -763.0
1337617910.63 -756.0
1337617910.63 -748.0
1337617910.63 -759.0
1337617910.64 -745.0
1337617910.64 -737.0
1337617910.65 -711.0
1337617910.65 -688.0
1337617910.66 -682.0
1337617910.66 -663.0
1337617910.67 -674.0
1337617910.67 -661.0
1337617910.68 -641.0
1337617910.68 -645.0
1337617910.69 -620.0
1337617910.69 -608.0
1337617910.71 -588.0
1337617910.71 -575.0
1337617910.71 -572.0
1337617910.71 -534.0
1337617910.72 -548.0
1337617910.72 -520.0
1337617910.73 -461.0
1337617910.73 -455.0
1337617910.74 -415.0
1337617910.74 -389.0
1337617910.75 -371.0
1337617910.75 -354.0
1337617910.76 -334.0
1337617910.76 -292.0
1337617910.77 -276.0
1337617910.77 -238.0
1337617910.78 -208.0
1337617910.79 -198.0
1337617910.79 -163.0
1337617910.8 -138.0
1337617910.8 -121.0
1337617910.8 -80.0
1337617910.81 -81.0
1337617910.81 -69.0
1337617910.82 -70.0
1337617910.82 -63.0
1337617910.83 -52.0
1337617910.83 -83.0
1337617910.84 -55.0
1337617910.84 -69.0
1337617910.85 -66.0
1337617910.85 -51.0
1337617910.86 -56.0
1337617910.86 -39.0
1337617910.87 -56.0
1337617910.87 -54.0
1337617910.88 -46.0
1337617910.89 -64.0
1337617910.89 -65.0
1337617910.89 -49.0
1337617910.9 -50.0
1337617910.9 -53.0
1337617910.91 -40.0
1337617910.91 -40.0
1337617910.92 -34.0
1337617910.92 -34.0
1337617910.93 -21.0
1337617910.93 -16.0
1337617910.94 -22.0
1337617910.95 18.0
1337617910.95 17.0
1337617910.95 29.0
1337617910.96 61.0
1337617910.96 40.0
1337617910.97 62.0
1337617910.97 71.0
1337617910.98 86.0
1337617910.99 106.0
1337617910.99 97.0
1337617911.0 118.0
1337617911.0 99.0
1337617911.0 110.0
1337617911.01 128.0
1337617911.01 114.0
1337617911.02 126.0
1337617911.02 125.0
1337617911.03 130.0
1337617911.03 119.0
1337617911.04 125.0
1337617911.04 125.0
1337617911.05 93.0
1337617911.05 87.0
1337617911.06 77.0
1337617911.06 39.0
1337617911.07 12.0
1337617911.07 11.0
1337617911.08 -34.0
1337617911.09 -74.0
1337617911.09 -77.0
1337617911.09 -123.0
1337617911.1 -152.0
1337617911.1 -166.0
1337617911.11 -190.0
1337617911.11 -215.0
1337617911.12 -252.0
1337617911.12 -264.0
1337617911.13 -285.0
1337617911.13 -302.0
1337617911.14 -306.0
1337617911.14 -318.0
1337617911.15 -319.0
1337617911.15 -330.0
1337617911.16 -318.0
1337617911.16 -317.0
1337617911.18 -329.0
1337617911.18 -320.0
1337617911.18 -343.0
1337617911.18 -336.0
1337617911.19 -332.0
1337617911.19 -338.0
1337617911.2 -313.0
1337617911.2 -310.0
1337617911.21 -291.0
1337617911.21 -282.0
1337617911.22 -269.0
1337617911.22 -228.0
1337617911.23 -223.0
1337617911.23 -205.0
1337617911.24 -172.0
1337617911.24 -178.0
1337617911.25 -165.0
1337617911.25 -130.0
1337617911.26 -117.0
1337617911.27 -98.0
1337617911.27 -80.0
1337617911.27 -60.0
1337617911.28 -31.0
1337617911.28 -20.0
1337617911.29 10.0
1337617911.29 34.0
1337617911.3 39.0
1337617911.3 59.0
1337617911.31 76.0
1337617911.31 93.0
1337617911.32 111.0
1337617911.32 152.0
1337617911.33 180.0
1337617911.33 196.0
1337617911.34 237.0
1337617911.34 253.0
1337617911.36 264.0
1337617911.36 295.0
1337617911.36 301.0
1337617911.36 306.0
1337617911.37 329.0
1337617911.37 348.0
1337617911.38 342.0
1337617911.38 354.0
1337617911.39 381.0
1337617911.39 374.0
1337617911.4 389.0
1337617911.4 414.0
1337617911.41 393.0
1337617911.41 383.0
1337617911.42 396.0
1337617911.42 384.0
1337617911.43 378.0
1337617911.44 379.0
1337617911.44 375.0
1337617911.44 351.0
1337617911.45 340.0
1337617911.45 344.0
1337617911.46 306.0
1337617911.46 300.0
1337617911.47 295.0
1337617911.47 263.0
1337617911.48 265.0
1337617911.48 252.0
1337617911.49 246.0
1337617911.49 234.0
1337617911.5 225.0
1337617911.5 220.0
1337617911.51 203.0
1337617911.51 209.0
1337617911.52 201.0
1337617911.52 205.0
1337617911.53 206.0
1337617911.54 197.0
1337617911.54 207.0
1337617911.54 212.0
1337617911.54 220.0
1337617911.55 222.0
1337617911.55 224.0
1337617911.56 232.0
1337617911.57 242.0
1337617911.57 249.0
1337617911.58 260.0
1337617911.58 264.0
1337617911.59 263.0
1337617911.59 285.0
1337617911.6 290.0
1337617911.6 300.0
1337617911.6 297.0
1337617911.61 285.0
1337617911.62 293.0
1337617911.62 287.0
1337617911.63 275.0
1337617911.63 277.0
1337617911.63 273.0
1337617911.64 253.0
1337617911.65 243.0
1337617911.65 250.0
1337617911.66 227.0
1337617911.66 214.0
1337617911.67 225.0
1337617911.67 191.0
1337617911.67 179.0
1337617911.68 177.0
1337617911.69 155.0
1337617911.69 162.0
1337617911.69 151.0
1337617911.7 118.0
1337617911.71 99.0
1337617911.72 78.0
1337617911.72 44.0
1337617911.72 4.0
1337617911.73 -34.0
1337617911.73 -63.0
1337617911.74 -120.0
1337617911.74 -172.0
1337617911.74 -209.0
1337617911.75 -274.0
1337617911.76 -338.0
1337617911.76 -363.0
1337617911.76 -402.0
1337617911.77 -464.0
1337617911.77 -499.0
1337617911.78 -535.0
1337617911.78 -596.0
1337617911.79 -647.0
1337617911.8 -674.0
1337617911.8 -732.0
1337617911.8 -770.0
1337617911.81 -794.0
1337617911.81 -848.0
1337617911.82 -878.0
1337617911.82 -895.0
1337617911.83 -951.0
1337617911.83 -976.0
1337617911.84 -976.0
1337617911.84 -1030.0
1337617911.85 -1052.0
1337617911.85 -1047.0
1337617911.86 -1088.0
1337617911.86 -1125.0
1337617911.87 -1114.0
1337617911.87 -1115.0
1337617911.89 -1162.0
1337617911.89 -1149.0
1337617911.89 -1145.0
1337617911.9 -1189.0
1337617911.9 -1163.0
1337617911.9 -1168.0
1337617911.91 -1190.0
1337617911.91 -1186.0
1337617911.92 -1199.0
1337617911.92 -1217.0
1337617911.93 -1212.0
1337617911.93 -1220.0
1337617911.94 -1238.0
1337617911.95 -1227.0
1337617911.96 -1225.0
1337617911.96 -1248.0
1337617911.96 -1246.0
1337617911.97 -1222.0
1337617911.97 -1247.0
1337617911.98 -1261.0
1337617911.98 -1249.0
1337617911.98 -1257.0
1337617911.99 -1291.0
1337617912.0 -1297.0
1337617912.0 -1310.0
1337617912.01 -1356.0
1337617912.01 -1349.0
1337617912.02 -1369.0
1337617912.02 -1400.0
1337617912.02 -1418.0
1337617912.03 -1469.0
1337617912.03 -1497.0
1337617912.04 -1522.0
1337617912.05 -1552.0
1337617912.05 -1593.0
1337617912.05 -1609.0
1337617912.06 -1614.0
1337617912.06 -1669.0
1337617912.07 -1684.0
1337617912.07 -1695.0
1337617912.08 -1731.0
1337617912.08 -1750.0
1337617912.09 -1771.0
1337617912.1 -1779.0
1337617912.1 -1829.0
1337617912.11 -1836.0
1337617912.11 -1837.0
1337617912.12 -1883.0
1337617912.12 -1871.0
1337617912.12 -1888.0
1337617912.13 -1929.0
1337617912.13 -1938.0
1337617912.14 -1962.0
1337617912.15 -2005.0
1337617912.15 -1992.0
1337617912.16 -2019.0
1337617912.16 -2054.0
1337617912.16 -2033.0
1337617912.17 -2055.0
1337617912.17 -2074.0
1337617912.18 -2079.0
1337617912.18 -2076.0
1337617912.19 -2093.0
1337617912.2 -2089.0
1337617912.2 -2083.0
1337617912.21 -2107.0
1337617912.21 -2118.0
1337617912.22 -2127.0
1337617912.22 -2121.0
1337617912.23 -2138.0
1337617912.23 -2130.0
1337617912.23 -2115.0
1337617912.24 -2126.0
1337617912.25 -2106.0
1337617912.25 -2113.0
1337617912.26 -2130.0
1337617912.26 -2118.0
1337617912.26 -2138.0
1337617912.27 -2143.0
1337617912.27 -2113.0
1337617912.28 -2115.0
1337617912.28 -2118.0
1337617912.29 -2096.0
1337617912.31 -2086.0
1337617912.31 -2113.0
1337617912.31 -2095.0
1337617912.31 -2077.0
1337617912.31 -2066.0
1337617912.32 -2048.0
1337617912.32 -2046.0
1337617912.33 -2010.0
1337617912.33 -2003.0
1337617912.34 -1959.0
1337617912.35 -1921.0
1337617912.36 -1899.0
1337617912.36 -1840.0
1337617912.36 -1828.0
1337617912.36 -1789.0
1337617912.37 -1740.0
1337617912.37 -1723.0
1337617912.38 -1687.0
1337617912.38 -1632.0
1337617912.39 -1589.0
1337617912.4 -1583.0
1337617912.4 -1548.0
1337617912.41 -1526.0
1337617912.41 -1502.0
1337617912.41 -1484.0
1337617912.42 -1464.0
1337617912.42 -1434.0
1337617912.43 -1428.0
1337617912.43 -1386.0
1337617912.44 -1357.0
1337617912.44 -1353.0
1337617912.45 -1330.0
1337617912.46 -1318.0
1337617912.47 -1303.0
1337617912.47 -1272.0
1337617912.47 -1267.0
1337617912.47 -1278.0
1337617912.48 -1258.0
1337617912.48 -1241.0
1337617912.49 -1241.0
1337617912.49 -1208.0
1337617912.5 -1176.0
1337617912.5 -1166.0
1337617912.51 -1161.0
1337617912.52 -1122.0
1337617912.52 -1100.0
1337617912.52 -1113.0
1337617912.53 -1061.0
1337617912.53 -1035.0
1337617912.54 -1032.0
1337617912.54 -980.0
1337617912.55 -958.0
1337617912.55 -950.0
1337617912.57 -931.0
1337617912.57 -916.0
1337617912.57 -909.0
1337617912.57 -889.0
1337617912.58 -852.0
1337617912.58 -852.0
1337617912.59 -842.0
1337617912.6 -800.0
1337617912.6 -824.0
1337617912.6 -811.0
1337617912.61 -755.0
1337617912.61 -767.0
1337617912.62 -766.0
1337617912.62 -713.0
1337617912.63 -697.0
1337617912.63 -712.0
1337617912.64 -651.0
1337617912.65 -626.0
1337617912.65 -634.0
1337617912.65 -594.0
1337617912.66 -570.0
1337617912.66 -548.0
1337617912.67 -515.0
1337617912.67 -472.0
1337617912.68 -461.0
1337617912.68 -423.0
1337617912.69 -376.0
1337617912.71 -365.0
1337617912.71 -328.0
1337617912.71 -270.0
1337617912.71 -279.0
1337617912.71 -252.0
1337617912.72 -175.0
1337617912.72 -176.0
1337617912.73 -173.0
1337617912.73 -108.0
1337617912.74 -89.0
1337617912.74 -95.0
1337617912.81 -31.0
1337617912.81 -14.0
1337617912.81 -9.0
1337617912.84 23.0
1337617912.86 25.0
1337617912.96 31.0
1337617913.11 56.0
1337617913.11 72.0
1337617913.15 71.0
1337617913.19 98.0
1337617913.19 117.0
1337617913.38 96.0
1337617913.38 121.0
1337617913.38 152.0
1337617913.39 114.0
1337617913.39 134.0
1337617913.39 161.0
1337617913.39 153.0
1337617913.39 156.0
1337617913.39 179.0
1337617913.39 193.0
1337617913.39 197.0
1337617913.4 215.0
1337617913.4 213.0
1337617913.4 231.0
1337617913.4 228.0
1337617913.4 241.0
1337617913.4 256.0
1337617913.4 268.0
1337617913.4 288.0
1337617913.4 276.0
1337617913.4 293.0
1337617913.41 301.0
1337617913.41 279.0
1337617913.41 304.0
1337617913.41 319.0
1337617913.41 322.0
1337617913.41 333.0
1337617913.41 346.0
1337617913.41 388.0
1337617913.41 389.0
1337617913.41 410.0
1337617913.41 431.0
1337617913.41 459.0
1337617913.41 474.0
1337617913.41 489.0
1337617913.41 532.0
1337617913.41 533.0
1337617913.41 572.0
1337617913.41 623.0
1337617913.41 638.0
1337617913.41 661.0
1337617913.42 689.0
1337617913.43 684.0
1337617913.43 708.0
1337617913.43 721.0
1337617913.43 708.0
1337617913.44 723.0
1337617913.44 756.0
1337617913.44 741.0
1337617913.44 734.0
1337617913.44 777.0
1337617913.44 756.0
1337617913.44 766.0
1337617913.44 804.0
1337617913.44 788.0
1337617913.46 783.0
1337617913.46 805.0
1337617913.46 809.0
1337617913.47 793.0
1337617913.47 809.0
1337617913.47 812.0
1337617913.47 788.0
1337617913.47 811.0
1337617913.47 817.0
1337617913.47 792.0
1337617913.48 789.0
1337617913.48 807.0
1337617913.48 785.0
1337617913.48 767.0
1337617913.48 798.0
1337617913.48 767.0
1337617913.48 763.0
1337617913.48 812.0
1337617913.51 788.0
1337617913.51 494.0
1337617913.51 488.0
1337617913.51 468.0
1337617913.51 463.0
1337617913.51 481.0
1337617913.51 456.0
1337617913.51 437.0
1337617913.51 441.0
1337617913.52 435.0
1337617913.52 401.0
1337617913.52 396.0
1337617913.52 405.0
1337617913.52 389.0
1337617913.52 378.0
1337617913.52 376.0
1337617913.53 362.0
1337617913.53 340.0
1337617913.53 332.0
1337617913.53 310.0
1337617913.53 308.0
1337617913.53 291.0
1337617913.54 255.0
1337617913.54 254.0
1337617913.54 231.0
1337617913.54 227.0
1337617913.54 245.0
1337617913.54 241.0
1337617913.54 256.0
1337617913.54 247.0
1337617913.55 254.0
1337617913.55 292.0
1337617913.56 274.0
1337617913.57 267.0
1337617913.59 281.0
1337617913.59 285.0
1337617913.59 266.0
1337617913.59 274.0
1337617913.59 283.0
1337617913.6 273.0
1337617913.6 281.0
1337617913.6 266.0
1337617913.62 262.0
1337617913.62 238.0
1337617913.63 244.0
1337617913.63 263.0
1337617913.63 250.0
1337617913.64 271.0
1337617913.64 273.0
1337617913.64 255.0
1337617913.65 275.0
1337617913.66 241.0
1337617913.67 245.0
1337617913.67 245.0
1337617913.68 212.0
1337617913.68 212.0
1337617913.68 237.0
1337617913.69 195.0
1337617913.7 201.0
1337617913.72 227.0
1337617913.72 205.0
1337617913.72 208.0
1337617913.73 233.0
1337617913.73 212.0
1337617913.73 197.0
1337617913.73 239.0
1337617913.73 227.0
1337617913.74 214.0
1337617913.74 261.0
1337617913.75 247.0
1337617913.76 222.0
1337617913.76 262.0
1337617913.77 249.0
1337617913.77 241.0
1337617913.77 264.0
1337617913.78 270.0
1337617913.78 267.0
1337617913.79 273.0
1337617913.8 303.0
1337617913.8 292.0
1337617913.81 303.0
1337617913.81 332.0
1337617913.82 309.0
1337617913.82 308.0
1337617913.82 342.0
1337617913.83 315.0
1337617913.83 317.0
1337617913.85 356.0
1337617913.85 326.0
1337617913.86 322.0
1337617913.86 344.0
1337617913.86 326.0
1337617913.86 311.0
1337617913.87 332.0
1337617913.88 326.0
1337617913.88 313.0
1337617913.88 317.0
1337617913.89 319.0
1337617913.89 314.0
1337617913.9 305.0
1337617913.9 318.0
1337617913.91 311.0
1337617913.91 323.0
1337617913.92 341.0
1337617913.92 349.0
1337617913.93 372.0
1337617913.93 373.0
1337617913.95 396.0
1337617913.95 416.0
1337617913.95 441.0
1337617913.96 485.0
1337617913.96 515.0
1337617913.96 556.0
1337617913.97 588.0
1337617913.97 602.0
1337617913.98 633.0
1337617913.98 663.0
1337617913.99 694.0
1337617914.0 734.0
1337617914.0 756.0
1337617914.0 793.0
1337617914.01 794.0
1337617914.01 809.0
1337617914.02 851.0
1337617914.02 867.0
1337617914.03 898.0
1337617914.03 916.0
1337617914.05 946.0
1337617914.05 941.0
1337617914.05 960.0
1337617914.05 980.0
1337617914.06 976.0
1337617914.06 979.0
1337617914.07 998.0
1337617914.07 1006.0
1337617914.08 985.0
1337617914.08 1024.0
1337617914.1 1024.0
1337617914.1 1029.0
1337617914.1 1047.0
1337617914.1 1038.0
1337617914.11 1035.0
1337617914.11 1049.0
1337617914.12 1078.0
1337617914.12 1079.0
1337617914.13 1081.0
1337617914.13 1108.0
1337617914.14 1088.0
1337617914.14 1094.0
1337617914.15 1149.0
1337617914.16 1121.0
1337617914.16 1126.0
1337617914.16 1164.0
1337617914.17 1150.0
1337617914.18 1162.0
1337617914.18 1194.0
1337617914.18 1191.0
1337617914.19 1190.0
1337617914.19 1211.0
1337617914.2 1234.0
1337617914.2 1236.0
1337617914.21 1248.0
1337617914.21 1270.0
1337617914.23 1255.0
1337617914.23 1263.0
1337617914.23 1286.0
1337617914.23 1266.0
1337617914.24 1274.0
1337617914.24 1293.0
1337617914.25 1274.0
1337617914.25 1271.0
1337617914.26 1277.0
1337617914.26 1264.0
1337617914.27 1245.0
1337617914.27 1251.0
1337617914.28 1247.0
1337617914.28 1218.0
1337617914.29 1228.0
1337617914.29 1233.0
1337617914.3 1210.0
1337617914.31 1205.0
1337617914.31 1200.0
1337617914.31 1174.0
1337617914.32 1167.0
1337617914.32 1171.0
1337617914.33 1159.0
1337617914.33 1146.0
1337617914.34 1140.0
1337617914.34 1139.0
1337617914.35 1141.0
1337617914.35 1126.0
1337617914.36 1139.0
1337617914.36 1137.0
1337617914.37 1128.0
1337617914.38 1151.0
1337617914.38 1137.0
1337617914.39 1153.0
1337617914.39 1171.0
1337617914.39 1150.0
1337617914.4 1159.0
1337617914.4 1167.0
1337617914.41 1153.0
1337617914.42 1176.0
1337617914.42 1180.0
1337617914.43 1192.0
1337617914.43 1189.0
1337617914.43 1200.0
1337617914.44 1232.0
1337617914.44 1224.0
1337617914.45 1224.0
1337617914.45 1234.0
1337617914.46 1237.0
1337617914.46 1210.0
1337617914.47 1206.0
1337617914.48 1202.0
1337617914.48 1187.0
1337617914.48 1179.0
1337617914.48 1169.0
1337617914.49 1169.0
1337617914.5 1140.0
1337617914.5 1140.0
1337617914.51 1152.0
1337617914.51 1130.0
1337617914.52 1140.0
1337617914.53 1130.0
1337617914.53 1107.0
1337617914.54 1104.0
1337617914.54 1071.0
1337617914.54 1042.0
1337617914.55 1034.0
1337617914.64 1032.0
1337617915.07 996.0
1337617915.09 976.0
1337617915.1 985.0
1337617915.17 932.0
1337617915.17 918.0
1337617915.23 921.0
1337617915.23 879.0
1337617915.23 839.0
1337617915.24 833.0
1337617915.24 820.0
1337617915.24 789.0
1337617915.24 801.0
1337617915.24 783.0
1337617915.25 747.0
1337617915.25 727.0
1337617915.28 702.0
1337617915.28 666.0
1337617915.28 652.0
1337617915.29 651.0
