1337617900.84 -127.339080811
1337617900.85 -126.854644775
1337617900.85 -127.31199646
1337617900.86 -124.297714233
1337617900.86 -120.952064514
1337617900.87 -119.074478149
1337617900.87 -116.938850403
1337617900.88 -115.712753296
1337617900.88 -113.755462646
1337617900.89 -110.978736877
1337617900.89 -107.477500916
1337617900.9 -108.907516479
1337617900.9 -110.147087097
1337617900.92 -109.888786316
1337617900.92 -110.112075806
1337617900.92 -107.170547485
1337617900.92 -107.803665161
1337617900.93 -111.32258606
1337617900.93 -114.021064758
1337617900.94 -114.549064636
1337617900.94 -116.240638733
1337617900.95 -115.891174316
1337617900.95 -116.216079712
1337617900.96 -119.991928101
1337617900.96 -121.909034729
1337617900.97 -120.992027283
1337617900.97 -120.902610779
1337617900.98 -118.583724976
1337617900.98 -117.004150391
1337617900.99 -117.777168274
1337617900.99 -115.534179688
1337617901.0 -112.221870422
1337617901.0 -110.571548462
1337617901.02 -105.388679504
1337617901.02 -102.096488953
1337617901.02 -100.562019348
1337617901.03 -99.1808395386
1337617901.03 -96.078414917
1337617901.03 -96.7108612061
1337617901.04 -97.2267150879
1337617901.04 -98.3183441162
1337617901.05 -101.514099121
1337617901.06 -101.790344238
1337617901.06 -100.636062622
1337617901.06 -102.512886047
1337617901.07 -102.315681458
1337617901.07 -100.650375366
1337617901.08 -98.4675445557
1337617901.08 -95.7130813599
1337617901.09 -93.9939041138
1337617901.09 -94.0683364868
1337617901.1 -95.0821914673
1337617901.1 -93.8017272949
1337617901.12 -90.8224334717
1337617901.12 -89.1101150513
1337617901.12 -86.2069091797
1337617901.12 -84.0076141357
1337617901.13 -79.5618515015
1337617901.13 -75.0078430176
1337617901.14 -70.9806137085
1337617901.14 -69.3790588379
1337617901.14 -69.7203292847
1337617901.15 -67.5776824951
1337617901.15 -65.4792785645
1337617901.16 -61.8329925537
1337617901.17 -59.3693618774
1337617901.17 -61.657951355
1337617901.18 -61.8740653992
1337617901.18 -59.6122703552
1337617901.19 -56.3583183289
1337617901.19 -54.3763885498
1337617901.2 -51.1986427307
1337617901.2 -50.9386901855
1337617901.21 -48.6915435791
1337617901.22 -43.3695411682
1337617901.22 -41.1099281311
1337617901.22 -38.1751747131
1337617901.23 -35.7128982544
1337617901.23 -36.39220047
1337617901.23 -36.3598060608
1337617901.24 -32.4116172791
1337617901.24 -31.2215175629
1337617901.25 -31.1085777283
1337617901.26 -27.8759899139
1337617901.26 -27.5344429016
1337617901.27 -27.8702793121
1337617901.27 -22.6257362366
1337617901.28 -20.363073349
1337617901.28 -19.7775802612
1337617901.28 -16.5922203064
1337617901.29 -15.8793077469
1337617901.29 -15.8333854675
1337617901.3 -12.5420627594
1337617901.32 -13.3997249603
1337617901.32 -15.2064886093
1337617901.32 -11.5629739761
1337617901.32 -10.2909183502
1337617901.33 -11.0044193268
1337617901.33 -6.66593170166
1337617901.34 -4.79439163208
1337617901.34 -2.66119909286
1337617901.34 3.09924459457
1337617901.35 4.99398803711
1337617901.35 3.95307898521
1337617901.36 6.42005872726
1337617901.36 7.09041166306
1337617901.37 5.70529079437
1337617901.37 9.50869655609
1337617901.38 8.11943244934
1337617901.39 1.85792899132
1337617901.39 0.885969519615
1337617901.39 -2.81012320518
1337617901.4 -6.35797405243
1337617901.42 -6.23908042908
1337617901.42 -7.57448959351
1337617901.42 -9.3739490509
1337617901.42 -8.17645454407
1337617901.43 -6.06471300125
1337617901.43 -7.49049329758
1337617901.43 -6.13946819305
1337617901.44 -4.96116495132
1337617901.44 -6.35055494308
1337617901.45 -2.67990541458
1337617901.45 -1.16567146778
1337617901.46 -3.00823187828
1337617901.47 -1.6791062355
1337617901.47 -1.64570486546
1337617901.47 -1.49816584587
1337617901.48 -0.167370185256
1337617901.48 -2.45972156525
1337617901.49 -7.03556442261
1337617901.49 -9.36587619781
1337617901.5 -10.5398874283
1337617901.52 -13.3399543762
1337617901.52 -12.9993028641
1337617901.52 -14.7821741104
1337617901.52 -19.3487129211
1337617901.52 -20.4020442963
1337617901.53 -21.7245502472
1337617901.53 -22.0186214447
1337617901.54 -20.9631519318
1337617901.54 -21.1009101868
1337617901.55 -23.1422157288
1337617901.55 -25.0784778595
1337617901.56 -25.4814758301
1337617901.56 -25.8941230774
1337617901.57 -25.3266372681
1337617901.57 -28.0440216064
1337617901.58 -29.5116577148
1337617901.58 -31.5737056732
1337617901.6 -33.6582336426
1337617901.6 -33.1739387512
1337617901.6 -35.6083717346
1337617901.6 -36.9149627686
1337617901.61 -36.5839805603
1337617901.61 -37.784702301
1337617901.62 -36.175201416
1337617901.62 -35.3836936951
1337617901.63 -36.1308097839
1337617901.65 -36.3212776184
1337617901.65 -35.9900932312
1337617901.66 -35.6370429993
1337617901.66 -36.1005783081
1337617901.66 -36.0305900574
1337617901.66 -38.1552848816
1337617901.67 -38.4733200073
1337617901.67 -35.7224578857
1337617901.89 -34.6843185425
1337617901.89 -34.0792579651
1337617901.89 -33.7250061035
1337617901.89 -34.6795272827
1337617901.89 -36.083240509
1337617901.89 -36.7053794861
1337617901.89 -37.6779747009
1337617901.89 -40.3245162964
1337617901.89 -40.0420341492
1337617901.9 -42.9736442566
1337617901.9 -45.6734199524
1337617901.9 -45.017578125
1337617901.9 -48.1310958862
1337617901.92 -52.0189170837
1337617901.92 -53.9824333191
1337617901.92 -56.6097259521
1337617901.92 -59.4860305786
1337617901.93 -58.7477912903
1337617901.93 -58.3737945557
1337617901.93 -62.2320518494
1337617901.96 -64.2762451172
1337617901.96 -65.8439865112
1337617901.96 -69.5946502686
1337617901.96 -70.7724990845
1337617901.96 -73.9319458008
1337617901.97 -77.8414535522
1337617901.97 -78.3622894287
1337617901.97 -78.1189727783
1337617901.97 -79.65574646
1337617901.98 -81.8762435913
1337617902.03 -83.4452438354
1337617902.03 -89.4051818848
1337617902.03 -92.6928787231
1337617902.03 -92.9450759888
1337617902.04 -97.1284942627
1337617902.04 -95.2332458496
1337617902.05 -93.2333526611
1337617902.05 -94.814994812
1337617902.05 -94.5317230225
1337617902.05 -92.5784988403
1337617902.12 -93.6966171265
1337617902.12 -91.222984314
1337617902.12 -88.6873397827
1337617902.12 -91.0250854492
1337617902.12 -91.6466217041
1337617902.13 -88.8292541504
1337617902.13 -90.8279800415
1337617902.13 -91.809677124
1337617902.13 -89.3842849731
1337617902.13 -93.31980896
1337617902.13 -95.3908996582
1337617902.14 -94.4950485229
1337617902.14 -97.9609222412
1337617902.14 -98.3532104492
1337617902.14 -96.9956207275
1337617902.14 -99.0662155151
1337617902.14 -99.8923339844
1337617902.14 -98.604133606
1337617902.14 -102.86252594
1337617902.14 -107.979949951
1337617902.14 -108.018547058
1337617902.14 -111.841087341
1337617902.15 -113.321266174
1337617902.15 -109.037460327
1337617902.15 -112.478141785
1337617902.15 -115.131851196
1337617902.15 -112.950111389
1337617902.17 -113.455863953
1337617902.17 -110.421226501
1337617902.17 -105.829017639
1337617902.17 -106.23361969
1337617902.17 -106.949180603
1337617902.17 -102.367485046
1337617902.17 -102.483589172
1337617902.17 -102.318458557
1337617902.18 -99.2994613647
1337617902.18 -102.348937988
1337617902.18 -102.905914307
1337617902.18 -98.4894485474
1337617902.18 -99.2594909668
1337617902.18 -99.9351119995
1337617902.18 -99.4069900513
1337617902.18 -96.7178497314
1337617902.2 -94.018371582
1337617902.2 -88.8428878784
1337617902.2 -91.1874465942
1337617902.2 -95.386138916
1337617902.2 -95.6192474365
1337617902.2 -96.7765655518
1337617902.2 -99.5849609375
1337617902.2 -98.4891738892
1337617902.2 -100.03250885
1337617902.2 -104.897590637
1337617902.2 -97.4546432495
1337617902.21 -90.3586502075
1337617902.21 -84.5267105103
1337617902.21 -76.0456008911
1337617902.21 -72.7864151001
1337617902.21 -71.8728408813
1337617902.21 -67.935546875
1337617902.21 -62.0873641968
1337617902.21 -56.7930297852
1337617902.22 -49.8054695129
1337617902.22 -45.2173919678
1337617902.22 -44.6595420837
1337617902.22 -39.5490341187
1337617902.22 -35.1848640442
1337617902.22 -32.7394332886
1337617902.22 -27.8434753418
1337617902.22 -26.8981170654
1337617902.22 -30.279504776
1337617902.23 -30.2695922852
1337617902.23 -31.4596252441
1337617902.24 -32.7650718689
1337617902.24 -34.5796165466
1337617902.25 -37.8753356934
1337617902.25 -37.3640556335
1337617902.26 -35.0590896606
1337617902.26 -32.7483558655
1337617902.27 -32.0474395752
1337617902.27 -32.8026199341
1337617902.28 -33.884563446
1337617902.28 -32.71875
1337617902.29 -29.2282524109
1337617902.29 -25.7061271667
1337617902.3 -21.7602729797
1337617902.3 -18.9551277161
1337617902.31 -14.860326767
1337617902.31 -8.87715816498
1337617902.32 -4.28329181671
1337617902.33 -2.18303608894
1337617902.33 -0.209547042847
1337617902.34 1.34079480171
1337617902.34 5.01469564438
1337617902.34 9.83212471008
1337617902.35 13.4298458099
1337617902.35 11.1886816025
1337617902.36 11.7331800461
1337617902.36 13.3209886551
1337617902.37 17.3756313324
1337617902.37 25.8479747772
1337617902.38 33.5394096375
1337617902.38 36.0908927917
1337617902.39 41.7646217346
1337617902.39 46.698299408
1337617902.4 54.030872345
1337617902.42 63.6122589111
1337617902.42 72.0220031738
1337617902.42 77.7411880493
1337617902.42 77.3202819824
1337617902.42 76.695274353
1337617902.43 74.9399795532
1337617902.43 73.222366333
1337617902.44 80.8751449585
1337617902.44 88.0196685791
1337617902.45 94.3940963745
1337617902.45 98.1554794312
1337617902.46 99.3477935791
1337617902.46 98.5347518921
1337617902.47 105.245643616
1337617902.47 110.721054077
1337617902.48 114.723434448
1337617902.48 119.745491028
1337617902.49 123.882736206
1337617902.49 123.024986267
1337617902.5 126.399894714
1337617902.51 128.44569397
1337617902.51 125.924560547
1337617902.52 126.34210968
1337617902.52 133.12059021
1337617902.52 136.307144165
1337617902.53 143.171676636
1337617902.53 148.339553833
1337617902.54 150.317550659
1337617902.54 145.587188721
1337617902.55 141.332229614
1337617902.55 133.596206665
1337617902.55 127.297103882
1337617902.56 125.186645508
1337617902.57 127.889549255
1337617902.57 131.980255127
1337617902.58 137.961380005
1337617902.58 137.969451904
1337617902.59 137.296981812
1337617902.59 141.653381348
1337617902.6 141.379318237
1337617902.6 145.492675781
1337617902.61 148.762161255
1337617902.61 146.066482544
1337617902.62 146.976409912
1337617902.62 145.781356812
1337617902.63 140.71661377
1337617902.63 138.775802612
1337617902.65 140.583740234
1337617902.65 137.186660767
1337617902.65 134.825561523
1337617902.65 132.077331543
1337617902.66 126.799293518
1337617902.66 122.362564087
1337617902.67 121.234153748
1337617902.67 113.335250854
1337617902.68 109.161201477
1337617902.68 105.833816528
1337617902.69 99.2933654785
1337617902.69 94.6239471436
1337617902.7 92.452583313
1337617902.7 95.0976257324
1337617902.71 98.6030197144
1337617902.71 106.782608032
1337617902.72 104.000640869
1337617902.72 102.213226318
1337617902.73 103.836471558
1337617902.73 99.5632858276
1337617902.75 100.014282227
1337617902.75 102.482788086
1337617902.75 101.202026367
1337617902.75 102.098182678
1337617902.76 102.884277344
1337617902.76 98.7700958252
1337617902.76 96.6719055176
1337617902.77 97.1636886597
1337617902.77 92.6040039062
1337617902.78 91.0473175049
1337617902.79 92.4801712036
1337617902.79 87.6171798706
1337617902.8 86.8543930054
1337617902.8 88.0175704956
1337617902.8 85.0113067627
1337617902.81 87.3465118408
1337617902.81 89.1300888062
1337617902.82 86.6617050171
1337617902.82 87.3534698486
1337617902.83 88.4960403442
1337617902.85 84.5205383301
1337617902.85 84.0179901123
1337617902.85 85.8479919434
1337617902.85 84.1102142334
1337617902.86 84.4739379883
1337617902.86 85.9571914673
1337617902.86 82.6487884521
1337617902.87 82.5217285156
1337617902.87 83.2040100098
1337617902.88 79.1549758911
1337617902.88 77.6183776855
1337617902.89 76.3433990479
1337617902.89 71.9163208008
1337617902.9 72.732635498
1337617902.9 73.8033065796
1337617902.91 70.0183258057
1337617902.91 65.8673400879
1337617902.92 62.1245880127
1337617902.92 54.2141532898
1337617902.93 51.6474494934
1337617902.95 54.1292304993
1337617902.95 52.3600120544
1337617902.95 54.2660217285
1337617902.95 54.592250824
1337617902.96 50.2198791504
1337617902.96 51.4429931641
1337617902.96 53.4213294983
1337617902.97 51.3675880432
1337617902.97 52.1266098022
1337617902.98 51.1201095581
1337617902.98 46.3850822449
1337617902.99 45.9386787415
1337617902.99 45.867816925
1337617903.0 38.7111701965
1337617903.01 35.7172355652
1337617903.01 34.2539176941
1337617903.01 29.042219162
1337617903.03 28.4028892517
1337617903.03 27.9931507111
1337617903.03 22.9547023773
1337617903.04 21.4121646881
1337617903.04 22.8564510345
1337617903.05 20.8046607971
1337617903.05 22.1742305756
1337617903.06 23.1534099579
1337617903.06 19.3027267456
1337617903.06 19.804775238
1337617903.07 20.1047782898
1337617903.07 18.5753269196
1337617903.08 18.869638443
1337617903.08 18.9409008026
1337617903.09 17.1244354248
1337617903.09 15.6065301895
1337617903.1 15.8713026047
1337617903.1 13.3269433975
1337617903.11 10.5832700729
1337617903.11 9.27591133118
1337617903.13 3.3814637661
1337617903.13 -0.105495691299
1337617903.14 -0.627690732479
1337617903.14 0.385693818331
1337617903.14 2.72418069839
1337617903.14 6.08744525909
1337617903.15 6.19178295135
1337617903.15 6.68364429474
1337617903.17 9.79422283173
1337617903.17 11.1526250839
1337617903.17 7.42771148682
1337617903.17 5.85193967819
1337617903.18 0.724162459373
1337617903.32 -7.04893827438
1337617903.33 -11.2862730026
1337617903.33 -15.2405042648
1337617903.33 -18.7015781403
1337617903.35 -18.011100769
1337617903.37 -22.0827636719
1337617903.37 -28.1342391968
1337617903.46 -29.0164871216
1337617903.46 -31.9044094086
1337617903.47 -34.6081695557
1337617903.47 -34.2191314697
1337617903.5 -38.3142738342
1337617903.54 -42.4987945557
1337617903.54 -41.3712120056
1337617903.54 -42.1192893982
1337617903.54 -43.1957626343
1337617903.54 -40.162525177
1337617903.54 -41.4433708191
1337617903.54 -42.9265060425
1337617903.54 -40.0610923767
1337617903.56 -40.5800552368
1337617903.56 -41.3652381897
1337617903.56 -38.9494590759
1337617903.56 -39.3063850403
1337617903.56 -41.0741844177
1337617903.56 -39.4405555725
1337617903.56 -39.609161377
1337617903.56 -40.4378471375
1337617903.56 -37.7789955139
1337617903.57 -38.7676429749
1337617903.57 -42.0242881775
1337617903.57 -39.9440307617
1337617903.57 -41.7379951477
1337617903.57 -46.9000778198
1337617903.57 -47.0864906311
1337617903.57 -51.2045822144
1337617903.57 -58.4271125793
1337617903.57 -60.5740013123
1337617903.58 -62.4116783142
1337617903.58 -65.6694412231
1337617903.59 -64.9467849731
1337617903.59 -65.4000320435
1337617903.59 -68.3110351562
1337617903.59 -65.2685928345
1337617903.59 -63.6497268677
1337617903.59 -64.5194778442
1337617903.59 -60.0583648682
1337617903.59 -61.1963577271
1337617903.6 -62.305847168
1337617903.6 -60.2392158508
1337617903.6 -58.3744926453
1337617903.6 -59.2544441223
1337617903.6 -59.3378829956
1337617903.61 -58.7007217407
1337617903.61 -58.9371604919
1337617903.61 -56.9788360596
1337617903.61 -53.6517715454
1337617903.61 -55.4898719788
1337617903.61 -55.9264450073
1337617903.62 -55.6393852234
1337617903.62 -59.7409896851
1337617903.62 -59.2001342773
1337617903.62 -59.9738502502
1337617903.62 -61.4600753784
1337617903.64 -60.7974090576
1337617903.64 -58.1839332581
1337617903.64 -56.9091949463
1337617903.64 -56.4217681885
1337617903.64 -55.1281089783
1337617903.65 -55.0708694458
1337617903.65 -55.0609817505
1337617903.65 -51.2762832642
1337617903.65 -51.1912231445
1337617903.65 -50.3749656677
1337617903.67 -48.3707962036
1337617903.67 -49.1895256042
1337617903.67 -47.670337677
1337617903.67 -44.7262649536
1337617903.67 -47.3585319519
1337617903.67 -50.7307739258
1337617903.67 -49.813419342
1337617903.67 -50.7547111511
1337617903.67 -50.8772315979
1337617903.67 -48.5941047668
1337617903.67 -51.7123069763
1337617903.67 -55.9986190796
1337617903.67 -56.7253112793
1337617903.68 -57.4732513428
1337617903.68 -57.9016876221
1337617903.68 -56.1944541931
1337617903.68 -60.8939399719
1337617903.68 -66.4383468628
1337617903.68 -65.1737823486
1337617903.68 -65.370880127
1337617903.68 -64.9596328735
1337617903.68 -59.4825706482
1337617903.68 -58.4787063599
1337617903.68 -58.3314323425
1337617903.68 -52.200717926
1337617903.68 -47.4853630066
1337617903.69 -46.8800697327
1337617903.69 -43.8917427063
1337617903.69 -44.9730529785
1337617903.7 -46.5287284851
1337617903.7 -40.2832260132
1337617903.71 -38.6850471497
1337617903.71 -38.8987693787
1337617903.72 -36.9360809326
1337617903.72 -40.0016670227
1337617903.73 -42.6126174927
1337617903.73 -39.9066314697
1337617903.74 -37.1349105835
1337617903.74 -39.1694831848
1337617903.75 -37.5262260437
1337617903.75 -36.5496902466
1337617903.76 -37.4129943848
1337617903.77 -34.0051956177
1337617903.77 -34.8726501465
1337617903.77 -37.8227920532
1337617903.78 -35.0270462036
1337617903.78 -31.129234314
1337617903.79 -29.2519035339
1337617903.79 -25.1573562622
1337617903.8 -26.1858654022
1337617903.8 -29.5374641418
1337617903.81 -27.3659114838
1337617903.81 -26.1762905121
1337617903.82 -27.322095871
1337617903.82 -26.4470729828
1337617903.83 -28.8037147522
1337617903.83 -30.674905777
1337617903.84 -29.1239852905
1337617903.84 -27.9728393555
1337617903.85 -27.6766986847
1337617903.86 -26.3063182831
1337617903.86 -25.9129638672
1337617903.87 -28.9277095795
1337617903.87 -30.1734809875
1337617903.87 -29.2235527039
1337617903.88 -29.8776531219
1337617903.88 -26.2894058228
1337617903.89 -23.9287891388
1337617903.89 -24.200504303
1337617903.9 -22.9039516449
1337617903.9 -22.8046340942
1337617903.91 -22.6127567291
1337617903.91 -21.877614975
1337617903.92 -19.3808364868
1337617903.92 -20.4953517914
1337617903.93 -20.7192268372
1337617903.93 -20.3483428955
1337617903.95 -23.6680488586
1337617903.95 -23.9743900299
1337617903.95 -21.5063285828
1337617903.95 -20.2795562744
1337617903.96 -19.0057239532
1337617903.96 -18.1915168762
1337617903.97 -19.2676200867
1337617903.97 -19.6585388184
1337617903.98 -15.1144618988
1337617903.98 -14.5423898697
1337617903.99 -15.5769853592
1337617903.99 -16.7032012939
1337617904.0 -20.7670631409
1337617904.0 -22.8232059479
1337617904.01 -21.2984619141
1337617904.01 -22.3040294647
1337617904.02 -24.7203922272
1337617904.02 -25.6747837067
1337617904.03 -29.2657108307
1337617904.04 -29.4885559082
1337617904.04 -26.1595077515
1337617904.05 -25.4376850128
1337617904.05 -26.9642410278
1337617904.05 -25.8004570007
1337617904.06 -26.1937561035
1337617904.06 -26.8486995697
1337617904.07 -23.7128887177
1337617904.07 -23.4276943207
1337617904.08 -23.466217041
1337617904.08 -22.374671936
1337617904.09 -24.2427177429
1337617904.09 -27.921749115
1337617904.1 -25.7513008118
1337617904.1 -27.4816627502
1337617904.11 -29.7413291931
1337617904.11 -26.3626708984
1337617904.13 -28.6179428101
1337617904.13 -30.6919155121
1337617904.13 -27.1469783783
1337617904.13 -26.345905304
1337617904.14 -26.2786903381
1337617904.14 -25.4944248199
1337617904.15 -26.0125579834
1337617904.15 -26.8663234711
1337617904.16 -23.6900520325
1337617904.16 -21.6112518311
1337617904.17 -25.1508522034
1337617904.17 -23.6630992889
1337617904.17 -27.7483711243
1337617904.18 -31.724319458
1337617904.19 -28.5080356598
1337617904.19 -28.4342308044
1337617904.2 -32.9351005554
1337617904.2 -35.2694320679
1337617904.21 -37.6342086792
1337617904.21 -40.5621604919
1337617904.23 -37.5683937073
1337617904.23 -35.9245185852
1337617904.23 -39.7195777893
1337617904.23 -38.7983627319
1337617904.24 -37.9593009949
1337617904.24 -38.2809486389
1337617904.24 -33.1720123291
1337617904.25 -32.8768806458
1337617904.25 -35.5712013245
1337617904.26 -32.8919525146
1337617904.26 -30.2641124725
1337617904.27 -30.6386680603
1337617904.27 -28.4708442688
1337617904.28 -24.6608562469
1337617904.28 -23.1692028046
1337617904.29 -18.0341129303
1337617904.29 -15.8144769669
1337617904.3 -17.8276500702
1337617904.3 -19.1459674835
1337617904.31 -19.159444809
1337617904.33 -19.9666862488
1337617904.33 -18.3234710693
1337617904.33 -16.9730148315
1337617904.33 -22.0162734985
1337617904.34 -24.3732318878
1337617904.34 -23.2491035461
1337617904.34 -24.4663295746
1337617904.35 -21.9696102142
1337617904.35 -18.7576160431
1337617904.36 -20.0150642395
1337617904.36 -17.8967971802
1337617904.37 -14.127040863
1337617904.38 -13.8004322052
1337617904.38 -12.5826845169
1337617904.38 -9.6338262558
1337617904.39 -11.099773407
1337617904.4 -11.4582366943
1337617904.41 -9.69800376892
1337617904.42 -11.8912410736
1337617904.42 -12.4591550827
1337617904.42 -11.9304847717
1337617904.42 -13.2492990494
1337617904.43 -15.3679456711
1337617904.43 -13.8976612091
1337617904.43 -15.7477722168
1337617904.44 -18.9245014191
1337617904.44 -15.4070234299
1337617904.45 -15.4191560745
1337617904.45 -15.8023796082
1337617904.46 -13.2565097809
1337617904.46 -15.8427038193
1337617904.47 -17.8063678741
1337617904.47 -14.6775226593
1337617904.48 -12.1264429092
1337617904.48 -12.0762014389
1337617904.49 -8.80751037598
1337617904.49 -8.89336299896
1337617904.51 -11.4004993439
1337617904.51 -9.60883808136
1337617904.52 -9.81211471558
1337617904.52 -13.68446064
1337617904.52 -13.5324029922
1337617904.53 -14.4366912842
1337617904.53 -17.3468780518
1337617904.53 -15.498752594
1337617904.54 -14.6195745468
1337617904.55 -17.8774433136
1337617904.55 -15.5285768509
1337617904.57 -12.4043827057
1337617904.57 -13.0618057251
1337617904.57 -9.07606315613
1337617904.57 -8.12606906891
1337617904.58 -12.7912340164
1337617904.58 -11.6847248077
1337617904.58 -9.69890403748
1337617904.6 -10.7477283478
1337617904.6 -8.26254367828
1337617904.64 -7.2021522522
1337617904.64 -10.1122360229
1337617904.65 -8.68722820282
1337617904.65 -4.08590555191
1337617904.65 -5.7356710434
1337617904.65 -5.03868150711
1337617904.65 -3.42154312134
1337617904.66 -7.85280704498
1337617904.66 -6.43203735352
1337617904.66 -2.38166046143
1337617904.66 -3.94162988663
1337617904.67 -1.7472038269
1337617904.67 0.268254190683
1337617904.69 -1.32852566242
1337617904.69 0.0676132440567
1337617904.69 3.68020820618
1337617904.7 0.439637750387
1337617904.7 -1.43782138824
1337617904.7 0.0723081827164
1337617904.7 -4.66705513
1337617904.71 -6.30480146408
1337617904.71 -6.31695842743
1337617904.71 -8.88414382935
1337617904.71 -11.3632469177
1337617904.72 -12.1293716431
1337617904.72 -12.7200984955
1337617904.73 -13.8027887344
1337617904.74 -11.6492805481
1337617904.74 -8.90988445282
1337617904.74 -9.72940731049
1337617904.75 -6.29570198059
1337617904.75 -5.58926010132
1337617904.76 -8.34711360931
1337617904.76 -6.57749462128
1337617904.77 -6.22625112534
1337617904.77 -12.8711490631
1337617904.78 -14.4955606461
1337617904.8 -14.3958034515
1337617904.8 -18.0061206818
1337617904.81 -21.2324867249
1337617904.81 -23.1401672363
1337617904.81 -30.2883319855
1337617904.81 -31.5426158905
1337617904.82 -26.6782569885
1337617904.82 -26.890039444
1337617904.82 -24.4580097198
1337617904.83 -21.2654361725
1337617904.84 -22.8573093414
1337617904.84 -22.1219139099
1337617904.84 -22.1175956726
1337617904.85 -22.7924079895
1337617904.85 -22.7792510986
1337617904.86 -19.0278015137
1337617904.86 -18.2545757294
1337617904.87 -21.9757671356
1337617904.87 -20.8880386353
1337617904.89 -19.1576862335
1337617904.89 -21.1051292419
1337617904.89 -19.4869499207
1337617904.89 -17.1798858643
1337617904.9 -20.2303276062
1337617904.9 -15.7950286865
1337617904.91 -4.53465557098
1337617904.91 -0.116009116173
1337617904.92 7.50715732574
1337617904.92 15.461432457
1337617904.93 23.6886501312
1337617904.93 35.5683708191
1337617904.94 45.1115341187
1337617904.94 46.1064147949
1337617904.95 46.4526138306
1337617904.95 45.9524993896
1337617904.96 36.5707321167
1337617904.96 24.6888523102
1337617904.97 18.3396282196
1337617904.97 10.5130329132
1337617904.99 -3.43092489243
1337617904.99 -10.4486942291
1337617904.99 -22.6604709625
1337617904.99 -32.8312110901
1337617905.0 -38.2287406921
1337617905.0 -45.2645530701
1337617905.01 -51.5622940063
1337617905.01 -55.7724685669
1337617905.02 -59.0169143677
1337617905.02 -63.8742828369
1337617905.03 -67.7759017944
1337617905.03 -70.2934570312
1337617905.04 -73.7272949219
1337617905.04 -74.6723937988
1337617905.05 -73.8337402344
1337617905.05 -71.924118042
1337617905.06 -71.7285842896
1337617905.06 -70.6906509399
1337617905.07 -70.744972229
1337617905.08 -71.6453704834
1337617905.08 -64.126914978
1337617905.08 -58.1319656372
1337617905.09 -55.0565643311
1337617905.09 -48.7976913452
1337617905.1 -44.4252281189
1337617905.1 -41.567073822
1337617905.11 -34.6153373718
1337617905.11 -25.9685325623
1337617905.12 -19.6373233795
1337617905.12 -12.1917495728
1337617905.13 -2.69630765915
1337617905.13 1.56939744949
1337617905.14 8.89712238312
1337617905.14 19.5466041565
1337617905.15 25.7496070862
1337617905.15 36.9245147705
1337617905.16 46.3886222839
1337617905.17 56.9359855652
1337617905.18 68.0249328613
1337617905.18 78.0531616211
1337617905.18 82.3618469238
1337617905.18 90.3709564209
1337617905.19 97.2047729492
1337617905.19 99.0399169922
1337617905.2 103.330215454
1337617905.2 111.027099609
1337617905.21 117.002593994
1337617905.21 131.255172729
1337617905.22 145.842681885
1337617905.22 156.96661377
1337617905.23 166.154876709
1337617905.23 175.750396729
1337617905.24 183.801467896
1337617905.24 188.880386353
1337617905.25 196.244216919
1337617905.25 204.818252563
1337617905.26 210.391586304
1337617905.26 220.86026001
1337617905.27 230.598861694
1337617905.27 233.092422485
1337617905.28 243.506134033
1337617905.28 256.523773193
1337617905.29 262.662719727
1337617905.29 271.144683838
1337617905.31 284.688537598
1337617905.31 292.819000244
1337617905.31 304.126922607
1337617905.31 322.442077637
1337617905.32 333.897613525
1337617905.32 345.695800781
1337617905.33 360.744598389
1337617905.33 371.879882812
1337617905.34 384.93057251
1337617905.34 399.904785156
1337617905.35 416.164215088
1337617905.35 430.255950928
1337617905.36 446.12677002
1337617905.36 463.851409912
1337617905.37 478.352539062
1337617905.37 496.050720215
1337617905.38 510.783935547
1337617905.38 521.94140625
1337617905.39 534.536865234
1337617905.39 545.582214355
1337617905.41 557.926635742
1337617905.41 570.484619141
1337617905.41 581.776977539
1337617905.41 588.881347656
1337617905.42 601.29699707
1337617905.42 609.500427246
1337617905.43 621.736877441
1337617905.43 638.35760498
1337617905.44 651.549987793
1337617905.44 661.676147461
1337617905.45 670.915527344
1337617905.45 680.225341797
1337617905.46 684.116943359
1337617905.46 696.77746582
1337617905.47 712.070617676
1337617905.47 720.656616211
1337617905.48 740.218139648
1337617905.48 758.781738281
1337617905.49 770.321166992
1337617905.49 776.403564453
1337617905.5 784.183105469
1337617905.5 788.892700195
1337617905.51 794.74017334
1337617905.53 808.704101562
1337617905.53 815.490539551
1337617905.53 822.899108887
1337617905.53 838.868896484
1337617905.53 849.401428223
1337617905.54 858.203491211
1337617905.54 871.42578125
1337617905.54 878.451782227
1337617905.55 885.378845215
1337617905.55 895.472473145
1337617905.56 903.54864502
1337617905.57 912.644348145
1337617905.57 920.457519531
1337617905.58 930.817687988
1337617905.58 941.176452637
1337617905.59 953.777282715
1337617905.59 957.507629395
1337617905.6 959.583496094
1337617905.6 966.629211426
1337617905.61 969.084350586
1337617905.62 980.799682617
1337617905.62 996.695129395
1337617905.62 1004.30010986
1337617905.63 1018.47698975
1337617905.63 1033.34863281
1337617905.64 1043.82910156
1337617905.64 1056.68737793
1337617905.64 1063.23535156
1337617905.65 1063.62805176
1337617905.66 1065.65856934
1337617905.66 1080.30957031
1337617905.67 1090.1505127
1337617905.67 1101.64807129
1337617905.68 1107.78149414
1337617905.68 1108.67602539
1337617905.69 1110.13049316
1337617905.69 1114.90771484
1337617905.7 1131.53320312
1337617905.7 1150.79882812
1337617905.71 1166.68737793
1337617905.71 1176.44714355
1337617905.73 1190.01513672
1337617905.73 1201.27575684
1337617905.73 1212.09680176
1337617905.73 1224.54785156
1337617905.74 1233.26269531
1337617905.74 1249.76318359
1337617905.75 1265.05407715
1337617905.75 1279.0402832
1337617905.77 1291.81811523
1337617905.77 1295.90454102
1337617905.77 1300.37121582
1337617905.77 1303.71069336
1337617905.78 1316.19042969
1337617905.78 1325.66223145
1337617905.79 1334.29626465
1337617905.79 1343.8404541
1337617905.81 1354.52697754
1337617905.81 1364.3482666
1337617905.81 1372.30236816
1337617905.89 1382.34362793
1337617905.89 1389.21203613
1337617905.89 1394.01623535
1337617905.89 1406.15783691
1337617905.89 1415.78845215
1337617905.89 1423.46325684
1337617905.89 1430.93164062
1337617905.9 1435.87194824
1337617905.9 1440.57141113
1337617905.9 1446.1307373
1337617905.9 1453.97167969
1337617905.92 1458.80981445
1337617905.92 1465.29284668
1337617905.92 1478.44787598
1337617905.92 1487.04943848
1337617905.92 1498.91345215
1337617905.93 1508.09606934
1337617905.93 1508.96765137
1337617905.93 1512.57800293
1337617905.93 1518.51708984
1337617905.93 1522.72717285
1337617905.93 1530.7890625
1337617905.93 1536.40002441
1337617905.93 1556.43395996
1337617905.93 1572.57702637
1337617905.94 1586.4395752
1337617905.94 1590.04187012
1337617905.94 1591.02478027
1337617905.95 1589.7755127
1337617905.96 1582.23425293
1337617905.96 1584.04919434
1337617905.97 1588.23596191
1337617905.97 1587.58837891
1337617905.97 1591.56213379
1337617906.0 1580.25268555
1337617906.0 1564.95129395
1337617906.06 1570.84631348
1337617906.06 1576.27172852
1337617906.06 1581.76818848
1337617906.06 1587.85449219
1337617906.06 1584.4967041
1337617906.07 1579.02453613
1337617906.07 1577.93103027
1337617906.07 1594.62451172
1337617906.07 1609.78393555
1337617906.07 1639.70153809
1337617906.07 1663.20056152
1337617906.07 1685.1796875
1337617906.07 1683.64343262
1337617906.08 1684.29418945
1337617906.08 1685.90966797
1337617906.08 1686.15539551
1337617906.08 1687.63684082
1337617906.09 1685.97766113
1337617906.09 1682.43017578
1337617906.1 1681.55810547
1337617906.1 1679.9744873
1337617906.1 1679.12585449
1337617906.1 1678.07434082
1337617906.11 1702.33764648
1337617906.11 1725.0559082
1337617906.11 1745.93469238
1337617906.12 1762.33532715
1337617906.12 1774.89221191
1337617906.13 1785.05175781
1337617906.14 1793.48706055
1337617906.15 1813.10095215
1337617906.15 1831.14257812
1337617906.15 1848.46789551
1337617906.15 1851.55944824
1337617906.16 1855.21557617
1337617906.16 1860.62683105
1337617906.17 1858.68640137
1337617906.18 1856.77062988
1337617906.18 1856.55908203
1337617906.19 1861.15100098
1337617906.19 1866.24243164
1337617906.19 1873.54638672
1337617906.2 1876.90026855
1337617906.2 1862.4276123
1337617906.21 1848.79626465
1337617906.21 1835.50793457
1337617906.22 1837.80090332
1337617906.22 1840.49755859
1337617906.23 1841.48828125
1337617906.23 1825.61804199
1337617906.25 1812.60803223
1337617906.25 1800.73425293
1337617906.25 1789.59973145
1337617906.25 1781.75793457
1337617906.26 1771.72924805
1337617906.26 1760.71850586
1337617906.27 1756.36621094
1337617906.27 1754.01074219
1337617906.28 1752.62817383
1337617906.28 1736.85583496
1337617906.3 1723.28833008
1337617906.3 1710.96594238
1337617906.3 1703.7989502
1337617906.3 1699.45495605
1337617906.31 1698.22338867
1337617906.31 1695.19494629
1337617906.32 1680.19836426
1337617906.32 1665.67199707
1337617906.33 1650.38171387
1337617906.33 1633.15527344
1337617906.34 1618.01660156
1337617906.35 1604.8034668
1337617906.35 1602.40405273
1337617906.35 1597.14733887
1337617906.36 1594.50695801
1337617906.36 1590.9407959
1337617906.37 1573.43408203
1337617906.37 1560.53710938
1337617906.38 1544.42773438
1337617906.38 1532.02709961
1337617906.39 1522.26965332
1337617906.39 1511.25146484
1337617906.4 1507.34997559
1337617906.4 1503.40429688
1337617906.42 1497.97192383
1337617906.42 1493.29394531
1337617906.42 1480.67480469
1337617906.42 1467.6706543
1337617906.43 1453.94104004
1337617906.43 1443.84216309
1337617906.44 1422.60864258
1337617906.44 1403.29858398
1337617906.45 1394.56774902
1337617906.45 1383.61364746
1337617906.47 1374.88793945
1337617906.47 1368.34301758
1337617906.47 1351.04614258
1337617906.47 1338.36083984
1337617906.48 1321.73522949
1337617906.48 1306.7935791
1337617906.49 1293.24987793
1337617906.49 1278.73461914
1337617906.5 1270.42700195
1337617906.5 1251.63183594
1337617906.52 1229.51538086
1337617906.52 1214.1295166
1337617906.52 1200.17468262
1337617906.52 1186.42919922
1337617906.53 1176.30041504
1337617906.53 1167.37976074
1337617906.54 1158.79675293
1337617906.54 1150.7166748
1337617906.55 1146.6439209
1337617906.55 1141.08581543
1337617906.56 1124.86755371
1337617906.56 1116.65283203
1337617906.57 1105.26074219
1337617906.57 1104.57873535
1337617906.58 1107.90222168
1337617906.58 1107.12438965
1337617906.59 1098.5065918
1337617906.6 1092.5189209
1337617906.6 1086.73095703
1337617906.61 1080.4362793
1337617906.61 1078.25512695
1337617906.61 1074.48291016
1337617906.62 1069.82568359
1337617906.62 1067.47265625
1337617906.63 1060.26660156
1337617906.63 1055.16540527
1337617906.64 1042.68847656
1337617906.64 1031.15014648
1337617906.65 1020.91156006
1337617906.65 1010.53686523
1337617906.66 998.602783203
1337617906.66 988.318115234
1337617906.67 977.46685791
1337617906.67 975.47088623
1337617906.69 975.818115234
1337617906.69 974.661193848
1337617906.69 974.078491211
1337617906.69 958.652587891
1337617906.7 944.600036621
1337617906.7 930.693603516
1337617906.71 932.364990234
1337617906.71 937.421569824
1337617906.72 934.251037598
1337617906.72 917.509887695
1337617906.73 905.941650391
1337617906.73 888.322143555
1337617906.74 882.659606934
1337617906.74 874.749023438
1337617906.75 863.927490234
1337617906.76 857.412902832
1337617906.76 853.104553223
1337617906.77 847.381103516
1337617906.77 843.326599121
1337617906.77 835.500305176
1337617906.78 826.778991699
1337617906.78 822.666687012
1337617906.79 818.363830566
1337617906.79 807.160705566
1337617906.8 796.573791504
1337617906.8 788.887268066
1337617906.81 785.429260254
1337617906.81 782.710693359
1337617906.82 783.674560547
1337617906.82 775.211975098
1337617906.83 766.97064209
1337617906.83 762.110534668
1337617906.84 756.908874512
1337617906.84 764.188110352
1337617906.85 772.072692871
1337617906.85 777.217773438
1337617906.87 763.212341309
1337617906.87 750.166320801
1337617906.87 738.38092041
1337617906.87 732.182128906
1337617906.88 723.222106934
1337617906.88 715.417419434
1337617906.89 708.736999512
1337617906.89 709.664428711
1337617906.9 710.713806152
1337617906.9 712.323242188
1337617906.91 704.301635742
1337617906.91 694.715026855
1337617906.92 687.780944824
1337617906.92 682.450012207
1337617906.93 676.332641602
1337617906.93 672.232666016
1337617906.94 670.028076172
1337617906.94 658.058959961
1337617906.95 652.143188477
1337617906.95 647.750244141
1337617906.96 639.244995117
1337617906.97 636.149963379
1337617906.97 634.074279785
1337617906.97 627.874206543
1337617906.98 625.005859375
1337617906.98 625.063110352
1337617906.99 618.979003906
1337617906.99 608.838623047
1337617907.0 603.127197266
1337617907.0 594.397521973
1337617907.01 589.589172363
1337617907.01 588.875
1337617907.02 585.136657715
1337617907.02 578.370117188
1337617907.03 579.380737305
1337617907.03 576.051940918
1337617907.04 572.072509766
1337617907.06 574.08984375
1337617907.06 570.715820312
1337617907.06 569.160522461
1337617907.06 566.963439941
1337617907.07 561.103942871
1337617907.07 558.041564941
1337617907.07 554.652893066
1337617907.08 548.757080078
1337617907.08 544.674072266
1337617907.08 540.612792969
1337617907.09 538.06829834
1337617907.09 536.034240723
1337617907.1 534.468139648
1337617907.11 531.807678223
1337617907.11 529.473510742
1337617907.13 526.84387207
1337617907.13 519.087219238
1337617907.23 513.138549805
1337617907.23 505.780426025
1337617907.24 498.190612793
1337617907.24 491.633422852
1337617907.24 488.15032959
1337617907.24 481.534912109
1337617907.25 475.550415039
1337617907.25 474.204376221
1337617907.25 466.802124023
1337617907.25 461.084411621
1337617907.25 456.70993042
1337617907.25 449.010528564
1337617907.26 447.933044434
1337617907.26 450.455780029
1337617907.27 448.173461914
1337617907.27 445.88973999
1337617907.27 443.844055176
1337617907.27 440.516784668
1337617907.27 441.396087646
1337617907.27 442.774505615
1337617907.29 440.197387695
1337617907.29 435.09274292
1337617907.3 434.450592041
1337617907.3 432.803985596
1337617907.3 430.901763916
1337617907.3 433.902496338
1337617907.3 432.864379883
1337617907.3 422.139923096
1337617907.31 416.992340088
1337617907.31 412.888763428
1337617907.31 405.071563721
1337617907.31 402.306243896
1337617907.31 398.690124512
1337617907.31 392.453826904
1337617907.32 389.572509766
1337617907.32 388.117462158
1337617907.32 385.824737549
1337617907.32 384.903717041
1337617907.32 382.892944336
1337617907.32 379.944580078
1337617907.33 381.706542969
1337617907.33 381.907897949
1337617907.34 380.045623779
1337617907.34 379.276397705
1337617907.35 373.719543457
1337617907.35 368.731842041
1337617907.35 359.175201416
1337617907.38 350.15145874
1337617907.44 339.016845703
1337617907.44 334.462738037
1337617907.44 330.736358643
1337617907.44 329.120178223
1337617907.44 326.455718994
1337617907.44 322.786132812
1337617907.45 321.390472412
1337617907.45 319.883300781
1337617907.45 315.493286133
1337617907.45 312.260040283
1337617907.45 309.996459961
1337617907.45 305.875579834
1337617907.46 304.931304932
1337617907.46 306.761291504
1337617907.46 301.125793457
1337617907.46 297.869445801
1337617907.46 296.331359863
1337617907.46 291.058685303
1337617907.46 289.767425537
1337617907.47 288.992431641
1337617907.47 285.423858643
1337617907.47 284.503936768
1337617907.47 285.684295654
1337617907.48 284.145690918
1337617907.48 284.216400146
1337617907.49 286.297851562
1337617907.49 284.505157471
1337617907.5 281.343597412
1337617907.5 281.19140625
1337617907.51 276.019470215
1337617907.51 270.270751953
1337617907.52 266.348052979
1337617907.52 261.994354248
1337617907.53 252.488983154
1337617907.53 247.437530518
1337617907.54 241.961914062
1337617907.54 235.368225098
1337617907.55 233.859741211
1337617907.56 229.200302124
1337617907.57 221.781051636
1337617907.57 218.451629639
1337617907.57 215.840744019
1337617907.58 210.754272461
1337617907.58 209.220901489
1337617907.58 208.589859009
1337617907.59 202.621444702
1337617907.59 199.912124634
1337617907.6 200.043289185
1337617907.6 198.523345947
1337617907.61 197.402557373
1337617907.61 200.206497192
1337617907.62 198.481185913
1337617907.62 196.578659058
1337617907.63 197.196014404
1337617907.63 196.243011475
1337617907.65 194.616653442
1337617907.65 194.182128906
1337617907.65 191.794525146
1337617907.65 187.380889893
1337617907.66 185.635009766
1337617907.66 182.971435547
1337617907.67 179.800476074
1337617907.67 176.879272461
1337617907.68 173.66494751
1337617907.68 172.400741577
1337617907.69 172.791824341
1337617907.69 169.785446167
1337617907.7 166.306381226
1337617907.7 162.652542114
1337617907.71 160.052490234
1337617907.71 160.761962891
1337617907.72 157.497467041
1337617907.73 152.237350464
1337617907.73 147.303787231
1337617907.73 144.376678467
1337617907.74 141.545944214
1337617907.74 142.173675537
1337617907.75 139.622680664
1337617907.75 133.001724243
1337617907.76 132.628570557
1337617907.76 131.472473145
1337617907.77 128.49407959
1337617907.77 129.111755371
1337617907.78 128.467025757
1337617907.78 124.407325745
1337617907.79 125.356040955
1337617907.79 127.711608887
1337617907.8 124.852104187
1337617907.81 121.105560303
1337617907.81 119.869850159
1337617907.81 114.996177673
1337617907.82 115.857055664
1337617907.82 117.266067505
1337617907.83 112.743629456
1337617907.83 111.680633545
1337617907.84 112.598884583
1337617907.84 111.693229675
1337617907.85 114.260643005
1337617907.85 119.725448608
1337617907.86 119.568832397
1337617907.86 120.197509766
1337617907.87 125.164764404
1337617907.88 123.220550537
1337617907.88 122.539428711
1337617907.88 125.561203003
1337617907.89 124.061843872
1337617907.89 121.681732178
1337617907.9 123.370979309
1337617907.9 121.346046448
1337617907.91 120.035217285
1337617907.91 121.472129822
1337617907.92 121.261535645
1337617907.92 121.001068115
1337617907.93 120.941703796
1337617907.93 118.748710632
1337617907.94 112.896263123
1337617907.94 112.280448914
1337617907.95 109.929519653
1337617907.95 107.297195435
1337617907.96 106.618507385
1337617907.96 105.563552856
1337617907.97 102.51676178
1337617907.97 102.910232544
1337617907.98 105.593048096
1337617907.98 101.458869934
1337617907.99 100.797325134
1337617907.99 102.770088196
1337617908.0 100.515853882
1337617908.0 101.969726562
1337617908.01 104.737922668
1337617908.01 101.067001343
1337617908.02 99.2451019287
1337617908.02 100.499481201
1337617908.03 99.3103027344
1337617908.03 103.498146057
1337617908.05 110.416618347
1337617908.05 109.283065796
1337617908.05 110.617759705
1337617908.05 116.97592926
1337617908.06 117.303253174
1337617908.06 122.267852783
1337617908.07 128.77684021
1337617908.07 128.121185303
1337617908.08 127.943977356
1337617908.08 131.621780396
1337617908.09 128.926071167
1337617908.09 127.205490112
1337617908.1 128.484573364
1337617908.1 124.858482361
1337617908.11 125.011863708
1337617908.11 125.040657043
1337617908.12 122.215202332
1337617908.13 116.557868958
1337617908.13 114.603416443
1337617908.13 114.774871826
1337617908.14 114.194168091
1337617908.14 116.467803955
1337617908.15 116.154327393
1337617908.15 112.93258667
1337617908.16 114.296188354
1337617908.16 117.799217224
1337617908.17 123.158752441
1337617908.17 129.428192139
1337617908.18 135.821975708
1337617908.18 137.399215698
1337617908.19 134.954376221
1337617908.19 135.882781982
1337617908.2 131.058761597
1337617908.21 136.170532227
1337617908.21 140.979995728
1337617908.21 140.477584839
1337617908.22 143.684524536
1337617908.22 148.654373169
1337617908.23 148.695388794
1337617908.23 148.318634033
1337617908.24 150.038726807
1337617908.24 147.314666748
1337617908.25 146.259414673
1337617908.25 149.769851685
1337617908.26 148.296615601
1337617908.26 145.994766235
1337617908.27 143.27772522
1337617908.27 137.471008301
1337617908.28 132.68258667
1337617908.28 130.619979858
1337617908.29 130.671188354
1337617908.29 130.795410156
1337617908.3 133.061920166
1337617908.3 139.231628418
1337617908.31 140.658584595
1337617908.31 144.129302979
1337617908.32 150.350250244
1337617908.32 152.10748291
1337617908.33 157.862823486
1337617908.33 164.149536133
1337617908.34 157.444503784
1337617908.35 154.071624756
1337617908.35 153.402481079
1337617908.36 148.458282471
1337617908.37 145.444519043
1337617908.37 146.481170654
1337617908.37 142.771362305
1337617908.38 141.091583252
1337617908.38 143.01953125
1337617908.38 140.838882446
1337617908.39 141.570175171
1337617908.39 145.664474487
1337617908.4 147.419631958
1337617908.4 147.275634766
1337617908.41 149.6587677
1337617908.41 150.59942627
1337617908.42 148.515396118
1337617908.42 148.149551392
1337617908.43 148.743865967
1337617908.43 146.050430298
1337617908.45 146.34324646
1337617908.45 146.989425659
1337617908.46 142.994613647
1337617908.46 142.42527771
1337617908.46 143.862869263
1337617908.46 141.595611572
1337617908.47 142.267333984
1337617908.47 144.139068604
1337617908.48 141.470397949
1337617908.48 139.263900757
1337617908.49 140.486618042
1337617908.5 140.717025757
1337617908.5 138.873153687
1337617908.5 144.174880981
1337617908.51 147.448226929
1337617908.52 146.890396118
1337617908.52 151.628585815
1337617908.52 153.205322266
1337617908.53 151.422531128
1337617908.53 151.156616211
1337617908.54 152.477157593
1337617908.54 149.786193848
1337617908.55 150.529571533
1337617908.55 149.039428711
1337617908.56 144.578735352
1337617908.57 141.622940063
1337617908.57 141.325668335
1337617908.57 140.753372192
1337617908.58 139.399383545
1337617908.58 138.753204346
1337617908.59 134.24407959
1337617908.59 130.305206299
1337617908.6 133.211746216
1337617908.6 132.47694397
1337617908.61 127.987838745
1337617908.61 125.676544189
1337617908.62 123.878204346
1337617908.63 117.846946716
1337617908.64 118.390327454
1337617908.64 121.719039917
1337617908.64 118.534751892
1337617908.64 117.173324585
1337617908.65 118.568740845
1337617908.65 118.732093811
1337617908.66 117.853034973
1337617908.66 117.612785339
1337617908.66 113.492370605
1337617908.67 111.165893555
1337617908.67 111.602470398
1337617908.68 111.277297974
1337617908.68 106.910263062
1337617908.7 105.674346924
1337617908.7 105.686431885
1337617908.7 99.5681152344
1337617908.71 99.5813903809
1337617908.71 97.854095459
1337617908.72 86.8652038574
1337617908.72 82.0955123901
1337617908.72 79.7214736938
1337617908.73 72.7151260376
1337617908.74 71.1701049805
1337617908.74 70.3798980713
1337617908.75 64.7152023315
1337617908.75 60.2028503418
1337617908.75 58.2006797791
1337617908.76 55.6092071533
1337617908.76 50.3386306763
1337617908.77 48.2226638794
1337617908.77 48.606262207
1337617908.78 45.6471328735
1337617908.79 46.4074058533
1337617908.79 49.7325057983
1337617908.79 45.4282646179
1337617908.8 46.6101264954
1337617908.8 48.0744514465
1337617908.81 42.685798645
1337617908.82 42.2442054749
1337617908.82 41.2407646179
1337617908.83 39.6660881042
1337617908.83 41.1046791077
1337617908.83 44.5896110535
1337617908.84 44.3828582764
1337617908.84 41.9152755737
1337617908.85 44.2303924561
1337617908.85 44.6589851379
1337617908.86 39.992389679
1337617908.86 39.7333984375
1337617908.87 39.3111228943
1337617908.87 35.1589508057
1337617908.88 37.6024627686
1337617908.89 40.6085205078
1337617908.89 38.0746803284
1337617908.89 35.3223114014
1337617908.9 33.2575569153
1337617908.9 29.0935173035
1337617908.91 27.2833099365
1337617908.91 25.755487442
1337617908.92 19.2064151764
1337617908.92 18.9917163849
1337617908.93 20.8545894623
1337617908.94 20.4729557037
1337617908.94 19.4283065796
1337617908.95 20.8632411957
1337617908.95 21.6712303162
1337617908.96 18.6538009644
1337617908.96 21.3933410645
1337617908.96 24.2373428345
1337617908.97 21.6425685883
1337617908.97 22.5888671875
1337617908.98 23.8890781403
1337617908.99 21.8564624786
1337617908.99 21.5011711121
1337617909.0 22.3178730011
1337617909.0 19.2139949799
1337617909.0 16.9992618561
1337617909.01 14.1126127243
1337617909.01 8.61543560028
1337617909.02 4.91778373718
1337617909.02 4.8820977211
1337617909.03 1.56396734715
1337617909.04 -2.79419064522
1337617909.04 -4.70971918106
1337617909.04 -4.16053962708
1337617909.05 -4.97176837921
1337617909.05 -3.25507044792
1337617909.06 -2.03816723824
1337617909.06 -2.27614784241
1337617909.07 -1.6049618721
1337617909.07 0.587424457073
1337617909.08 -0.186460360885
1337617909.1 -1.99836218357
1337617909.1 -1.81901144981
1337617909.1 -4.20474624634
1337617909.1 -4.62663555145
1337617909.1 -2.60893988609
1337617909.11 -6.10969305038
1337617909.11 -9.78740406036
1337617909.12 -10.755440712
1337617909.12 -10.945183754
1337617909.13 -17.2763023376
1337617909.13 -21.4870414734
1337617909.14 -25.2307701111
1337617909.14 -29.2439231873
1337617909.16 -31.0085258484
1337617909.16 -29.3445930481
1337617909.16 -30.4163589478
1337617909.16 -32.7609024048
1337617909.17 -33.3914718628
1337617909.17 -37.6630439758
1337617909.18 -37.6781425476
1337617909.18 -37.6321525574
1337617909.19 -36.707950592
1337617909.19 -32.733543396
1337617909.21 -30.6097068787
1337617909.21 -29.4278049469
1337617909.21 -29.3633518219
1337617909.21 -28.1888942719
1337617909.22 -28.310382843
1337617909.22 -31.5940113068
1337617909.23 -33.273349762
1337617909.23 -33.323299408
1337617909.24 -34.7826499939
1337617909.24 -33.5629692078
1337617909.25 -30.5737190247
1337617909.25 -30.9669151306
1337617909.26 -31.0610980988
1337617909.26 -29.6036453247
1337617909.28 -29.9119777679
1337617909.28 -31.1824874878
1337617909.28 -31.8003692627
1337617909.28 -31.9118022919
1337617909.29 -33.3003082275
1337617909.29 -33.7147903442
1337617909.3 -35.7984046936
1337617909.3 -39.2574310303
1337617909.31 -39.6689987183
1337617909.31 -45.3768615723
1337617909.32 -49.9921913147
1337617909.32 -53.4105796814
1337617909.33 -54.1627311707
1337617909.33 -55.7127037048
1337617909.35 -56.2732582092
1337617909.35 -57.5410804749
1337617909.35 -61.5818595886
1337617909.35 -64.203918457
1337617909.36 -64.8115844727
1337617909.36 -65.4406280518
1337617909.37 -67.2850799561
1337617909.37 -68.736541748
1337617909.38 -71.2417755127
1337617909.38 -68.8441772461
1337617909.39 -65.6890106201
1337617909.39 -64.087890625
1337617909.4 -67.1376113892
1337617909.41 -69.3889541626
1337617909.41 -71.8937454224
1337617909.41 -72.9407119751
1337617909.42 -73.5743713379
1337617909.42 -73.5792999268
1337617909.43 -73.4278793335
1337617909.43 -75.6741790771
1337617909.44 -76.9849243164
1337617909.45 -79.5357513428
1337617909.45 -82.0162887573
1337617909.46 -83.455947876
1337617909.46 -84.1411437988
1337617909.47 -83.9022064209
1337617909.48 -82.0553817749
1337617909.49 -81.4312515259
1337617909.5 -80.4232940674
1337617909.5 -87.1151428223
1337617909.5 -92.791305542
1337617909.5 -97.5162506104
1337617909.5 -94.1136322021
1337617909.51 -88.5070724487
1337617909.51 -85.1790008545
1337617909.56 -83.1079788208
1337617909.57 -84.4226989746
1337617909.6 -87.3387527466
1337617909.6 -88.2327346802
1337617909.61 -85.371131897
1337617909.66 -85.488571167
1337617909.66 -86.1035614014
1337617909.67 -90.1313323975
1337617909.67 -94.4847488403
1337617909.67 -96.9236297607
1337617909.67 -96.2024536133
1337617909.67 -97.13230896
1337617909.67 -99.42603302
1337617909.68 -100.080513
1337617909.68 -99.747177124
1337617909.71 -99.2921066284
1337617909.71 -98.1810684204
1337617909.71 -96.3470458984
1337617909.72 -95.888923645
1337617909.72 -95.0872192383
1337617909.73 -91.0027618408
1337617909.73 -89.0527572632
1337617909.73 -86.3973312378
1337617909.73 -81.736328125
1337617909.73 -79.0569763184
1337617909.76 -76.2245101929
1337617909.77 -73.8579940796
1337617909.77 -75.5588989258
1337617909.77 -76.4962768555
1337617909.78 -76.7381210327
1337617909.78 -77.7044448853
1337617909.78 -91.8132476807
1337617909.78 -103.658279419
1337617909.79 -113.828544617
1337617909.79 -106.207450867
1337617909.8 -97.4631271362
1337617909.8 -90.8427658081
1337617909.81 -85.5395431519
1337617909.81 -87.906578064
1337617909.81 -89.6911392212
1337617909.85 -90.4634246826
1337617909.91 -91.6229400635
1337617909.91 -90.3891067505
1337617909.91 -90.7250213623
1337617909.92 -93.1186981201
1337617909.92 -95.249671936
1337617909.94 -98.6168060303
1337617909.94 -98.2378387451
1337617909.94 -97.9214630127
1337617909.94 -98.7126312256
1337617909.94 -98.1803207397
1337617909.95 -99.7860870361
1337617909.95 -100.358650208
1337617909.95 -100.403419495
1337617909.95 -100.722976685
1337617909.95 -101.153495789
1337617909.95 -102.594367981
1337617909.95 -103.535095215
1337617909.95 -102.318092346
1337617909.96 -101.004150391
1337617909.96 -101.714324951
1337617909.96 -103.290473938
1337617909.96 -103.946495056
1337617909.96 -105.510414124
1337617909.96 -106.633338928
1337617909.96 -106.984580994
1337617909.96 -105.365921021
1337617909.96 -107.506607056
1337617909.96 -108.764404297
1337617909.97 -105.696868896
1337617909.97 -103.213951111
1337617909.97 -102.927055359
1337617909.97 -100.303024292
1337617909.97 -97.6237030029
1337617909.97 -96.9548568726
1337617909.97 -93.4400177002
1337617909.97 -94.6016921997
1337617909.97 -96.9692687988
1337617909.97 -98.5444488525
1337617909.98 -99.8543777466
1337617909.98 -101.800170898
1337617909.98 -104.231872559
1337617909.98 -105.429077148
1337617909.98 -107.87991333
1337617909.98 -109.213935852
1337617909.98 -107.910903931
1337617909.98 -110.053367615
1337617909.98 -112.627365112
1337617909.98 -113.107704163
1337617909.98 -113.186378479
1337617909.99 -112.045524597
1337617909.99 -109.846961975
1337617909.99 -107.657463074
1337617909.99 -111.565620422
1337617909.99 -112.254196167
1337617909.99 -111.090126038
1337617909.99 -111.66230011
1337617910.02 -112.278175354
1337617910.03 -111.725341797
1337617910.03 -112.358810425
1337617910.03 -113.075164795
1337617910.03 -110.348487854
1337617910.03 -109.807197571
1337617910.03 -114.257873535
1337617910.03 -115.389755249
1337617910.03 -116.812736511
1337617910.04 -116.852180481
1337617910.04 -114.217773438
1337617910.05 -111.714698792
1337617910.06 -112.372329712
1337617910.06 -115.326538086
1337617910.07 -114.799369812
1337617910.07 -116.945251465
1337617910.08 -119.942672729
1337617910.09 -119.299468994
1337617910.09 -121.350967407
1337617910.09 -122.486000061
1337617910.1 -118.705688477
1337617910.1 -116.281188965
1337617910.11 -116.575431824
1337617910.11 -118.472915649
1337617910.12 -119.345184326
1337617910.12 -121.764411926
1337617910.13 -123.301818848
1337617910.14 -123.268714905
1337617910.14 -123.267539978
1337617910.15 -124.930541992
1337617910.15 -122.10749054
1337617910.15 -121.286247253
1337617910.16 -123.978645325
1337617910.16 -129.685241699
1337617910.17 -134.190719604
1337617910.17 -139.080856323
1337617910.18 -138.8334198
1337617910.18 -139.588638306
1337617910.19 -140.499893188
1337617910.19 -141.0675354
1337617910.19 -141.008346558
1337617910.2 -140.334152222
1337617910.2 -144.010528564
1337617910.21 -146.143615723
1337617910.22 -146.323165894
1337617910.22 -148.317123413
1337617910.22 -145.232131958
1337617910.23 -143.909423828
1337617910.23 -142.625350952
1337617910.24 -138.585037231
1337617910.24 -134.555755615
1337617910.25 -132.178588867
1337617910.25 -136.904556274
1337617910.26 -138.403991699
1337617910.26 -139.75151062
1337617910.27 -140.931945801
1337617910.27 -138.667098999
1337617910.29 -139.366912842
1337617910.29 -141.149856567
1337617910.29 -145.014389038
1337617910.3 -145.618865967
1337617910.3 -146.067749023
1337617910.3 -148.848739624
1337617910.31 -148.668823242
1337617910.32 -149.706481934
1337617910.32 -150.39666748
1337617910.32 -149.308654785
1337617910.33 -158.657806396
1337617910.33 -166.953430176
1337617910.34 -176.035049438
1337617910.34 -182.272399902
1337617910.35 -187.516708374
1337617910.36 -192.315963745
1337617910.36 -194.595397949
1337617910.37 -194.267425537
1337617910.37 -193.512329102
1337617910.38 -192.587463379
1337617910.38 -191.137619019
1337617910.39 -189.98991394
1337617910.39 -188.946395874
1337617910.39 -187.112564087
1337617910.4 -186.168746948
1337617910.4 -186.608016968
1337617910.41 -185.110610962
1337617910.41 -183.333770752
1337617910.42 -182.176071167
1337617910.42 -180.034988403
1337617910.43 -178.067245483
1337617910.43 -176.557022095
1337617910.44 -175.617050171
1337617910.44 -171.68560791
1337617910.46 -169.70362854
1337617910.46 -170.190368652
1337617910.46 -169.892791748
1337617910.46 -172.38772583
1337617910.47 -174.223739624
1337617910.47 -172.876235962
1337617910.48 -171.611602783
1337617910.48 -171.244400024
1337617910.49 -172.026275635
1337617910.5 -174.321502686
1337617910.5 -169.56237793
1337617910.5 -166.376953125
1337617910.51 -162.430664062
1337617910.51 -165.560897827
1337617910.52 -169.45954895
1337617910.52 -171.78793335
1337617910.53 -171.064498901
1337617910.54 -169.135101318
1337617910.54 -167.254150391
1337617910.55 -165.161514282
1337617910.55 -163.515213013
1337617910.55 -163.392562866
1337617910.56 -161.377365112
1337617910.56 -160.170288086
1337617910.57 -159.003463745
1337617910.57 -155.756744385
1337617910.58 -155.995361328
1337617910.58 -157.706115723
1337617910.59 -159.976791382
1337617910.59 -161.721466064
1337617910.6 -161.239685059
1337617910.6 -160.749969482
1337617910.61 -159.973358154
1337617910.61 -159.568450928
1337617910.63 -160.47555542
1337617910.63 -159.51600647
1337617910.63 -155.362686157
1337617910.63 -151.509597778
1337617910.64 -147.419036865
1337617910.64 -144.460845947
1337617910.65 -144.500610352
1337617910.65 -144.771560669
1337617910.66 -146.121047974
1337617910.66 -146.413879395
1337617910.67 -146.339706421
1337617910.67 -146.89503479
1337617910.68 -148.386657715
1337617910.68 -150.213882446
1337617910.69 -152.621963501
1337617910.69 -153.671859741
1337617910.71 -156.442825317
1337617910.71 -159.114822388
1337617910.71 -159.979736328
1337617910.71 -159.539627075
1337617910.72 -157.17250061
1337617910.72 -155.528549194
1337617910.73 -155.325775146
1337617910.73 -155.366546631
1337617910.74 -154.42124939
1337617910.74 -151.886688232
1337617910.75 -151.146835327
1337617910.75 -149.795440674
1337617910.76 -147.368942261
1337617910.76 -150.48248291
1337617910.77 -149.356216431
1337617910.77 -147.122375488
1337617910.78 -146.109848022
1337617910.79 -145.671081543
1337617910.79 -146.262634277
1337617910.8 -145.409210205
1337617910.8 -143.319458008
1337617910.8 -140.269958496
1337617910.81 -136.028167725
1337617910.81 -134.005477905
1337617910.82 -131.281326294
1337617910.82 -130.706130981
1337617910.83 -129.979629517
1337617910.83 -126.825584412
1337617910.84 -124.061965942
1337617910.84 -120.645973206
1337617910.85 -121.092498779
1337617910.85 -124.335540771
1337617910.86 -126.943351746
1337617910.86 -133.110626221
1337617910.87 -136.703674316
1337617910.87 -138.912536621
1337617910.88 -142.076812744
1337617910.89 -138.569473267
1337617910.89 -135.949859619
1337617910.89 -134.510147095
1337617910.9 -138.101379395
1337617910.9 -138.301040649
1337617910.91 -138.198928833
1337617910.91 -140.804748535
1337617910.92 -140.679885864
1337617910.92 -141.553817749
1337617910.93 -144.395050049
1337617910.93 -143.871536255
1337617910.94 -140.910263062
1337617910.95 -140.280288696
1337617910.95 -140.663864136
1337617910.95 -139.853622437
1337617910.96 -140.452148438
1337617910.96 -140.441513062
1337617910.97 -137.431594849
1337617910.97 -134.551467896
1337617910.98 -138.807754517
1337617910.99 -139.385070801
1337617911.0 -139.281387329
1337617911.0 -141.574966431
1337617911.0 -136.621765137
1337617911.0 -133.060775757
1337617911.01 -131.475723267
1337617911.01 -129.790664673
1337617911.02 -126.890579224
1337617911.02 -123.968338013
1337617911.03 -123.947433472
1337617911.03 -121.031814575
1337617911.04 -118.773910522
1337617911.04 -120.390937805
1337617911.05 -119.115325928
1337617911.05 -119.062271118
1337617911.06 -122.049072266
1337617911.06 -120.776321411
1337617911.07 -120.14175415
1337617911.07 -121.577674866
1337617911.08 -123.578079224
1337617911.09 -123.647911072
1337617911.09 -125.601493835
1337617911.09 -128.444366455
1337617911.1 -130.017120361
1337617911.1 -132.277175903
1337617911.11 -137.233215332
1337617911.11 -134.992431641
1337617911.12 -131.584014893
1337617911.12 -131.924804688
1337617911.13 -131.811813354
1337617911.13 -130.212081909
1337617911.14 -131.518218994
1337617911.14 -130.892181396
1337617911.15 -130.442260742
1337617911.15 -132.381896973
1337617911.16 -133.841110229
1337617911.16 -135.710098267
1337617911.18 -136.890167236
1337617911.18 -135.845291138
1337617911.18 -135.117385864
1337617911.18 -134.463607788
1337617911.19 -134.8384552
1337617911.19 -135.971374512
1337617911.2 -134.852661133
1337617911.2 -132.833129883
1337617911.21 -131.476806641
1337617911.21 -128.074478149
1337617911.22 -127.223388672
1337617911.22 -126.528022766
1337617911.23 -125.505180359
1337617911.23 -125.506187439
1337617911.24 -124.90397644
1337617911.24 -123.711631775
1337617911.25 -123.933990479
1337617911.25 -123.990753174
1337617911.26 -123.906768799
1337617911.27 -123.185302734
1337617911.27 -121.621574402
1337617911.27 -122.503967285
1337617911.28 -124.223114014
1337617911.28 -124.187889099
1337617911.29 -124.058761597
1337617911.29 -124.080253601
1337617911.3 -122.588409424
1337617911.3 -121.388977051
1337617911.31 -121.340805054
1337617911.31 -125.839752197
1337617911.32 -128.505371094
1337617911.32 -131.855560303
1337617911.33 -132.394287109
1337617911.33 -131.06388855
1337617911.34 -129.558914185
1337617911.34 -131.716918945
1337617911.36 -129.65083313
1337617911.36 -126.222297668
1337617911.36 -125.920417786
1337617911.36 -125.080795288
1337617911.37 -123.71194458
1337617911.37 -127.892906189
1337617911.38 -128.230316162
1337617911.38 -125.363876343
1337617911.39 -125.967514038
1337617911.39 -124.150993347
1337617911.4 -121.957221985
1337617911.4 -121.42313385
1337617911.41 -120.163978577
1337617911.41 -115.649902344
1337617911.42 -112.24596405
1337617911.42 -115.057952881
1337617911.43 -115.208717346
1337617911.44 -114.562309265
1337617911.44 -116.53086853
1337617911.44 -113.734832764
1337617911.45 -109.94606781
1337617911.45 -111.983825684
1337617911.46 -111.760025024
1337617911.46 -108.861213684
1337617911.47 -108.153770447
1337617911.47 -105.651039124
1337617911.48 -103.415245056
1337617911.48 -106.615768433
1337617911.49 -110.045967102
1337617911.49 -110.765197754
1337617911.5 -112.239097595
1337617911.5 -114.853225708
1337617911.51 -115.365203857
1337617911.51 -115.84513855
1337617911.52 -117.922225952
1337617911.52 -118.001190186
1337617911.53 -113.130561829
1337617911.54 -110.663619995
1337617911.54 -108.53502655
1337617911.54 -107.02645874
1337617911.54 -106.350036621
1337617911.55 -103.871162415
1337617911.55 -99.2211608887
1337617911.56 -100.128318787
1337617911.57 -100.609275818
1337617911.57 -101.57081604
1337617911.58 -105.054199219
1337617911.58 -104.744110107
1337617911.59 -105.120521545
1337617911.59 -107.146484375
1337617911.6 -112.065948486
1337617911.6 -117.283798218
1337617911.6 -119.195594788
1337617911.61 -116.922286987
1337617911.62 -113.601081848
1337617911.62 -111.303855896
1337617911.63 -111.433815002
1337617911.63 -110.277679443
1337617911.63 -109.048629761
1337617911.64 -108.115516663
1337617911.65 -105.36844635
1337617911.65 -104.091567993
1337617911.66 -103.607261658
1337617911.66 -104.878471375
1337617911.67 -107.559951782
1337617911.67 -111.925170898
1337617911.67 -111.082008362
1337617911.68 -109.020927429
1337617911.69 -108.773735046
1337617911.69 -107.962249756
1337617911.7 -102.423126221
1337617911.7 -99.6553726196
1337617911.71 -96.553894043
1337617911.72 -97.6897735596
1337617911.72 -100.363433838
1337617911.72 -101.471290588
1337617911.73 -97.3754806519
1337617911.73 -93.9639892578
1337617911.74 -91.6977005005
1337617911.74 -88.6848526001
1337617911.74 -91.8526000977
1337617911.75 -94.4240646362
1337617911.76 -92.940032959
1337617911.76 -87.9259185791
1337617911.76 -86.5244445801
1337617911.77 -83.3122253418
1337617911.77 -82.3997879028
1337617911.78 -85.4054412842
1337617911.78 -85.528465271
1337617911.79 -83.6991729736
1337617911.8 -86.3444824219
1337617911.8 -89.3242416382
1337617911.8 -89.7707901001
1337617911.81 -90.1874847412
1337617911.81 -93.9017791748
1337617911.82 -93.2677230835
1337617911.82 -97.3468856812
1337617911.83 -102.695793152
1337617911.83 -104.698532104
1337617911.84 -107.409545898
1337617911.84 -110.703926086
1337617911.85 -110.528121948
1337617911.85 -112.275863647
1337617911.86 -110.110595703
1337617911.86 -103.514076233
1337617911.87 -99.6807174683
1337617911.87 -104.826782227
1337617911.89 -106.297416687
1337617911.89 -108.614128113
1337617911.89 -126.042922974
1337617911.9 -138.977554321
1337617911.9 -148.038146973
1337617911.9 -158.61857605
1337617911.91 -159.696411133
1337617911.91 -157.271514893
1337617911.92 -156.812286377
1337617911.92 -148.324249268
1337617911.93 -136.545608521
1337617911.93 -121.504249573
1337617911.94 -109.313240051
1337617911.95 -96.7548980713
1337617911.96 -87.1520080566
1337617911.96 -79.6153945923
1337617911.96 -71.6375274658
1337617911.97 -65.4902114868
1337617911.97 -59.7934684753
1337617911.98 -53.0127563477
1337617911.98 -49.1589431763
1337617911.98 -44.7423362732
1337617911.99 -38.770275116
1337617912.0 -34.7715263367
1337617912.0 -31.6162128448
1337617912.01 -29.1439361572
1337617912.01 -24.4537372589
1337617912.02 -21.6253681183
1337617912.02 -20.8692169189
1337617912.02 -16.9722175598
1337617912.03 -14.817486763
1337617912.03 -17.482049942
1337617912.04 -17.3924751282
1337617912.05 -16.4829425812
1337617912.05 -17.1967182159
1337617912.05 -10.0997505188
1337617912.06 -5.97281455994
1337617912.06 -2.97184491158
1337617912.07 0.326868057251
1337617912.07 2.41667199135
1337617912.08 6.18532657623
1337617912.08 9.56649398804
1337617912.09 10.7117271423
1337617912.1 10.2189035416
1337617912.1 11.8524475098
1337617912.11 15.5718011856
1337617912.11 17.2129268646
1337617912.12 20.2099132538
1337617912.12 21.8971748352
1337617912.12 23.3597049713
1337617912.13 24.2965545654
1337617912.13 24.9017887115
1337617912.14 26.4639034271
1337617912.15 24.5552463531
1337617912.15 24.7952880859
1337617912.16 27.912776947
1337617912.16 30.2488040924
1337617912.16 33.8539848328
1337617912.17 35.1298446655
1337617912.17 35.1066970825
1337617912.18 35.8005523682
1337617912.18 39.0790596008
1337617912.19 41.9736595154
1337617912.2 45.9863395691
1337617912.2 48.0393714905
1337617912.21 48.2733535767
1337617912.21 52.3163948059
1337617912.22 53.5281524658
1337617912.22 54.4638175964
1337617912.23 55.6389808655
1337617912.23 57.1721801758
1337617912.23 59.5284042358
1337617912.24 61.1418876648
1337617912.25 62.384223938
1337617912.25 63.3869285583
1337617912.26 59.876991272
1337617912.26 57.654624939
1337617912.26 58.0006217957
1337617912.27 55.2373428345
1337617912.27 56.1968765259
1337617912.28 58.5530815125
1337617912.28 59.2852668762
1337617912.29 59.905960083
1337617912.31 61.4463768005
1337617912.31 61.7877349854
1337617912.31 67.5012741089
1337617912.31 71.2065887451
1337617912.31 73.2269897461
1337617912.32 81.400177002
1337617912.32 87.2198410034
1337617912.33 92.3409957886
1337617912.33 95.5597457886
1337617912.34 97.3673019409
1337617912.35 97.6307373047
1337617912.36 98.7178878784
1337617912.36 98.5246810913
1337617912.36 98.9304580688
1337617912.36 96.7503662109
1337617912.37 92.1904983521
1337617912.37 90.8835220337
1337617912.38 88.9891433716
1337617912.38 92.6654281616
1337617912.39 96.3335800171
1337617912.4 100.14982605
1337617912.4 104.647071838
1337617912.41 108.110710144
1337617912.41 111.639778137
1337617912.41 114.503738403
1337617912.42 117.464729309
1337617912.42 124.192817688
1337617912.43 130.537445068
1337617912.43 137.025283813
1337617912.44 136.045959473
1337617912.44 137.325119019
1337617912.45 140.262619019
1337617912.46 141.256973267
1337617912.47 147.581970215
1337617912.47 153.142807007
1337617912.47 159.170211792
1337617912.47 160.336013794
1337617912.48 162.957122803
1337617912.48 164.496536255
1337617912.49 165.049530029
1337617912.49 169.222579956
1337617912.5 173.1978302
1337617912.5 174.760055542
1337617912.51 177.885604858
1337617912.52 179.445510864
1337617912.52 174.78163147
1337617912.52 176.472747803
1337617912.53 177.235626221
1337617912.53 173.699966431
1337617912.54 173.042800903
1337617912.54 172.621353149
1337617912.55 171.206329346
1337617912.55 170.255859375
1337617912.57 172.599731445
1337617912.57 172.231521606
1337617912.57 165.487167358
1337617912.57 164.940689087
1337617912.58 161.770324707
1337617912.58 158.142333984
1337617912.59 166.237960815
1337617912.6 169.529525757
1337617912.6 173.219665527
1337617912.61 177.090377808
1337617912.61 178.463256836
1337617912.61 178.11579895
1337617912.62 185.393615723
1337617912.62 190.842071533
1337617912.63 192.862442017
1337617912.64 197.238876343
1337617912.64 200.68548584
1337617912.65 197.607772827
1337617912.65 200.592315674
1337617912.65 202.996231079
1337617912.66 199.482376099
1337617912.66 198.137390137
1337617912.67 199.235946655
1337617912.67 201.474533081
1337617912.68 204.216125488
1337617912.68 211.957611084
1337617912.69 214.217666626
1337617912.71 218.198562622
1337617912.71 222.710006714
1337617912.71 215.844299316
1337617912.71 212.235992432
1337617912.71 209.932449341
1337617912.72 203.995834351
1337617912.72 197.6381073
1337617912.73 196.01411438
1337617912.73 192.824707031
1337617912.74 193.64289856
1337617912.74 197.844665527
1337617912.81 201.269424438
1337617912.81 196.152252197
1337617912.81 195.461090088
1337617912.85 198.169631958
1337617912.86 196.542327881
1337617912.96 197.938796997
1337617913.11 202.140625
1337617913.11 205.350875854
1337617913.15 209.721282959
1337617913.19 216.272872925
1337617913.19 218.238647461
1337617913.38 224.01121521
1337617913.38 228.789596558
1337617913.38 229.431686401
1337617913.39 232.025100708
1337617913.39 233.845474243
1337617913.39 229.879821777
1337617913.39 226.528671265
1337617913.39 227.33404541
1337617913.39 223.804199219
1337617913.39 221.299240112
1337617913.39 221.1300354
1337617913.4 219.826126099
1337617913.4 216.043304443
1337617913.4 209.846939087
1337617913.4 203.814239502
1337617913.4 197.801849365
1337617913.4 194.124923706
1337617913.4 190.643875122
1337617913.4 187.513870239
1337617913.4 184.625015259
1337617913.4 178.217147827
1337617913.41 172.362884521
1337617913.41 169.412811279
1337617913.41 173.711898804
1337617913.41 174.647842407
1337617913.41 177.0652771
1337617913.41 182.29347229
1337617913.41 186.040664673
1337617913.41 189.926452637
1337617913.41 193.367294312
1337617913.41 203.72555542
1337617913.41 212.4581604
1337617913.41 221.871383667
1337617913.41 230.412017822
1337617913.41 237.340087891
1337617913.41 242.38130188
1337617913.41 232.879592896
1337617913.41 228.115844727
1337617913.41 220.544021606
1337617913.41 212.81439209
1337617913.41 205.415924072
1337617913.42 198.576126099
1337617913.43 191.506988525
1337617913.43 187.355484009
1337617913.43 187.831207275
1337617913.43 186.014038086
1337617913.44 186.199768066
1337617913.44 184.843215942
1337617913.44 180.599365234
1337617913.44 179.626831055
1337617913.44 184.919525146
1337617913.44 188.482421875
1337617913.44 195.447494507
1337617913.44 199.714447021
1337617913.44 202.990646362
1337617913.46 209.825927734
1337617913.46 216.241836548
1337617913.47 215.661132812
1337617913.47 218.725921631
1337617913.47 223.412017822
1337617913.47 216.133041382
1337617913.47 213.058151245
1337617913.47 210.679229736
1337617913.47 204.312789917
1337617913.47 202.774505615
1337617913.48 203.010345459
1337617913.48 199.737289429
1337617913.48 196.970794678
1337617913.48 196.177719116
1337617913.48 193.175552368
1337617913.48 189.347381592
1337617913.48 189.405899048
1337617913.49 185.467132568
1337617913.51 182.094787598
1337617913.51 171.036483765
1337617913.51 173.002868652
1337617913.51 174.773834229
1337617913.51 178.767028809
1337617913.51 181.043334961
1337617913.51 182.155654907
1337617913.51 184.483779907
1337617913.51 181.84942627
1337617913.52 180.715896606
1337617913.52 182.549224854
1337617913.52 182.099945068
1337617913.52 179.541488647
1337617913.52 177.679550171
1337617913.52 177.610031128
1337617913.52 173.590072632
1337617913.53 171.280487061
1337617913.53 169.497177124
1337617913.53 167.25869751
1337617913.53 166.227294922
1337617913.53 166.395019531
1337617913.53 166.002685547
1337617913.54 166.070831299
1337617913.54 166.928527832
1337617913.54 164.984100342
1337617913.54 164.925918579
1337617913.54 163.347579956
1337617913.54 161.206741333
1337617913.54 160.987533569
1337617913.54 162.300506592
1337617913.55 159.639816284
1337617913.55 156.739746094
1337617913.56 156.635391235
1337617913.57 155.508514404
1337617913.59 153.741378784
1337617913.59 152.003250122
1337617913.59 149.791397095
1337617913.59 153.071807861
1337617913.59 156.280715942
1337617913.6 159.066955566
1337617913.6 162.550964355
1337617913.6 161.263809204
1337617913.62 159.014144897
1337617913.62 160.150222778
1337617913.63 168.576004028
1337617913.63 173.696151733
1337617913.64 179.05418396
1337617913.64 184.932052612
1337617913.64 188.007965088
1337617913.64 191.907211304
1337617913.65 194.872817993
1337617913.66 196.506774902
1337617913.67 198.928985596
1337617913.67 197.121582031
1337617913.68 194.023178101
1337617913.68 192.034713745
1337617913.68 187.458816528
1337617913.69 183.429931641
1337617913.7 184.553344727
1337617913.72 195.884613037
1337617913.72 204.239486694
1337617913.72 214.211868286
1337617913.73 221.930831909
1337617913.73 213.426193237
1337617913.73 210.141571045
1337617913.73 206.91494751
1337617913.73 188.303909302
1337617913.74 177.368515015
1337617913.74 168.007949829
1337617913.75 160.725250244
1337617913.76 158.390518188
1337617913.76 155.631576538
1337617913.77 147.884078979
1337617913.77 152.874572754
1337617913.77 158.430023193
1337617913.78 158.476425171
1337617913.78 172.689422607
1337617913.79 185.88343811
1337617913.8 192.458175659
1337617913.8 185.938308716
1337617913.81 183.592910767
1337617913.81 177.629959106
1337617913.82 178.189880371
1337617913.82 179.075302124
1337617913.82 177.502410889
1337617913.83 176.923965454
1337617913.83 178.72354126
1337617913.85 179.744598389
1337617913.85 179.1118927
1337617913.86 180.583282471
1337617913.86 179.157241821
1337617913.86 176.202026367
1337617913.86 197.831893921
1337617913.87 217.605941772
1337617913.88 232.340255737
1337617913.88 249.679031372
1337617913.88 251.120300293
1337617913.89 247.390304565
1337617913.89 245.8331604
1337617913.9 244.306335449
1337617913.9 240.972076416
1337617913.91 239.497116089
1337617913.91 239.403121948
1337617913.92 236.16305542
1337617913.92 231.843933105
1337617913.93 230.246643066
1337617913.93 227.924957275
1337617913.95 226.696075439
1337617913.95 226.303527832
1337617913.95 249.51802063
1337617913.96 271.552185059
1337617913.96 291.844329834
1337617913.96 307.787811279
1337617913.97 281.690155029
1337617913.97 257.094909668
1337617913.98 234.804824829
1337617913.98 220.813339233
1337617913.99 207.156219482
1337617914.0 195.670150757
1337617914.0 187.13973999
1337617914.0 180.773147583
1337617914.01 176.105377197
1337617914.01 171.62197876
1337617914.02 173.40322876
1337617914.02 174.266677856
1337617914.03 174.675552368
1337617914.03 168.70652771
1337617914.05 162.54296875
1337617914.05 156.042800903
1337617914.05 154.511367798
1337617914.05 150.977844238
1337617914.06 149.616378784
1337617914.06 150.872360229
1337617914.07 152.434066772
1337617914.07 151.241455078
1337617914.08 152.021575928
1337617914.08 152.421432495
1337617914.1 148.252883911
1337617914.1 149.324172974
1337617914.1 148.078369141
1337617914.1 143.504776001
1337617914.11 143.417648315
1337617914.11 144.592224121
1337617914.12 148.182525635
1337617914.12 151.587249756
1337617914.13 157.392333984
1337617914.13 168.15385437
1337617914.14 179.513458252
1337617914.14 190.174423218
1337617914.15 188.90045166
1337617914.16 187.357498169
1337617914.16 189.003173828
1337617914.16 202.938537598
1337617914.17 210.955352783
1337617914.18 220.634124756
1337617914.18 228.978363037
1337617914.18 231.986572266
1337617914.19 231.207046509
1337617914.19 231.58972168
1337617914.2 225.451446533
1337617914.2 224.168136597
1337617914.21 224.206481934
1337617914.21 220.049530029
1337617914.23 218.633651733
1337617914.23 217.826416016
1337617914.23 213.703933716
1337617914.23 210.323776245
1337617914.24 210.243469238
1337617914.24 207.986434937
1337617914.25 203.235534668
1337617914.25 202.067184448
1337617914.26 199.728973389
1337617914.26 193.481826782
1337617914.27 191.740600586
1337617914.27 188.845779419
1337617914.28 182.282440186
1337617914.28 178.128234863
1337617914.29 175.312072754
1337617914.29 169.256607056
1337617914.3 165.771209717
1337617914.31 162.548217773
1337617914.31 156.040893555
1337617914.31 147.721710205
1337617914.32 142.774353027
1337617914.32 135.420532227
1337617914.33 129.290435791
1337617914.33 127.822677612
1337617914.34 124.914489746
1337617914.34 119.623466492
1337617914.35 113.722465515
1337617914.35 107.663063049
1337617914.36 101.186264038
1337617914.36 97.7472000122
1337617914.37 94.1938095093
1337617914.38 90.5349502563
1337617914.38 88.3184738159
1337617914.39 84.9862442017
1337617914.39 80.5139160156
1337617914.39 77.6640930176
1337617914.4 80.5638961792
1337617914.4 83.6696090698
1337617914.41 87.7529754639
1337617914.42 87.8221893311
1337617914.42 85.744972229
1337617914.43 83.9263153076
1337617914.43 84.4412078857
1337617914.43 80.1484832764
1337617914.44 75.4374313354
1337617914.44 72.9992446899
1337617914.45 70.4617462158
1337617914.45 66.2935256958
1337617914.46 63.5543785095
1337617914.46 57.6147766113
1337617914.47 53.6650161743
1337617914.48 49.3848838806
1337617914.48 46.4323348999
1337617914.48 47.8004417419
1337617914.48 46.5389671326
1337617914.49 45.1792488098
1337617914.5 45.3059463501
1337617914.5 50.5298652649
1337617914.51 53.3113632202
1337617914.51 56.4851112366
1337617914.52 61.0594482422
1337617914.53 63.3766670227
1337617914.53 65.0696105957
1337617914.54 64.7332839966
1337617914.54 63.5754852295
1337617914.54 60.9899902344
1337617914.55 59.4564971924
1337617914.64 56.7078819275
1337617915.07 54.1374778748
1337617915.09 56.4983634949
1337617915.1 56.686214447
1337617915.17 55.8969345093
1337617915.17 56.7612342834
1337617915.23 52.5155715942
1337617915.23 48.7280769348
1337617915.23 49.6909637451
1337617915.24 47.0366363525
1337617915.24 41.7372207642
1337617915.24 38.4022521973
1337617915.24 40.0499572754
1337617915.24 36.4506187439
1337617915.25 36.3474349976
1337617915.25 38.3831634521
1337617915.28 32.5022926331
1337617915.28 29.6546421051
1337617915.28 27.644493103
1337617915.29 23.9462146759
