1337613979.23 53.1382446289
1337613979.25 54.0283203125
1337613979.25 50.468120575
1337613979.25 54.3496322632
1337613979.25 56.3448028564
1337613979.26 53.8226928711
1337613979.26 56.6508712769
1337613979.27 54.2756996155
1337613979.28 48.1123008728
1337613979.28 49.6448631287
1337613979.31 52.7297859192
1337613979.31 48.2191200256
1337613979.31 47.9426345825
1337613979.34 47.7462425232
1337613979.34 43.5298576355
1337613979.35 44.9640541077
1337613979.35 45.5603637695
1337613979.35 35.4534072876
1337613979.36 31.4510936737
1337613979.36 31.572763443
1337613979.36 24.917760849
1337613979.36 23.059425354
1337613979.37 23.2482395172
1337613979.37 15.3062696457
1337613979.37 14.675579071
1337613979.37 18.8991336823
1337613979.37 15.8269634247
1337613979.37 13.0775918961
1337613979.37 13.5619792938
1337613979.38 8.64902114868
1337613979.39 6.42113447189
1337613979.39 8.91903877258
1337613979.39 5.81966209412
1337613979.4 3.42045712471
1337613979.4 6.69380092621
1337613979.41 4.81335687637
1337613979.42 2.18571805954
1337613979.42 5.43099784851
1337613979.42 3.48957681656
1337613979.43 -0.87770318985
1337613979.44 1.5256550312
1337613979.44 0.942229449749
1337613979.45 -4.45272254944
1337613979.45 -3.65291142464
1337613979.45 -3.63833332062
1337613979.46 -8.66812896729
1337613979.47 -6.9055314064
1337613979.47 -3.76092553139
1337613979.48 -8.05747699738
1337613979.48 -6.24340105057
1337613979.48 -5.66475963593
1337613979.49 -13.7657213211
1337613979.49 -12.7605113983
1337613979.5 -10.8024368286
1337613979.5 -17.1052818298
1337613979.51 -16.7568473816
1337613979.52 -14.0156478882
1337613979.52 -18.4992904663
1337613979.53 -17.9643821716
1337613979.53 -14.1260452271
1337613979.54 -17.8536376953
1337613979.55 -18.081571579
1337613979.55 -15.4734306335
1337613979.56 -18.7104225159
1337613979.56 -18.9665908813
1337613979.56 -18.4551200867
1337613979.57 -22.2019443512
1337613979.57 -25.141336441
1337613979.58 -24.1147174835
1337613979.58 -27.7063827515
1337613979.59 -31.5602874756
1337613979.59 -32.4174308777
1337613979.6 -36.3019447327
1337613979.6 -42.1720504761
1337613979.61 -40.5239219666
1337613979.61 -41.8919334412
1337613979.61 -47.6788368225
1337613979.62 -48.1202507019
1337613979.62 -49.5330810547
1337613979.64 -55.1930122375
1337613979.66 -54.9805145264
1337613979.67 -55.55260849
1337613979.67 -61.6360931396
1337613979.67 -59.487827301
1337613979.67 -59.2938575745
1337613979.67 -64.9476547241
1337613979.67 -63.1268005371
1337613979.68 -58.9594802856
1337613979.68 -61.6590080261
1337613979.68 -59.2465667725
1337613979.68 -56.1168785095
1337613979.7 -61.3002128601
1337613979.7 -60.9210243225
1337613979.71 -57.3724937439
1337613979.76 -60.3185386658
1337613979.76 -61.3691329956
1337613979.76 -61.3541793823
1337613979.76 -70.8758544922
1337613979.76 -75.9140396118
1337613979.76 -75.6898956299
1337613979.77 -81.4538955688
1337613979.77 -85.2951126099
1337613979.77 -84.1128997803
1337613979.77 -88.0942306519
1337613979.77 -94.519241333
1337613979.78 -94.3805999756
1337613979.78 -99.7053604126
1337613979.78 -106.268783569
1337613979.79 -106.677780151
1337613979.79 -109.570274353
1337613979.79 -113.65058136
1337613979.79 -111.506202698
1337613979.81 -113.361930847
1337613979.81 -113.968727112
1337613979.82 -107.828094482
1337613979.82 -104.571510315
1337613979.83 -105.780105591
1337613979.83 -105.127029419
1337613979.83 -107.209014893
1337613979.84 -112.59198761
1337613979.84 -110.525184631
1337613979.86 -115.000686646
1337613979.86 -123.108207703
1337613979.86 -126.376647949
1337613979.86 -128.501266479
1337613979.86 -132.261520386
1337613979.86 -133.846420288
1337613979.87 -132.749191284
1337613979.87 -135.184494019
1337613979.88 -133.437942505
1337613979.89 -127.045219421
1337613979.89 -125.6329422
1337613979.9 -123.104286194
1337613979.9 -118.602897644
1337613979.91 -118.481781006
1337613979.93 -116.813659668
1337613979.93 -108.600997925
1337613979.93 -105.155296326
1337613979.96 -103.882614136
1337613979.97 -100.588020325
1337613979.97 -103.21723938
1337613979.97 -105.477294922
1337613979.97 -102.958694458
1337613979.97 -104.294502258
1337613979.97 -116.617301941
1337613979.97 -121.81237793
1337613979.97 -129.641387939
1337613979.98 -137.970626831
1337613979.98 -138.849777222
1337613979.98 -144.599014282
1337613979.99 -148.193023682
1337613979.99 -144.344299316
1337613979.99 -142.854537964
1337613980.0 -144.906524658
1337613980.01 -141.975784302
1337613980.02 -141.004943848
1337613980.02 -143.475158691
1337613980.03 -131.801254272
1337613980.03 -124.241020203
1337613980.03 -121.320266724
1337613980.03 -113.422958374
1337613980.04 -114.134315491
1337613980.04 -118.710044861
1337613980.05 -110.493309021
1337613980.08 -105.064537048
1337613980.08 -104.71950531
1337613980.08 -102.350761414
1337613980.09 -100.021995544
1337613980.09 -99.6566772461
1337613980.09 -97.371925354
1337613980.09 -93.0678787231
1337613980.1 -91.8913116455
1337613980.1 -88.3096160889
1337613980.1 -83.8598098755
1337613980.1 -86.023147583
1337613980.11 -85.9196090698
1337613980.11 -76.6867828369
1337613980.15 -72.600440979
1337613980.15 -66.7831878662
1337613980.15 -60.467540741
1337613980.16 -59.7625617981
1337613980.17 -60.9007453918
1337613980.17 -56.5976905823
1337613980.18 -55.3967399597
1337613980.18 -58.2694206238
1337613980.18 -57.6021232605
1337613980.18 -57.6986885071
1337613980.19 -59.6993942261
1337613980.21 -53.7342529297
1337613980.21 -56.2265014648
1337613980.22 -62.0425987244
1337613980.22 -60.0952949524
1337613980.22 -61.0382537842
1337613980.22 -61.0813789368
1337613980.22 -55.249546051
1337613980.23 -51.5892219543
1337613980.24 -56.6109046936
1337613980.24 -55.6228103638
1337613980.24 -53.7859039307
1337613980.25 -55.6032142639
1337613980.28 -53.0674171448
1337613980.28 -49.9337310791
1337613980.29 -46.9338111877
1337613980.29 -39.8317146301
1337613980.29 -35.1257972717
1337613980.29 -36.8073501587
1337613980.29 -34.8719062805
1337613980.29 -30.2961502075
1337613980.29 -31.5446681976
1337613980.3 -30.4521331787
1337613980.31 -28.9474754333
1337613980.31 -31.0231189728
1337613980.31 -31.7543811798
1337613980.35 -28.4755516052
1337613980.35 -29.6922187805
1337613980.35 -33.3075141907
1337613980.35 -31.8339481354
1337613980.35 -32.3681221008
1337613980.36 -32.7117729187
1337613980.36 -29.0087814331
1337613980.36 -32.1181678772
1337613980.38 -36.3172187805
1337613980.38 -36.4598770142
1337613980.38 -38.5027198792
1337613980.38 -44.709400177
1337613980.38 -44.4578781128
1337613980.41 -40.6235618591
1337613980.41 -40.8199729919
1337613980.41 -31.5292472839
1337613980.41 -25.8361968994
1337613980.41 -26.2227783203
1337613980.42 -22.980638504
1337613980.42 -18.3781967163
1337613980.42 -14.8715229034
1337613980.42 -5.83501338959
1337613980.42 -1.92946577072
1337613980.42 -7.72374486923
1337613980.43 -7.47763538361
1337613980.46 -5.9596529007
1337613980.46 -6.57065200806
1337613980.46 -5.70013570786
1337613980.47 -8.40657520294
1337613980.47 -14.1099977493
1337613980.47 -11.8404006958
1337613980.47 -7.52355194092
1337613980.47 -5.70175647736
1337613980.47 -8.33774375916
1337613980.47 -12.073056221
1337613980.48 -14.739991188
1337613980.48 -12.6164312363
1337613980.5 -8.80937480927
1337613980.51 -8.31227970123
1337613980.51 -8.15855503082
1337613980.51 -5.45151662827
1337613980.51 -1.93797075748
1337613980.51 -0.72214448452
1337613980.51 2.10161781311
1337613980.52 3.13289260864
1337613980.52 0.114659912884
1337613980.53 1.84151649475
1337613980.53 3.0544629097
1337613980.54 -1.17759943008
1337613980.54 -2.31406593323
1337613980.55 -0.7069054842
1337613980.55 -3.28475117683
1337613980.56 -1.17309427261
1337613980.56 -0.231501758099
1337613980.57 -5.09361982346
1337613980.6 -2.53178024292
1337613980.6 -0.917906343937
1337613980.6 -4.97440004349
1337613980.6 -5.12407541275
1337613980.61 -5.3919878006
1337613980.61 -8.51505088806
1337613980.61 -5.81732559204
1337613980.61 -3.38005375862
1337613980.61 -6.14312648773
1337613980.62 -7.76083421707
1337613980.62 -7.7066822052
1337613980.63 -7.77480888367
1337613980.63 -5.90431547165
1337613980.64 -4.62567138672
1337613980.64 -7.26892375946
1337613980.64 -7.65444993973
1337613980.65 -6.93810510635
1337613980.66 -7.06390714645
1337613980.66 -6.10831546783
1337613980.67 -6.10223674774
1337613980.67 -4.80679178238
1337613980.68 -4.59692049026
1337613980.69 -2.43133616447
1337613980.69 1.89004826546
1337613980.69 0.518016159534
1337613980.7 1.79021298885
1337613980.71 7.2763543129
1337613980.71 8.82149982452
1337613980.71 12.717751503
1337613980.72 16.2945041656
1337613980.72 15.6627464294
1337613980.72 16.8743019104
1337613980.73 20.4812679291
1337613980.73 19.6626167297
1337613980.74 19.6158657074
1337613980.8 19.1246509552
1337613980.8 12.4829492569
1337613980.8 9.51815605164
1337613980.8 10.0136699677
1337613980.8 8.08995342255
1337613980.8 6.35087299347
1337613980.8 3.88258862495
1337613980.8 0.368019253016
1337613980.81 -4.33615159988
1337613980.81 -4.86401844025
1337613980.81 -5.4732003212
1337613980.81 -9.46286773682
1337613980.81 -9.88983058929
1337613980.81 -9.30863380432
1337613980.85 -9.66121482849
1337613980.85 -7.7460808754
1337613980.85 -5.5838599205
1337613980.85 -4.87642192841
1337613980.9 -4.70972633362
1337613980.9 -2.5060801506
1337613980.9 -2.03204846382
1337613980.9 0.780890822411
1337613980.9 5.28586626053
1337613980.9 5.44354391098
1337613980.9 6.86220884323
1337613980.9 9.80606937408
1337613980.9 8.17709922791
1337613980.9 7.58707809448
1337613980.9 9.5018415451
1337613980.9 8.07349395752
1337613980.91 5.9658164978
1337613980.91 8.37262535095
1337613980.91 8.64922046661
1337613980.91 8.54515457153
1337613980.95 10.8466434479
1337613980.95 9.40998935699
1337613980.95 7.62253284454
1337613980.95 9.6222038269
1337613980.95 8.00473594666
1337613980.95 6.43489646912
1337613980.95 7.92564630508
1337613980.96 6.61675739288
1337613980.96 5.73720502853
1337613980.96 6.50943040848
1337613981.01 6.21409130096
1337613981.01 2.78953576088
1337613981.01 2.9606924057
1337613981.02 3.43715572357
1337613981.02 1.48419594765
1337613981.02 -0.494371682405
1337613981.02 -1.35346388817
1337613981.02 -5.10085248947
1337613981.02 -7.04966449738
1337613981.02 -8.68602085114
1337613981.02 -13.0685443878
1337613981.02 -14.9884691238
1337613981.08 -14.7785778046
1337613981.08 -18.5858898163
1337613981.08 -21.1047821045
1337613981.08 -19.1419372559
1337613981.08 -19.9065742493
1337613981.08 -19.3013420105
1337613981.08 -16.2476940155
1337613981.08 -18.2672157288
1337613981.09 -21.8141613007
1337613981.09 -16.5385990143
1337613981.09 -13.8490610123
1337613981.09 -11.9678564072
1337613981.09 -6.85676383972
1337613981.12 -7.1675453186
1337613981.13 -4.28428649902
1337613981.13 2.77950572968
1337613981.13 4.3084936142
1337613981.13 6.02582979202
1337613981.14 8.46321868896
1337613981.14 10.1387681961
1337613981.14 12.5439329147
1337613981.14 18.4348735809
1337613981.14 20.5507450104
1337613981.14 17.8795452118
1337613981.19 19.432472229
1337613981.2 19.8868541718
1337613981.2 20.0800495148
1337613981.2 20.7793560028
1337613981.2 18.3109912872
1337613981.2 15.447804451
1337613981.2 11.2062711716
1337613981.2 10.8194036484
1337613981.21 8.96014881134
1337613981.21 7.08987855911
1337613981.21 7.72072553635
1337613981.21 5.11380290985
1337613981.31 4.19474029541
1337613981.31 7.18573617935
1337613981.31 6.7978181839
1337613981.31 8.51699066162
1337613981.31 12.9092788696
1337613981.31 12.7332983017
1337613981.31 12.5403757095
1337613981.32 16.7963180542
1337613981.32 19.1145839691
1337613981.32 19.1005916595
1337613981.32 24.2987880707
1337613981.32 26.9591846466
1337613981.32 27.3800563812
1337613981.32 27.9756565094
1337613981.32 25.6684017181
1337613981.32 22.8370380402
1337613981.32 21.0269107819
1337613981.33 20.2943019867
1337613981.33 17.1861305237
1337613981.33 13.2057790756
1337613981.33 12.7981824875
1337613981.33 7.77528619766
1337613981.33 6.53321266174
1337613981.33 8.85134887695
1337613981.33 6.5801024437
1337613981.33 4.90211868286
1337613981.33 6.66472816467
1337613981.38 7.81858730316
1337613981.38 4.56584262848
1337613981.38 6.25424432755
1337613981.38 7.05811882019
1337613981.38 3.13176107407
1337613981.39 6.66972351074
1337613981.39 7.51851224899
1337613981.39 2.34125351906
1337613981.39 4.01164913177
1337613981.39 4.60041189194
1337613981.39 0.55105137825
1337613981.46 2.17664074898
1337613981.46 4.04657840729
1337613981.47 0.0130168348551
1337613981.47 1.05280077457
1337613981.47 4.96248245239
1337613981.47 2.37372350693
1337613981.47 2.7468547821
1337613981.47 5.41901397705
1337613981.48 4.07660341263
1337613981.48 4.980509758
1337613981.48 9.77970027924
1337613981.48 8.31276416779
1337613981.48 5.4355764389
1337613981.48 8.5769739151
1337613981.48 8.66518974304
1337613981.48 4.97809505463
1337613981.48 6.64612436295
1337613981.53 5.51748895645
1337613981.53 2.75377845764
1337613981.53 3.19186091423
1337613981.53 2.03980851173
1337613981.54 -0.929868578911
1337613981.54 -1.1108738184
1337613981.54 -0.381452143192
1337613981.54 -2.44861483574
1337613981.54 -4.56705999374
1337613981.55 -5.25824356079
1337613981.55 -6.97342824936
1337613981.55 -6.77602529526
1337613981.58 -6.25675916672
1337613981.58 -9.61375427246
1337613981.58 -13.0618829727
1337613981.58 -12.6880102158
1337613981.59 -12.0402297974
1337613981.59 -11.7680397034
1337613981.59 -16.6908187866
1337613981.59 -19.5410633087
1337613981.59 -23.5626773834
1337613981.6 -29.1470241547
1337613981.6 -29.1555290222
1337613981.67 -30.6344928741
1337613981.67 -33.0530509949
1337613981.67 -31.7452430725
1337613981.68 -31.1971645355
1337613981.68 -32.6170921326
1337613981.68 -34.5544013977
1337613981.68 -34.8167190552
1337613981.68 -35.6545410156
1337613981.68 -37.7520446777
1337613981.68 -38.4355964661
1337613981.68 -40.1969566345
1337613981.69 -45.4590682983
1337613981.69 -46.449886322
1337613981.69 -49.6140136719
1337613981.69 -53.1092376709
1337613981.69 -49.5905418396
1337613981.69 -54.7120780945
1337613981.69 -63.3108787537
1337613981.69 -64.1524124146
1337613981.69 -63.3124160767
1337613981.7 -66.8194122314
1337613981.7 -63.3286323547
1337613981.75 -62.7684364319
1337613981.75 -66.4733810425
1337613981.76 -69.8963165283
1337613981.76 -74.0640869141
1337613981.76 -80.052482605
1337613981.76 -85.4479064941
1337613981.76 -80.6533966064
1337613981.76 -80.4280548096
1337613981.76 -79.2115478516
1337613981.77 -74.4892349243
1337613981.77 -74.6607513428
1337613981.77 -73.422744751
1337613981.77 -69.0410385132
1337613981.77 -68.7303009033
1337613981.77 -66.4978256226
1337613981.8 -62.8427772522
1337613981.8 -61.0404434204
1337613981.8 -62.0828552246
1337613981.8 -61.7256660461
1337613981.8 -60.0134506226
1337613981.8 -61.6422042847
1337613981.86 -64.4091873169
1337613981.86 -63.8568878174
1337613981.87 -64.9334259033
1337613981.87 -69.2195281982
1337613981.87 -72.2522201538
1337613981.87 -73.9218521118
1337613981.87 -77.9920349121
1337613981.88 -82.8234481812
1337613981.88 -86.6221466064
1337613981.88 -89.2682266235
1337613981.88 -95.2382354736
1337613981.88 -97.7944488525
1337613981.88 -97.2419662476
1337613981.91 -99.72315979
1337613981.91 -97.7302780151
1337613981.91 -99.1370697021
1337613981.91 -102.836860657
1337613981.91 -99.8427276611
1337613981.91 -95.353477478
1337613981.91 -94.7087402344
1337613981.91 -90.0000762939
1337613981.92 -84.7715530396
1337613981.95 -80.9360809326
1337613981.95 -75.1387023926
1337613981.95 -67.7291030884
1337613981.95 -68.4947814941
1337613981.96 -70.5220336914
1337613981.96 -66.2866287231
1337613981.96 -67.9627685547
1337613981.96 -73.1036987305
1337613981.96 -74.1845626831
1337613982.0 -78.800743103
1337613982.0 -83.8106536865
1337613982.0 -82.2494888306
1337613982.0 -84.1404953003
1337613982.0 -87.9334487915
1337613982.0 -88.2142410278
1337613982.05 -89.924949646
1337613982.05 -93.3338241577
1337613982.05 -92.2404174805
1337613982.05 -91.2748565674
1337613982.15 -91.8379364014
1337613982.15 -88.3943862915
1337613982.16 -82.5508270264
1337613982.16 -82.3042755127
1337613982.16 -80.9692153931
1337613982.16 -76.5265731812
1337613982.16 -73.5302276611
1337613982.16 -72.1786651611
1337613982.16 -68.1030273438
1337613982.16 -67.5720596313
1337613982.16 -70.2837600708
1337613982.16 -71.2538833618
1337613982.17 -70.3154602051
1337613982.17 -71.3704376221
1337613982.17 -65.7570800781
1337613982.17 -64.0267715454
1337613982.17 -65.7279205322
1337613982.17 -60.9105567932
1337613982.17 -58.0477409363
1337613982.17 -57.2102279663
1337613982.17 -54.6278305054
1337613982.17 -51.3817520142
1337613982.17 -49.6347618103
1337613982.17 -46.3076095581
1337613982.17 -43.5585021973
1337613982.17 -43.4141044617
1337613982.17 -45.5980224609
1337613982.17 -43.4054031372
1337613982.17 -41.3186569214
1337613982.17 -42.9822044373
1337613982.17 -42.2190132141
1337613982.17 -41.2657661438
1337613982.17 -41.556388855
1337613982.18 -42.7374954224
1337613982.21 -41.9431991577
1337613982.21 -42.8859558105
1337613982.21 -46.1083030701
1337613982.21 -44.3359947205
1337613982.21 -38.909122467
1337613982.21 -35.171672821
1337613982.27 -29.9823360443
1337613982.27 -31.7621364594
1337613982.27 -34.0422592163
1337613982.27 -30.454864502
1337613982.28 -28.3502464294
1337613982.28 -29.6377449036
1337613982.28 -24.8279628754
1337613982.41 -18.1597080231
1337613982.41 -18.0649223328
1337613982.41 -10.2762546539
1337613982.42 -4.13185214996
1337613982.42 -4.70459413528
1337613982.42 0.865193724632
1337613982.42 7.13928079605
1337613982.42 3.3662276268
1337613982.42 0.100493252277
1337613982.42 1.29266858101
1337613982.42 -2.33825159073
1337613982.43 0.914290308952
1337613982.43 4.99758291245
1337613982.43 2.66796779633
1337613982.43 1.01358890533
1337613982.43 1.52337574959
1337613982.43 -1.720739007
1337613982.43 0.27980619669
1337613982.43 6.33020496368
1337613982.43 6.12814378738
1337613982.44 4.22155714035
1337613982.44 10.7026290894
1337613982.44 13.9323949814
1337613982.44 13.1774024963
1337613982.44 20.2666416168
1337613982.44 23.7707653046
1337613982.44 23.2336826324
1337613982.44 24.2712268829
1337613982.44 23.8366165161
1337613982.44 24.3778934479
1337613982.44 25.9976425171
1337613982.44 29.4103279114
1337613982.44 31.6214599609
1337613982.45 32.142993927
1337613982.45 35.2193908691
1337613982.45 36.6175346375
1337613982.45 39.3802680969
1337613982.45 45.1147880554
1337613982.45 46.8864974976
1337613982.45 47.2291946411
1337613982.45 50.2640914917
1337613982.45 52.0883483887
1337613982.48 52.8125495911
1337613982.48 57.8370361328
1337613982.48 61.6192359924
1337613982.48 62.2306213379
1337613982.53 61.895111084
1337613982.53 64.2519302368
1337613982.53 65.8814697266
1337613982.53 63.7661514282
1337613982.53 66.4709472656
1337613982.53 64.6826324463
1337613982.53 61.665763855
1337613982.53 61.8685760498
1337613982.53 60.8597984314
1337613982.53 58.3017501831
1337613982.53 56.869644165
1337613982.53 57.4024925232
1337613982.53 56.5413551331
1337613982.59 60.1342849731
1337613982.59 65.6637573242
1337613982.59 68.524597168
1337613982.6 70.5282897949
1337613982.6 74.979385376
1337613982.6 78.8785552979
1337613982.6 79.2367858887
1337613982.6 84.7542953491
1337613982.6 84.9332427979
1337613982.6 80.9196166992
1337613982.6 85.9489517212
1337613982.6 87.2635269165
1337613982.65 81.0683517456
1337613982.65 80.9930038452
1337613982.65 79.8348083496
1337613982.66 76.2887268066
1337613982.66 76.6322250366
1337613982.66 76.405960083
1337613982.66 69.9978408813
1337613982.67 68.2403564453
1337613982.67 68.3561859131
1337613982.67 63.5591659546
1337613982.67 62.8276367188
1337613982.67 64.8918991089
1337613982.67 60.8524513245
1337613982.78 58.9543800354
1337613982.78 62.4765815735
1337613982.78 59.7916221619
1337613982.79 57.7451133728
1337613982.79 62.9341125488
1337613982.79 63.4901695251
1337613982.79 59.23229599
1337613982.79 58.7621955872
1337613982.79 54.8701438904
1337613982.79 50.943611145
1337613982.79 55.9588432312
1337613982.79 59.180519104
1337613982.8 57.8908538818
1337613982.8 59.2915916443
1337613982.8 59.9141845703
1337613982.8 59.2747421265
1337613982.8 63.8477554321
1337613982.8 66.9980316162
1337613982.8 65.6832733154
1337613982.8 65.5202255249
1337613982.8 69.2877502441
1337613982.8 71.2334213257
1337613982.8 71.4401702881
1337613982.8 75.382522583
1337613982.81 75.436378479
1337613982.81 73.2161865234
1337613982.81 75.745803833
1337613982.81 74.4936676025
1337613982.85 72.4551086426
1337613982.85 74.074760437
1337613982.85 75.7367095947
1337613982.85 76.7132568359
1337613982.85 80.4000701904
1337613982.86 84.0138244629
1337613982.86 85.278678894
1337613982.86 87.9001693726
1337613982.86 89.9081192017
1337613982.86 92.2962722778
1337613982.86 96.1225280762
1337613982.86 100.348983765
1337613982.86 99.2331314087
1337613982.91 97.8828201294
1337613982.91 99.2213134766
1337613982.91 100.001159668
1337613982.92 96.9513549805
1337613982.92 94.4229049683
1337613982.92 92.6196594238
1337613982.92 89.3682174683
1337613982.92 89.2586212158
1337613982.92 89.8300704956
1337613982.92 88.8829345703
1337613982.92 89.1993408203
1337613982.92 90.100189209
1337613982.96 90.8404083252
1337613982.96 91.1966094971
1337613982.96 92.995475769
1337613982.96 93.9243392944
1337613982.97 93.6874847412
1337613982.97 96.3949203491
1337613982.97 96.8290481567
1337613982.97 95.0328598022
1337613982.97 97.655456543
1337613983.02 99.4706802368
1337613983.02 98.4983673096
1337613983.02 97.9054412842
1337613983.02 99.3166503906
1337613983.02 98.5723648071
1337613983.02 97.1027984619
1337613983.02 97.4060440063
1337613983.02 95.4519348145
1337613983.03 92.5204849243
1337613983.03 97.4101028442
1337613983.03 99.1374893188
1337613983.03 97.6401138306
1337613983.06 98.6668930054
1337613983.06 97.2630310059
1337613983.06 93.4670028687
1337613983.07 96.1412658691
1337613983.07 95.4434432983
1337613983.07 90.621635437
1337613983.07 91.2074508667
1337613983.07 90.638381958
1337613983.07 86.9178009033
1337613983.16 85.8347549438
1337613983.16 85.6880264282
1337613983.16 81.3799057007
1337613983.17 81.3668136597
1337613983.17 83.7212600708
1337613983.17 81.8304290771
1337613983.17 82.1779708862
1337613983.17 84.5820846558
1337613983.17 88.1666030884
1337613983.17 90.0090026855
1337613983.17 95.0751190186
1337613983.17 95.1704025269
1337613983.17 90.8197479248
1337613983.18 93.188873291
1337613983.18 93.5946731567
1337613983.18 89.8245391846
1337613983.18 94.2685470581
1337613983.18 93.2676849365
1337613983.18 87.2156524658
1337613983.18 88.8477783203
1337613983.18 89.9280014038
1337613983.21 89.0482254028
1337613983.21 94.1339263916
1337613983.21 97.8490142822
1337613983.24 96.7421646118
1337613983.25 101.590209961
1337613983.25 105.566505432
1337613983.25 102.18145752
1337613983.25 102.863197327
1337613983.25 105.555084229
1337613983.25 103.327659607
1337613983.31 105.037994385
1337613983.31 108.134025574
1337613983.31 105.747253418
1337613983.31 100.82321167
1337613983.31 102.038314819
1337613983.31 101.497444153
1337613983.31 94.2259902954
1337613983.32 93.5064544678
1337613983.32 89.1559143066
1337613983.32 83.0160369873
1337613983.37 84.1658706665
1337613983.37 85.3143539429
1337613983.37 80.9406661987
1337613983.37 80.1401901245
1337613983.38 79.5716629028
1337613983.38 74.3446350098
1337613983.38 77.9462432861
1337613983.38 83.8562774658
1337613983.38 80.9078216553
1337613983.38 81.2834243774
1337613983.38 86.2325973511
1337613983.38 84.2937469482
1337613983.38 85.9057693481
1337613983.38 85.0000457764
1337613983.38 77.5804290771
1337613983.38 71.5234298706
1337613983.38 73.944694519
1337613983.38 70.7453994751
1337613983.38 65.5384292603
1337613983.48 65.2585678101
1337613983.49 62.8952560425
1337613983.49 60.1837120056
1337613983.49 63.2789268494
1337613983.49 62.3852500916
1337613983.49 60.3839225769
1337613983.49 60.337020874
1337613983.49 61.0109443665
1337613983.49 59.6406707764
1337613983.49 59.6741523743
1337613983.49 62.1790466309
1337613983.5 60.5899505615
1337613983.5 60.3309173584
1337613983.5 67.1754379272
1337613983.5 68.4326705933
1337613983.5 67.645652771
1337613983.5 72.9577331543
1337613983.5 69.6828842163
1337613983.5 64.1548080444
1337613983.5 63.3700561523
1337613983.5 56.9655761719
1337613983.5 51.3312988281
1337613983.5 49.7076377869
1337613983.5 51.2577552795
1337613983.5 51.7299613953
1337613983.5 53.1188697815
1337613983.51 53.9953155518
1337613983.54 49.4958572388
1337613983.54 47.9946403503
1337613983.54 46.4466247559
1337613983.54 42.8416290283
1337613983.54 40.2766075134
1337613983.54 39.3670806885
1337613983.64 37.4302177429
1337613983.64 36.6476478577
1337613983.64 37.6262626648
1337613983.64 36.3451004028
1337613983.65 34.9723243713
1337613983.65 35.2353134155
1337613983.65 29.6904029846
1337613983.65 22.5713596344
1337613983.65 19.2961616516
1337613983.65 18.0064697266
1337613983.65 15.7690114975
1337613983.65 17.7106552124
1337613983.66 16.7548179626
1337613983.66 13.4458808899
1337613983.66 17.4851589203
1337613983.66 18.5239582062
1337613983.66 14.626657486
1337613983.66 14.0432424545
1337613983.66 12.7124242783
1337613983.66 10.3693618774
1337613983.66 8.77397251129
1337613983.66 9.4315290451
1337613983.66 7.45219182968
1337613983.69 1.13952147961
1337613983.69 0.545472443104
1337613983.69 -0.714813172817
1337613983.69 -10.4017248154
1337613983.74 -12.5501909256
1337613983.74 -15.8199310303
1337613983.75 -23.7729988098
1337613983.75 -21.7383289337
1337613983.75 -22.5578861237
1337613983.75 -25.7931690216
1337613983.75 -22.9545459747
1337613983.75 -20.1584396362
1337613983.75 -23.2648525238
1337613983.75 -20.5095291138
1337613983.75 -16.5331745148
1337613983.75 -19.7837200165
1337613983.76 -16.8261375427
1337613983.76 -12.6510066986
1337613983.76 -15.7433166504
1337613983.76 -17.2967853546
1337613983.79 -13.1764326096
1337613983.79 -13.5577430725
1337613983.79 -12.58689785
1337613983.79 -8.36792850494
1337613983.79 -9.84637546539
1337613983.79 -13.5122652054
1337613983.83 -10.6059675217
1337613983.83 -10.7064905167
1337613983.83 -12.4453830719
1337613983.83 -8.65345859528
1337613983.83 -10.7928037643
1337613983.83 -15.422454834
1337613983.84 -13.1437854767
1337613983.84 -13.5704908371
1337613983.84 -21.9167671204
1337613983.84 -27.0737953186
1337613983.88 -31.3411064148
1337613983.88 -33.423324585
1337613983.89 -34.4094314575
1337613983.89 -32.4826393127
1337613983.89 -34.1567726135
1337613983.89 -35.5101127625
1337613983.89 -30.1769313812
1337613983.89 -30.6271076202
1337613983.93 -27.1626987457
1337613983.93 -26.5179252625
1337613983.93 -26.4056777954
1337613983.93 -21.9147853851
1337613983.93 -20.5819244385
1337613983.93 -23.3440437317
1337613983.93 -24.0609455109
1337613983.93 -25.2058372498
1337613983.94 -28.0639629364
1337613983.94 -26.9236278534
1337613983.94 -25.0104389191
1337613983.95 -25.8421478271
1337613983.95 -28.3072471619
1337613983.95 -30.1666984558
1337613983.99 -32.2465019226
1337613983.99 -34.9753684998
1337613983.99 -37.7868995667
1337613984.0 -41.3108978271
1337613984.0 -47.4630508423
1337613984.0 -48.0403823853
1337613984.0 -43.0091247559
1337613984.0 -40.641002655
1337613984.0 -39.50548172
1337613984.0 -38.0010719299
1337613984.05 -39.8819961548
1337613984.05 -41.6308517456
1337613984.06 -39.4704246521
1337613984.06 -37.7931747437
1337613984.06 -38.932434082
1337613984.06 -33.7630195618
1337613984.06 -30.3747291565
1337613984.06 -31.7531147003
1337613984.07 -29.6247291565
1337613984.07 -29.2566719055
1337613984.07 -32.2631645203
1337613984.07 -29.5865650177
1337613984.11 -27.8973255157
1337613984.12 -29.6692409515
1337613984.12 -29.3297748566
1337613984.12 -27.789888382
1337613984.12 -29.5080699921
1337613984.13 -28.9333019257
1337613984.13 -26.2533836365
1337613984.13 -26.5853729248
1337613984.13 -30.2177066803
1337613984.13 -28.4046592712
1337613984.13 -28.3274345398
1337613984.13 -31.6063938141
1337613984.13 -28.1177501678
1337613984.13 -28.4531593323
1337613984.13 -32.4522743225
1337613984.16 -30.694770813
1337613984.16 -30.4389247894
1337613984.17 -33.7515716553
1337613984.17 -29.8555641174
1337613984.17 -24.1592731476
1337613984.17 -24.7720832825
1337613984.17 -21.6208438873
1337613984.23 -16.8720283508
1337613984.23 -18.4889335632
1337613984.23 -17.1371631622
1337613984.24 -13.064994812
1337613984.24 -13.5298147202
1337613984.24 -13.5066738129
1337613984.24 -8.98853588104
1337613984.24 -8.14590263367
1337613984.24 -8.89347267151
1337613984.24 -5.7651386261
1337613984.24 -7.28736686707
1337613984.24 -11.0561056137
1337613984.24 -8.99129867554
1337613984.28 -10.2320556641
1337613984.28 -13.8779573441
1337613984.28 -12.8853244781
1337613984.28 -11.7939434052
1337613984.28 -14.9668893814
1337613984.34 -14.8331212997
1337613984.34 -13.0475149155
1337613984.34 -15.8325529099
1337613984.34 -16.1364269257
1337613984.35 -12.0102262497
1337613984.35 -12.4794178009
1337613984.35 -11.4321756363
1337613984.35 -8.21259117126
1337613984.35 -8.6550693512
1337613984.35 -5.92311096191
1337613984.35 -2.83393383026
1337613984.35 -2.20760774612
1337613984.36 -0.626229166985
1337613984.36 1.13417303562
1337613984.36 2.11038398743
1337613984.36 1.46814310551
1337613984.36 -0.261697262526
1337613984.36 -0.554498553276
1337613984.36 -2.7305867672
1337613984.39 -10.4346513748
1337613984.39 -13.5710830688
1337613984.39 -19.039232254
1337613984.39 -22.9539737701
1337613984.39 -24.8794612885
1337613984.4 -25.9150257111
1337613984.4 -27.9666175842
1337613984.4 -30.2611179352
1337613984.4 -32.2765007019
1337613984.43 -34.8958587646
1337613984.44 -37.1554946899
1337613984.44 -34.1906204224
1337613984.44 -31.1324958801
1337613984.44 -30.7538738251
1337613984.44 -28.499458313
1337613984.44 -27.7623691559
1337613984.44 -27.4952640533
1337613984.45 -21.8047447205
1337613984.45 -19.3053092957
1337613984.46 -18.9007453918
1337613984.46 -18.0359859467
1337613984.49 -17.1034030914
1337613984.49 -16.9630298615
1337613984.49 -18.8602371216
1337613984.49 -17.5176677704
1337613984.49 -18.4461288452
1337613984.49 -22.40883255
1337613984.49 -20.4908294678
1337613984.5 -19.3073444366
1337613984.54 -22.6683712006
1337613984.54 -20.1198120117
1337613984.54 -20.0997714996
1337613984.59 -24.7191352844
1337613984.59 -24.1307086945
1337613984.59 -23.4753913879
1337613984.59 -27.3947505951
1337613984.59 -24.9215335846
1337613984.59 -22.6399841309
1337613984.6 -24.03997612
1337613984.6 -21.6600418091
1337613984.6 -18.3478775024
1337613984.6 -20.962097168
1337613984.6 -22.8071231842
1337613984.6 -19.0169124603
1337613984.6 -18.1105861664
1337613984.6 -18.4761562347
1337613984.61 -14.9900302887
1337613984.61 -16.5425682068
1337613984.61 -19.5560112
1337613984.61 -17.072675705
1337613984.62 -16.9581604004
1337613984.63 -19.2145023346
1337613984.63 -20.3820018768
1337613984.63 -24.0600547791
1337613984.64 -28.0687770844
1337613984.64 -31.5349273682
1337613984.64 -31.6097717285
1337613984.7 -34.2223052979
1337613984.71 -37.3300209045
1337613984.71 -36.7537269592
1337613984.71 -39.4539604187
1337613984.72 -41.9687843323
1337613984.72 -40.7644462585
1337613984.72 -39.1280403137
1337613984.72 -38.259223938
1337613984.72 -35.2795829773
1337613984.72 -31.1072654724
1337613984.72 -28.5726966858
1337613984.73 -25.58061409
1337613984.73 -21.9108104706
1337613984.73 -21.8216495514
1337613984.73 -23.0733833313
1337613984.82 -23.8413295746
1337613984.82 -24.1846504211
1337613984.82 -25.7968044281
1337613984.82 -24.1601963043
1337613984.83 -24.1332397461
1337613984.83 -27.8874816895
1337613984.83 -29.143321991
1337613984.83 -28.900220871
1337613984.83 -30.5123004913
1337613984.83 -32.5149269104
1337613984.83 -31.5004482269
1337613984.83 -32.341468811
1337613984.84 -34.9371528625
1337613984.84 -33.0287628174
1337613984.84 -32.7959060669
1337613984.84 -37.3996124268
1337613984.84 -35.509765625
1337613984.84 -34.7675743103
1337613984.85 -37.011756897
1337613984.85 -33.8898506165
1337613984.85 -32.5458335876
1337613984.85 -34.5054588318
1337613984.85 -31.1476211548
1337613984.85 -28.8443946838
1337613984.85 -31.2993564606
1337613984.85 -30.1186618805
1337613984.87 -27.379234314
1337613984.87 -29.8184909821
1337613984.87 -30.1944599152
1337613984.87 -32.7744255066
1337613984.88 -38.9616279602
1337613984.91 -45.3401985168
1337613984.91 -42.3681221008
1337613984.91 -41.8898963928
1337613984.91 -44.7438316345
1337613984.91 -43.4123916626
1337613984.91 -43.6065063477
1337613984.91 -45.3914451599
1337613984.91 -42.3276367188
1337613984.91 -40.0233268738
1337613984.92 -40.3994750977
1337613984.96 -36.1624755859
1337613984.96 -33.0559272766
1337613984.96 -32.6664848328
1337613984.96 -29.5998516083
1337613984.96 -25.2816944122
1337613984.96 -22.2264251709
1337613984.97 -18.5409603119
1337613984.97 -13.2153673172
1337613984.97 -12.4384622574
1337613984.97 -14.0111551285
1337613984.97 -9.76084518433
1337613985.0 -9.56537818909
1337613985.0 -9.39468765259
1337613985.0 -10.2668056488
1337613985.0 -9.51512336731
1337613985.0 -7.97664451599
1337613985.0 -8.41236019135
1337613985.04 -10.0227365494
1337613985.04 -12.5367259979
1337613985.04 -15.6372451782
1337613985.09 -15.2102451324
1337613985.09 -16.5914726257
1337613985.09 -17.081029892
1337613985.09 -14.4472255707
1337613985.09 -13.2099981308
1337613985.09 -13.8889732361
1337613985.09 -14.5402154922
1337613985.09 -12.4843149185
1337613985.1 -11.3475160599
1337613985.1 -9.32941627502
1337613985.1 -4.63345623016
1337613985.1 -4.20060586929
1337613985.1 -5.60431003571
1337613985.1 -1.32213687897
1337613985.1 -0.855525970459
1337613985.1 -4.7056388855
1337613985.1 -3.42568325996
1337613985.11 -1.75571084023
1337613985.15 -0.89396995306
1337613985.15 8.09098911285
1337613985.15 15.5601787567
1337613985.15 20.2675628662
1337613985.15 29.8727283478
1337613985.15 38.640007019
1337613985.15 44.6827201843
1337613985.15 53.8446083069
1337613985.16 62.5195007324
1337613985.16 65.9188156128
1337613985.2 64.8413391113
1337613985.2 63.3457374573
1337613985.2 59.4490356445
1337613985.2 55.1941261292
1337613985.21 52.8317222595
1337613985.21 61.5014877319
1337613985.21 69.3791656494
1337613985.21 74.9712677002
1337613985.29 78.6356735229
1337613985.29 71.5536804199
1337613985.29 64.1348342896
1337613985.29 58.2476577759
1337613985.29 54.6439590454
1337613985.29 50.1064300537
1337613985.29 46.0123977661
1337613985.3 39.8424339294
1337613985.3 34.783706665
1337613985.3 32.1296920776
1337613985.3 29.5138969421
1337613985.3 30.1783828735
1337613985.3 31.595664978
1337613985.3 34.6174583435
1337613985.3 35.3747253418
1337613985.3 34.2319793701
1337613985.31 44.9426803589
1337613985.31 52.8653144836
1337613985.31 53.6382904053
1337613985.31 65.7777328491
1337613985.31 74.9455947876
1337613985.31 78.1599349976
1337613985.31 80.2930679321
1337613985.36 82.8061447144
1337613985.36 80.4305877686
1337613985.37 79.9601898193
1337613985.37 97.9481735229
1337613985.37 111.277404785
1337613985.37 121.591560364
1337613985.37 133.398422241
1337613985.37 139.076309204
1337613985.38 151.853393555
1337613985.38 167.140533447
1337613985.38 176.915878296
1337613985.38 182.003265381
1337613985.38 191.958953857
1337613985.38 198.585174561
1337613985.41 200.754394531
1337613985.41 211.149887085
1337613985.41 221.088180542
1337613985.41 223.197052002
1337613985.41 232.733123779
1337613985.41 246.037979126
1337613985.48 253.717269897
1337613985.49 264.592956543
1337613985.49 276.000976562
1337613985.49 283.957794189
1337613985.49 292.930786133
1337613985.49 308.248535156
1337613985.49 318.295135498
1337613985.49 325.782470703
1337613985.5 349.812225342
1337613985.5 365.378936768
1337613985.5 376.569000244
1337613985.5 391.627838135
1337613985.5 401.601806641
1337613985.5 407.152923584
1337613985.5 417.012786865
1337613985.5 428.637420654
1337613985.5 434.536743164
1337613985.5 442.810546875
1337613985.54 450.246368408
1337613985.54 454.579528809
1337613985.54 461.622802734
1337613985.55 471.785003662
1337613985.55 493.716156006
1337613985.55 516.275817871
1337613985.55 537.88684082
1337613985.55 548.706848145
1337613985.55 562.345153809
1337613985.56 579.240661621
1337613985.58 603.101318359
1337613985.59 623.499206543
1337613985.59 646.008483887
1337613985.59 663.376831055
1337613985.59 686.398864746
1337613985.59 713.530883789
1337613985.59 733.540588379
1337613985.65 747.926574707
1337613985.65 760.328308105
1337613985.65 770.97454834
1337613985.65 778.262268066
1337613985.65 783.962646484
1337613985.65 788.939941406
1337613985.66 792.801879883
1337613985.66 806.454040527
1337613985.66 820.64630127
1337613985.66 832.667358398
1337613985.66 844.451477051
1337613985.66 848.738220215
1337613985.66 847.979614258
1337613985.66 844.918762207
1337613985.76 857.057678223
1337613985.76 864.459411621
1337613985.76 870.75793457
1337613985.76 875.31842041
1337613985.77 874.009155273
1337613985.77 869.585266113
1337613985.77 863.743774414
1337613985.77 859.074645996
1337613985.77 854.133666992
1337613985.77 854.579223633
1337613985.77 855.988891602
1337613985.77 856.257507324
1337613985.77 856.337646484
1337613985.78 854.676269531
1337613985.78 853.285827637
1337613985.78 847.382324219
1337613985.78 845.244812012
1337613985.78 850.388366699
1337613985.78 850.360229492
1337613985.78 855.057983398
1337613985.78 847.372131348
1337613985.78 834.769348145
1337613985.78 830.252868652
1337613985.78 824.107666016
1337613985.78 812.111816406
1337613985.79 806.044067383
1337613985.79 810.143249512
1337613985.82 807.080688477
1337613985.82 809.565612793
1337613985.82 812.535705566
1337613985.82 810.018066406
1337613985.83 809.374328613
1337613985.83 813.374755859
1337613985.83 804.541381836
1337613985.87 797.083374023
1337613985.87 797.072631836
1337613985.87 784.226135254
1337613985.87 770.868591309
1337613985.87 766.503967285
1337613985.87 759.875244141
1337613985.87 751.04309082
1337613985.88 749.097839355
1337613985.88 742.229370117
1337613985.88 733.548522949
1337613985.91 734.028015137
1337613985.92 731.700744629
1337613985.92 714.652954102
1337613985.98 707.311584473
1337613985.98 695.756530762
1337613985.98 688.155822754
1337613985.98 690.336364746
1337613985.98 689.193908691
1337613985.98 683.049194336
1337613985.99 684.059631348
1337613985.99 680.880859375
1337613985.99 674.192443848
1337613985.99 678.199645996
1337613985.99 679.579589844
1337613985.99 676.204040527
1337613985.99 677.510925293
1337613985.99 675.439147949
1337613985.99 671.703857422
1337613986.0 672.626647949
1337613986.0 672.357543945
1337613986.0 664.261962891
1337613986.0 657.850524902
1337613986.0 652.690429688
1337613986.0 652.072570801
1337613986.0 651.297119141
1337613986.04 651.711853027
1337613986.04 647.303405762
1337613986.04 640.92590332
1337613986.04 639.105895996
1337613986.04 638.215332031
1337613986.05 631.726928711
1337613986.05 626.735107422
1337613986.05 620.672302246
1337613986.05 611.593383789
1337613986.05 607.611022949
1337613986.05 605.987670898
1337613986.1 600.727294922
1337613986.11 606.57409668
1337613986.11 611.937683105
1337613986.11 613.123779297
1337613986.11 616.515930176
1337613986.11 620.614257812
1337613986.11 620.49041748
1337613986.11 622.106994629
1337613986.11 623.952270508
1337613986.11 624.157531738
1337613986.12 616.495422363
1337613986.12 612.018798828
1337613986.12 604.972961426
1337613986.16 601.813293457
1337613986.16 601.281860352
1337613986.16 597.452453613
1337613986.16 593.195617676
1337613986.16 589.027648926
1337613986.16 583.249023438
1337613986.16 575.374084473
1337613986.17 572.047363281
1337613986.17 568.550292969
1337613986.17 560.548339844
1337613986.22 558.938476562
1337613986.22 559.114074707
1337613986.22 554.239196777
1337613986.22 557.224060059
1337613986.22 565.31652832
1337613986.22 567.298828125
1337613986.22 577.30871582
1337613986.22 583.810913086
1337613986.22 575.844360352
1337613986.22 577.347595215
1337613986.22 576.905334473
1337613986.27 571.287414551
1337613986.27 575.565673828
1337613986.28 578.385192871
1337613986.28 574.542358398
1337613986.28 570.035827637
1337613986.28 562.730651855
1337613986.28 550.780212402
1337613986.28 547.378540039
1337613986.28 545.72064209
1337613986.28 540.542236328
1337613986.29 542.961486816
1337613986.29 539.135009766
1337613986.34 530.813354492
1337613986.34 528.36126709
1337613986.34 525.832763672
1337613986.34 519.652587891
1337613986.34 517.479797363
1337613986.35 519.283447266
1337613986.35 518.014526367
1337613986.35 517.597900391
1337613986.35 516.609924316
1337613986.35 518.364685059
1337613986.35 519.332824707
1337613986.35 520.683898926
1337613986.35 521.053161621
1337613986.36 514.364318848
1337613986.36 513.247375488
1337613986.4 509.81539917
1337613986.4 504.834899902
1337613986.4 509.254943848
1337613986.41 511.039459229
1337613986.41 509.818511963
1337613986.41 508.341278076
1337613986.41 507.069061279
1337613986.41 499.786773682
1337613986.41 498.157897949
1337613986.41 497.157836914
1337613986.41 492.139892578
1337613986.42 494.185974121
1337613986.44 495.891082764
1337613986.44 491.105102539
1337613986.44 491.622070312
1337613986.45 494.823547363
1337613986.45 495.891357422
1337613986.48 503.70425415
1337613986.48 506.684173584
1337613986.48 502.351989746
1337613986.48 502.798156738
1337613986.49 505.705444336
1337613986.49 504.942138672
1337613986.49 506.002502441
1337613986.49 508.400878906
1337613986.53 505.750671387
1337613986.53 501.821533203
1337613986.53 502.865356445
1337613986.54 500.497009277
1337613986.54 494.945220947
1337613986.54 492.150268555
1337613986.54 488.12689209
1337613986.54 479.233734131
1337613986.54 477.846862793
1337613986.54 474.218078613
1337613986.54 471.046356201
1337613986.55 476.442138672
1337613986.58 480.80368042
1337613986.58 479.115936279
1337613986.58 483.037322998
1337613986.58 483.93081665
1337613986.58 479.370758057
1337613986.58 481.42300415
1337613986.58 482.776702881
1337613986.61 480.468475342
1337613986.61 478.87020874
1337613986.61 480.500701904
1337613986.62 477.491912842
1337613986.62 475.39730835
1337613986.63 472.244689941
1337613986.63 464.570770264
1337613986.63 459.330871582
1337613986.63 459.531738281
1337613986.63 455.718353271
1337613986.67 451.766845703
1337613986.67 455.384765625
1337613986.67 454.449371338
1337613986.67 453.854309082
1337613986.67 456.446807861
1337613986.67 454.819244385
1337613986.68 451.680450439
1337613986.68 450.357421875
1337613986.68 443.861907959
1337613986.68 435.897827148
1337613986.71 428.081390381
1337613986.71 424.353363037
1337613986.71 423.414428711
1337613986.71 424.344451904
1337613986.71 423.741546631
1337613986.72 426.709564209
1337613986.72 430.93963623
1337613986.77 430.555725098
1337613986.77 429.148193359
1337613986.77 428.948852539
1337613986.77 425.259002686
1337613986.77 425.506500244
1337613986.78 427.107757568
1337613986.78 426.471801758
1337613986.78 430.874694824
1337613986.78 432.43850708
1337613986.78 432.163208008
1337613986.78 436.159515381
1337613986.78 438.026672363
1337613986.78 432.842559814
1337613986.78 432.545959473
1337613986.83 432.843292236
1337613986.83 429.388275146
1337613986.83 428.306640625
1337613986.83 431.805938721
1337613986.83 432.39163208
1337613986.83 430.42477417
1337613986.84 433.464141846
1337613986.84 433.683197021
1337613986.84 422.762542725
1337613986.84 418.050598145
1337613986.84 414.538299561
1337613986.88 407.906677246
1337613986.88 402.366241455
1337613986.88 397.04800415
1337613986.88 402.784729004
1337613986.88 409.928222656
1337613986.88 417.739898682
1337613986.94 406.703948975
1337613986.94 398.719512939
1337613986.94 394.74307251
1337613986.95 394.490936279
1337613986.95 397.033477783
1337613986.95 401.373046875
1337613986.95 400.326599121
1337613986.95 398.876739502
1337613986.95 399.211791992
1337613986.95 399.602355957
1337613986.95 394.912506104
1337613986.95 391.425323486
1337613986.96 390.585998535
1337613986.96 393.704040527
1337613986.96 394.049285889
1337613986.96 395.544342041
1337613987.0 397.680297852
1337613987.0 395.950378418
1337613987.0 394.37399292
1337613987.01 396.283691406
1337613987.01 398.010314941
1337613987.01 396.122070312
1337613987.01 398.419403076
1337613987.01 400.701568604
1337613987.01 391.039031982
1337613987.01 386.886535645
1337613987.08 383.035919189
1337613987.08 376.759277344
1337613987.08 375.509429932
1337613987.09 370.72845459
1337613987.09 365.731842041
1337613987.09 366.180786133
1337613987.09 366.330841064
1337613987.1 360.195068359
1337613987.1 355.145507812
1337613987.1 353.40045166
1337613987.1 346.934692383
1337613987.1 343.513244629
1337613987.1 345.994903564
1337613987.1 342.870483398
1337613987.1 339.231567383
1337613987.1 342.003875732
1337613987.1 341.562438965
1337613987.1 339.746917725
1337613987.1 343.264892578
1337613987.13 344.16204834
1337613987.13 343.379486084
1337613987.13 343.857147217
1337613987.13 342.719543457
1337613987.13 341.668029785
1337613987.13 338.52645874
1337613987.13 337.8125
1337613987.14 333.001831055
1337613987.14 329.604949951
1337613987.16 331.370788574
1337613987.17 329.598693848
1337613987.17 329.004394531
1337613987.17 331.138122559
1337613987.17 329.351196289
1337613987.17 329.573608398
1337613987.17 330.440765381
1337613987.17 330.869384766
1337613987.2 330.881286621
1337613987.21 329.497924805
1337613987.21 329.32019043
1337613987.21 328.382720947
1337613987.21 327.919586182
1337613987.21 329.963623047
1337613987.21 329.160095215
1337613987.21 327.57333374
1337613987.25 324.377593994
1337613987.25 321.667419434
1337613987.25 319.985961914
1337613987.26 312.573364258
1337613987.26 309.820007324
1337613987.26 306.629425049
1337613987.26 300.53994751
1337613987.26 301.870605469
1337613987.26 299.193267822
1337613987.31 294.487487793
1337613987.31 295.130065918
1337613987.31 293.855072021
1337613987.31 291.860229492
1337613987.31 291.837677002
1337613987.31 293.770019531
1337613987.31 290.885009766
1337613987.32 288.541931152
1337613987.32 289.496948242
1337613987.32 285.659301758
1337613987.36 279.687713623
1337613987.36 277.592834473
1337613987.36 272.973876953
1337613987.36 269.352661133
1337613987.37 272.460205078
1337613987.37 274.235748291
1337613987.37 271.958953857
1337613987.37 271.481536865
1337613987.37 271.27532959
1337613987.37 268.623626709
1337613987.37 269.960357666
1337613987.37 269.820770264
1337613987.37 267.187286377
1337613987.4 269.232727051
