1337616901.71 0.0
1337616901.71 0.0
1337616901.71 0.0
1337616901.72 0.0
1337616901.72 0.0
1337616901.73 0.0
1337616901.74 0.0
1337616901.74 0.0
1337616901.75 0.0
1337616901.75 0.0
1337616901.76 0.0
1337616901.76 0.0
1337616901.77 0.0
1337616901.77 0.0
1337616901.78 0.0
1337616901.78 0.0
1337616901.79 0.0
1337616901.79 0.0
1337616901.8 0.0
1337616901.81 0.0
1337616901.81 0.0
1337616901.81 0.0
1337616901.81 0.0
1337616901.82 0.0
1337616901.83 0.0
1337616901.83 0.0
1337616901.84 0.0
1337616901.84 0.0
1337616901.85 0.0
1337616901.85 0.0
1337616901.87 0.0
1337616901.87 0.0
1337616901.87 0.0
1337616901.87 0.0
1337616901.88 0.0
1337616901.88 0.0
1337616901.89 0.0
1337616901.89 0.0
1337616901.9 0.0
1337616901.9 0.0
1337616901.91 0.0
1337616901.92 0.0
1337616901.92 0.0
1337616901.92 0.0
1337616901.93 0.0
1337616901.93 0.0
1337616901.93 0.0
1337616901.94 0.0
1337616901.94 0.0
1337616901.95 0.0
1337616901.96 0.0
1337616901.96 0.0
1337616901.97 0.0
1337616901.98 0.0
1337616901.98 0.0
1337616901.98 0.0
1337616901.99 0.0
1337616901.99 0.0
1337616902.0 0.0
1337616902.0 0.0
1337616902.0 0.0
1337616902.01 0.0
1337616902.02 0.0
1337616902.03 0.0
1337616902.03 0.0
1337616902.04 0.0
1337616902.04 0.0
1337616902.04 0.0
1337616902.05 0.0
1337616902.05 0.0
1337616902.06 0.0
1337616902.06 0.0
1337616902.07 0.0
1337616902.08 0.0
1337616902.08 0.0
1337616902.08 0.0
1337616902.09 0.0
1337616902.09 0.0
1337616902.09 0.0
1337616902.1 0.0
1337616902.11 0.0
1337616902.11 0.0
1337616902.11 0.0
1337616902.12 0.0
1337616902.13 0.0
1337616902.13 0.0
1337616902.15 0.0
1337616902.15 0.0
1337616902.16 0.0
1337616902.16 0.0
1337616902.16 0.0
1337616902.16 0.0
1337616902.17 0.0
1337616902.17 0.0
1337616902.2 0.0
1337616902.2 0.0
1337616902.2 0.0
1337616902.2 0.0
1337616902.2 0.0
1337616902.2 0.0
1337616902.21 0.0
1337616902.21 0.0
1337616902.21 0.0
1337616902.24 0.0
1337616902.24 0.0
1337616902.25 0.0
1337616902.25 0.0
1337616902.25 0.0
1337616902.31 0.0
1337616902.31 0.0
1337616902.31 0.0
1337616902.31 0.0
1337616902.31 0.0
1337616902.31 0.0
1337616902.32 0.0
1337616902.32 0.0
1337616902.32 0.0
1337616902.32 0.0
1337616902.32 0.0
1337616902.32 0.0
1337616902.33 0.0
1337616902.33 0.0
1337616902.33 0.0
1337616902.33 0.0
1337616902.34 0.0
1337616902.34 0.0
1337616902.34 0.0
1337616902.35 0.0
1337616902.36 0.0
1337616902.36 0.0
1337616902.37 0.0
1337616902.37 0.0
1337616902.37 0.0
1337616902.38 0.0
1337616902.38 0.0
1337616902.39 0.0
1337616902.39 0.0
1337616902.41 0.0
1337616902.41 0.0
1337616902.41 0.0
1337616902.42 0.0
1337616902.42 0.0
1337616902.43 0.0
1337616902.43 0.0
1337616902.43 0.0
1337616902.44 0.0
1337616902.44 0.0
1337616902.45 0.0
1337616902.46 0.0
1337616902.46 0.0
1337616902.46 0.0
1337616902.47 0.0
1337616902.47 0.0
1337616902.48 0.0
1337616902.49 0.0
1337616902.49 0.0
1337616902.5 0.0
1337616902.5 0.0
1337616902.51 0.0
1337616902.51 0.0
1337616902.52 0.0
1337616902.52 0.0
1337616902.52 0.0
1337616902.53 0.0
1337616902.53 0.0
1337616902.55 0.0
1337616902.55 0.0
1337616902.56 0.0
1337616902.56 0.0
1337616902.56 0.0
1337616902.56 0.0
1337616902.57 0.0
1337616902.57 0.0
1337616902.58 0.0
1337616902.58 0.0
1337616902.59 0.0
1337616902.6 0.0
1337616902.6 0.0
1337616902.62 0.0
1337616902.62 0.0
1337616902.62 0.0
1337616902.62 0.0
1337616902.62 0.0
1337616902.63 0.0
1337616902.64 0.0
1337616902.64 0.0
1337616902.64 0.0
1337616902.65 0.0
1337616902.66 0.0
1337616902.66 0.0
1337616902.66 0.0
1337616902.69 0.0
1337616902.69 0.0
1337616902.69 0.0
1337616902.69 0.0
1337616902.7 0.0
1337616902.7 0.0
1337616902.7 0.0
1337616902.71 0.0
1337616902.71 0.0
1337616902.72 0.0
1337616902.73 0.0
1337616902.73 0.0
1337616902.73 0.0
1337616902.73 0.0
1337616902.76 0.0
1337616902.76 0.0
1337616902.76 0.0
1337616902.76 0.0
1337616902.77 0.0
1337616902.77 0.0
1337616902.77 0.0
1337616902.77 0.0
1337616902.78 0.0
1337616902.78 0.0
1337616902.79 0.0
1337616902.8 0.0
1337616902.81 0.0
1337616902.83 0.0
1337616902.83 0.0
1337616902.84 0.0
1337616902.84 0.0
1337616902.84 0.0
1337616902.85 0.0
1337616902.85 0.0
1337616902.86 0.0
1337616902.86 0.0
1337616902.86 0.0
1337616902.87 0.0
1337616902.87 0.0
1337616902.87 0.0
1337616902.95 0.0
1337616902.95 0.0
1337616902.95 0.0
1337616902.96 0.0
1337616902.96 0.0
1337616902.96 0.0
1337616902.96 0.0
1337616902.96 0.0
1337616902.96 0.0
1337616902.96 0.0
1337616902.96 0.0
1337616902.98 0.0
1337616902.98 0.0
1337616902.98 0.0
1337616902.98 0.0
1337616902.99 0.0
1337616902.99 0.0
1337616902.99 0.0
1337616902.99 0.0
1337616902.99 0.0
1337616902.99 0.0
1337616902.99 0.0
1337616902.99 0.0
1337616902.99 0.0
1337616902.99 0.0
1337616903.0 0.0
1337616903.0 0.0
1337616903.01 0.0
1337616903.01 0.0
1337616903.01 0.0
1337616903.02 0.0
1337616903.02 0.0
1337616903.03 0.0
1337616903.03 0.0
1337616903.04 0.0
1337616903.04 0.0
1337616903.06 0.0
1337616903.06 0.0
1337616903.06 0.0
1337616903.06 0.0
1337616903.07 0.0
1337616903.07 0.0
1337616903.08 0.0
1337616903.09 0.0
1337616903.09 0.0
1337616903.1 0.0
1337616903.1 0.0
1337616903.1 0.0
1337616903.11 0.0
1337616903.11 0.0
1337616903.12 0.0
1337616903.12 0.0
1337616903.13 0.0
1337616903.13 0.0
1337616903.15 0.0
1337616903.15 0.0
1337616903.15 0.0
1337616903.15 0.0
1337616903.16 0.0
1337616903.16 0.0
1337616903.17 0.0
1337616903.17 0.0
1337616903.18 0.0
1337616903.18 0.0
1337616903.19 0.0
1337616903.19 0.0
1337616903.2 0.0
1337616903.2 0.0
1337616903.21 0.0
1337616903.21 0.0
1337616903.22 0.0
1337616903.22 0.0
1337616903.23 0.0
1337616903.23 0.0
1337616903.25 0.0
1337616903.25 0.0
1337616903.25 0.0
1337616903.25 0.0
1337616903.26 0.0
1337616903.26 0.0
1337616903.27 0.0
1337616903.27 0.0
1337616903.28 0.0
1337616903.28 0.0
1337616903.29 0.0
1337616903.29 0.0
1337616903.3 0.0
1337616903.3 0.0
1337616903.31 0.0
1337616903.31 0.0
1337616903.32 0.0
1337616903.32 0.0
1337616903.33 0.0
1337616903.33 0.0
1337616903.34 0.0
1337616903.34 0.0
1337616903.35 0.0
1337616903.35 0.0
1337616903.36 0.0
1337616903.36 0.0
1337616903.37 0.0
1337616903.37 0.0
1337616903.38 0.0
1337616903.38 0.0
1337616903.39 0.0
1337616903.4 0.0
1337616903.4 0.0
1337616903.4 0.0
1337616903.41 0.0
1337616903.41 0.0
1337616903.41 0.0
1337616903.42 0.0
1337616903.43 0.0
1337616903.43 0.0
1337616903.44 0.0
1337616903.44 0.0
1337616903.45 0.0
1337616903.45 0.0
1337616903.46 0.0
1337616903.46 0.0
1337616903.46 0.0
1337616903.47 0.0
1337616903.47 0.0
1337616903.48 0.0
1337616903.49 0.0
1337616903.5 0.0
1337616903.51 0.0
1337616903.52 0.0
1337616903.52 0.0
1337616903.52 0.0
1337616903.52 0.0
1337616903.52 0.0
1337616903.53 0.0
1337616903.54 0.0
1337616903.54 0.0
1337616903.55 0.0
1337616903.56 0.0
1337616903.56 0.0
1337616903.56 0.0
1337616903.57 0.0
1337616903.57 0.0
1337616903.57 0.0
1337616903.58 0.0
1337616903.58 0.0
1337616903.59 0.0
1337616903.59 0.0
1337616903.61 0.0
1337616903.61 0.0
1337616903.61 0.0
1337616903.62 0.0
1337616903.62 0.0
1337616903.63 0.0
1337616903.63 0.0
1337616903.64 0.0
1337616903.64 0.0
1337616903.65 0.0
1337616903.66 0.0
1337616903.66 0.0
1337616903.66 0.0
1337616903.66 0.0
1337616903.67 0.0
1337616903.68 0.0
1337616903.68 0.0
1337616903.69 0.0
1337616903.69 0.0
1337616903.7 0.0
1337616903.71 0.0
1337616903.71 0.0
1337616903.71 0.0
1337616903.71 0.0
1337616903.72 0.0
1337616903.72 0.0
1337616903.73 0.0
1337616903.74 0.0
1337616903.74 0.0
1337616903.74 0.0
1337616903.76 0.0
1337616903.76 0.0
1337616903.76 0.0
1337616903.76 0.0
1337616903.77 0.0
1337616903.78 0.0
1337616903.78 0.0
1337616903.78 0.0
1337616903.79 0.0
1337616903.79 0.0
1337616903.8 0.0
1337616903.81 0.0
1337616903.81 0.0
1337616903.81 0.0
1337616903.82 0.0
1337616903.82 0.0
1337616903.83 0.0
1337616903.83 0.0
1337616903.84 0.0
1337616903.84 0.0
1337616903.86 0.0
1337616903.86 0.0
1337616903.86 0.0
1337616903.87 0.0
1337616903.87 0.0
1337616903.87 0.0
1337616903.88 0.0
1337616903.88 0.0
1337616903.89 0.0
1337616903.89 0.0
1337616903.91 0.0
1337616903.92 0.0
1337616903.92 0.0
1337616903.92 0.0
1337616903.92 0.0
1337616903.93 0.0
1337616903.93 0.0
1337616903.94 0.0
1337616903.94 0.0
1337616903.94 0.0
1337616903.96 0.0
1337616903.96 0.0
1337616903.96 0.0
1337616903.96 0.0
1337616903.97 0.0
1337616903.98 0.0
1337616903.98 0.0
1337616903.99 0.0
1337616903.99 0.0
1337616903.99 0.0
1337616904.0 0.0
1337616904.0 0.0
1337616904.01 0.0
1337616904.02 0.0
1337616904.03 0.0
1337616904.03 0.0
1337616904.03 0.0
1337616904.04 0.0
1337616904.04 0.0
1337616904.05 0.0
1337616904.05 0.0
1337616904.05 0.0
1337616904.06 0.0
1337616904.06 0.0
1337616904.07 0.0
1337616904.08 0.0
1337616904.08 0.0
1337616904.09 0.0
1337616904.1 0.0
1337616904.1 0.0
1337616904.1 0.0
1337616904.1 0.0
1337616904.11 0.0
1337616904.11 0.0
1337616904.12 0.0
1337616904.12 0.0
1337616904.13 0.0
1337616904.13 0.0
1337616904.14 0.0
1337616904.14 0.0
1337616904.15 0.0
1337616904.15 0.0
1337616904.16 0.0
1337616904.18 0.0
1337616904.18 0.0
1337616904.18 0.0
1337616904.18 0.0
1337616904.19 0.0
1337616904.19 0.0
1337616904.19 0.0
1337616904.2 0.0
1337616904.2 0.0
1337616904.21 0.0
1337616904.21 0.0
1337616904.22 0.0
1337616904.22 0.0
1337616904.23 0.0
1337616904.23 0.0
1337616904.24 0.0
1337616904.24 0.0
1337616904.26 0.0
1337616904.26 0.0
1337616904.26 0.0
1337616904.26 0.0
1337616904.27 0.0
1337616904.28 0.0
1337616904.28 0.0
1337616904.28 0.0
1337616904.29 0.0
1337616904.29 0.0
1337616904.3 0.0
1337616904.3 0.0
1337616904.31 0.0
1337616904.31 0.0
1337616904.32 0.0
1337616904.33 0.0
1337616904.33 0.0
1337616904.34 0.0
1337616904.34 0.0
1337616904.35 0.0
1337616904.35 0.0
1337616904.35 0.0
1337616904.36 0.0
1337616904.36 0.0
1337616904.37 0.0
1337616904.37 0.0
1337616904.38 0.0
1337616904.38 0.0
1337616904.39 0.0
1337616904.39 0.0
1337616904.4 0.0
1337616904.4 0.0
1337616904.41 0.0
1337616904.41 0.0
1337616904.42 0.0
1337616904.42 0.0
1337616904.44 0.0
1337616904.44 0.0
1337616904.44 0.0
1337616904.44 0.0
1337616904.45 0.0
1337616904.45 0.0
1337616904.46 0.0
1337616904.46 0.0
1337616904.47 0.0
1337616904.47 0.0
1337616904.48 0.0
1337616904.48 0.0
1337616904.49 0.0
1337616904.49 0.0
1337616904.51 0.0
1337616904.51 0.0
1337616904.51 0.0
1337616904.51 0.0
1337616904.52 0.0
1337616904.52 0.0
1337616904.53 0.0
1337616904.53 0.0
1337616904.54 0.0
1337616904.54 0.0
1337616904.55 0.0
1337616904.55 0.0
1337616904.56 0.0
1337616904.56 0.0
1337616904.57 0.0
1337616904.57 0.0
1337616904.59 0.0
1337616904.59 0.0
1337616904.59 0.0
1337616904.59 0.0
1337616904.6 0.0
1337616904.6 0.0
1337616904.61 0.0
1337616904.61 0.0
1337616904.62 0.0
1337616904.62 0.0
1337616904.63 0.0
1337616904.63 0.0
1337616904.64 0.0
1337616904.64 0.0
1337616904.65 0.0
1337616904.65 0.0
1337616904.66 0.0
1337616904.67 0.0
1337616904.67 0.0
1337616904.68 0.0
1337616904.68 0.0
1337616904.68 0.0
1337616904.69 0.0
1337616904.69 0.0
1337616904.7 0.0
1337616904.7 0.0
1337616904.71 0.0
1337616904.71 0.0
1337616904.72 0.0
1337616904.72 0.0
1337616904.73 0.0
1337616904.73 0.0
1337616904.74 0.0
1337616904.74 0.0
1337616904.75 0.0
1337616904.75 0.0
1337616904.76 0.0
1337616904.76 0.0
1337616904.77 0.0
1337616904.78 0.0
1337616904.78 0.0
1337616904.78 0.0
1337616904.79 0.0
1337616904.79 0.0
1337616904.8 0.0
1337616904.8 0.0
1337616904.81 0.0
1337616904.81 0.0
1337616904.82 0.0
1337616904.82 0.0
1337616904.83 0.0
1337616904.83 0.0
1337616904.84 0.0
1337616904.84 0.0
1337616904.86 0.0
1337616904.86 0.0
1337616904.86 0.0
1337616904.86 0.0
1337616904.87 0.0
1337616904.87 0.0
1337616904.88 0.0
1337616904.88 0.0
1337616904.89 0.0
1337616904.89 0.0
1337616904.9 0.0
1337616904.9 0.0
1337616904.91 0.0
1337616904.91 0.0
1337616904.92 0.0
1337616904.92 0.0
1337616904.94 0.0
1337616904.94 0.0
1337616904.94 0.0
1337616904.95 0.0
1337616904.95 0.0
1337616904.96 0.0
1337616904.96 0.0
1337616904.97 0.0
1337616904.97 0.0
1337616904.97 0.0
1337616904.98 0.0
1337616904.98 0.0
1337616904.99 0.0
1337616904.99 0.0
1337616905.0 0.0
1337616905.0 0.0
1337616905.01 0.0
1337616905.01 0.0
1337616905.05 0.0
1337616905.05 0.0
1337616905.05 0.0
1337616905.05 0.0
1337616905.05 0.0
1337616905.05 0.0
1337616905.06 0.0
1337616905.06 0.0
1337616905.06 0.0
1337616905.06 0.0
1337616905.07 0.0
1337616905.07 0.0
1337616905.08 0.0
1337616905.12 0.0
1337616905.12 0.0
1337616905.12 0.0
1337616905.13 0.0
1337616905.13 0.0
1337616905.13 0.0
1337616905.14 0.0
1337616905.14 0.0
1337616905.14 0.0
1337616905.14 0.0
1337616905.14 0.0
1337616905.15 0.0
1337616905.15 0.0
1337616905.15 0.0
1337616905.16 0.0
1337616905.16 0.0
1337616905.16 0.0
1337616905.17 0.0
1337616905.18 0.0
1337616905.18 0.0
1337616905.18 0.0
1337616905.19 0.0
1337616905.19 0.0
1337616905.24 0.0
1337616905.24 0.0
1337616905.25 0.0
1337616905.25 0.0
1337616905.25 0.0
1337616905.25 0.0
1337616905.25 0.0
1337616905.25 0.0
1337616905.26 0.0
1337616905.26 0.0
1337616905.26 0.0
1337616905.26 0.0
1337616905.26 0.0
1337616905.27 0.0
1337616905.27 0.0
1337616905.27 0.0
1337616905.28 0.0
1337616905.28 0.0
1337616905.28 0.0
1337616905.29 0.0
1337616905.29 0.0
1337616905.3 0.0
1337616905.3 0.0
1337616905.31 0.0
1337616905.31 0.0
1337616905.32 0.0
1337616905.32 0.0
1337616905.33 0.0
1337616905.33 0.0
1337616905.34 0.0
1337616905.34 0.0
1337616905.35 0.0
1337616905.35 0.0
1337616905.37 0.0
1337616905.37 0.0
1337616905.37 0.0
1337616905.37 0.0
1337616905.38 0.0
1337616905.38 0.0
1337616905.39 0.0
1337616905.39 0.0
1337616905.4 0.0
1337616905.4 0.0
1337616905.41 0.0
1337616905.41 0.0
1337616905.42 0.0
1337616905.42 0.0
1337616905.43 0.0
1337616905.43 0.0
1337616905.44 0.0
1337616905.46 0.0
1337616905.46 0.0
1337616905.46 0.0
1337616905.46 0.0
1337616905.47 0.0
1337616905.47 0.0
1337616905.47 0.0
1337616905.48 0.0
1337616905.48 0.0
1337616905.49 0.0
1337616905.49 0.0
1337616905.5 0.0
1337616905.5 0.0
1337616905.51 0.0
1337616905.51 0.0
1337616905.52 0.0
1337616905.52 0.0
1337616905.54 0.0
1337616905.54 0.0
1337616905.54 0.0
1337616905.55 0.0
1337616905.55 0.0
1337616905.55 0.0
1337616905.56 0.0
1337616905.56 0.0
1337616905.57 0.0
1337616905.58 0.0
1337616905.58 0.0
1337616905.58 0.0
1337616905.59 0.0
1337616905.59 0.0
1337616905.6 0.0
1337616905.6 0.0
1337616905.62 0.0
1337616905.62 0.0
1337616905.62 0.0
1337616905.62 0.0
1337616905.63 0.0
1337616905.63 0.0
1337616905.64 0.0
1337616905.64 0.0
1337616905.65 0.0
1337616905.65 0.0
1337616905.66 0.0
1337616905.66 0.0
1337616905.67 0.0
1337616905.67 0.0
1337616905.68 0.0
1337616905.68 0.0
1337616905.69 0.0
1337616905.69 0.0
1337616905.7 0.0
1337616905.7 0.0
1337616905.72 -0.5
1337616905.72 -0.5
1337616905.73 -0.5
1337616905.73 -0.5
1337616905.73 -0.5
1337616905.74 -0.5
1337616905.74 -0.5
1337616905.74 -0.5
1337616905.75 -0.5
1337616905.75 -0.5
1337616905.76 -0.5
1337616905.76 -0.5
1337616905.77 -0.5
1337616905.77 -0.5
1337616905.78 -0.5
1337616905.78 -0.5
1337616905.79 -0.5
1337616905.8 -0.5
1337616905.81 -0.5
1337616905.81 -0.5
1337616905.81 -0.5
1337616905.81 -0.5
1337616905.82 -0.5
1337616905.82 -0.5
1337616905.83 -0.5
1337616905.83 -0.5
1337616905.84 -0.5
1337616905.84 -0.5
1337616905.85 -0.5
1337616905.85 -0.5
1337616905.86 -0.5
1337616905.86 -0.5
1337616905.87 -0.5
1337616905.87 -0.5
1337616905.89 -0.5
1337616905.89 -0.5
1337616905.89 -0.5
1337616905.89 -0.5
1337616905.9 -0.5
1337616905.9 -0.5
1337616905.91 -0.5
1337616905.91 -0.5
1337616905.92 -0.5
1337616905.92 -0.5
1337616905.93 -0.5
1337616905.94 -0.5
1337616905.94 -0.5
1337616905.94 -0.5
1337616905.95 -0.5
1337616905.95 -0.5
1337616905.97 -0.5
1337616905.97 -0.5
1337616905.98 -0.5
1337616905.98 -0.5
1337616905.98 -0.5
1337616905.98 -0.5
1337616905.99 -0.5
1337616905.99 -0.5
1337616906.0 -0.5
1337616906.0 -0.5
1337616906.01 -0.5
1337616906.01 -0.5
1337616906.02 -0.5
1337616906.02 -0.5
1337616906.03 -0.5
1337616906.03 -0.5
1337616906.04 -0.5
1337616906.04 -0.5
1337616906.05 -0.5
1337616906.05 -0.5
1337616906.07 -0.5
1337616906.07 -0.5
1337616906.07 -0.5
1337616906.08 -0.5
1337616906.08 -0.5
1337616906.08 -0.5
1337616906.09 -0.5
1337616906.09 -0.5
1337616906.1 -0.5
1337616906.1 -0.5
1337616906.11 -0.5
1337616906.11 -0.5
1337616906.12 -0.5
1337616906.12 -0.5
1337616906.13 -0.5
1337616906.13 -0.5
1337616906.14 -0.5
1337616906.14 -0.5
1337616906.15 -0.5
1337616906.15 -0.5
1337616906.17 -0.5
1337616906.17 -0.5
1337616906.17 -0.5
1337616906.17 -0.5
1337616906.18 -0.5
1337616906.18 -0.5
1337616906.19 -0.5
1337616906.19 -0.5
1337616906.2 -0.5
1337616906.2 -0.5
1337616906.21 0.0
1337616906.21 0.0
1337616906.22 0.0
1337616906.22 0.0
1337616906.23 0.0
1337616906.23 0.0
1337616906.24 0.0
1337616906.24 0.0
1337616906.26 0.0
1337616906.26 0.0
1337616906.26 0.0
1337616906.26 0.0
1337616906.27 0.0
1337616906.27 0.0
1337616906.28 0.0
1337616906.28 0.0
1337616906.29 0.0
1337616906.29 0.0
1337616906.3 0.0
1337616906.3 0.0
1337616906.31 0.0
1337616906.32 0.0
1337616906.32 0.0
1337616906.32 0.0
1337616906.33 0.0
1337616906.33 0.0
1337616906.34 0.0
1337616906.39 0.0
1337616906.39 0.0
1337616906.39 0.0
1337616906.39 0.0
1337616906.39 0.0
1337616906.39 0.0
1337616906.39 0.0
1337616906.4 0.0
1337616906.4 0.0
1337616906.4 0.0
1337616906.4 0.0
1337616906.42 0.0
1337616906.42 0.0
1337616906.42 0.0
1337616906.43 0.0
1337616906.43 0.0
1337616906.43 0.0
1337616906.43 0.0
1337616906.43 0.0
1337616906.44 0.0
1337616906.44 0.0
1337616906.45 0.0
1337616906.46 0.0
1337616906.46 0.0
1337616906.46 0.0
1337616906.47 0.0
1337616906.47 0.0
1337616906.48 0.0
1337616906.49 0.0
1337616906.49 0.0
1337616906.49 0.0
1337616906.5 0.0
1337616906.51 0.0
1337616906.51 0.0
1337616906.53 0.0
1337616906.53 0.0
1337616906.53 0.0
1337616906.54 0.0
1337616906.54 0.0
1337616906.54 0.0
1337616906.54 0.0
1337616906.55 0.0
1337616906.55 0.0
1337616906.56 0.0
1337616906.56 0.0
1337616906.57 0.0
1337616906.57 0.0
1337616906.58 0.0
1337616906.59 0.0
1337616906.6 0.0
1337616906.62 0.0
1337616906.62 0.0
1337616906.62 0.0
1337616906.63 0.0
1337616906.63 0.0
1337616906.63 0.0
1337616906.63 0.0
1337616906.63 0.0
1337616906.63 0.0
1337616906.64 0.0
1337616906.64 0.0
1337616906.65 0.0
1337616906.65 0.0
1337616906.66 0.0
1337616906.66 0.0
1337616906.67 0.0
1337616906.67 0.0
1337616906.68 0.0
1337616906.68 0.0
1337616906.69 0.0
1337616906.69 0.0
1337616906.7 0.0
1337616906.7 0.0
1337616906.72 0.0
1337616906.72 0.0
1337616906.72 0.0
1337616906.72 0.0
1337616906.73 0.0
1337616906.73 0.0
1337616906.73 0.0
1337616906.74 0.0
1337616906.74 0.0
1337616906.75 0.0
1337616906.76 0.0
1337616906.76 0.0
1337616906.77 0.0
1337616906.77 0.0
1337616906.78 0.0
1337616906.78 0.0
1337616906.78 0.0
1337616906.79 0.0
1337616906.8 0.0
1337616906.8 0.0
1337616906.82 0.0
1337616906.82 0.0
1337616906.82 0.0
1337616906.82 0.0
1337616906.82 0.0
1337616906.83 0.0
1337616906.84 0.0
1337616906.84 0.0
1337616906.84 0.0
1337616906.85 0.0
1337616906.86 0.0
1337616906.86 0.0
1337616906.86 0.0
1337616906.87 0.0
1337616906.88 0.0
1337616906.88 0.0
1337616906.88 0.0
1337616906.89 0.0
1337616906.9 0.0
1337616906.91 0.0
1337616906.91 0.0
1337616906.91 0.0
1337616906.92 0.0
1337616906.92 0.0
1337616906.92 0.0
1337616906.93 0.0
1337616906.93 0.0
1337616906.94 0.0
1337616906.94 0.0
1337616906.95 0.0
1337616906.95 0.0
1337616906.96 0.0
1337616906.96 0.0
1337616906.97 0.0
1337616906.99 0.0
1337616906.99 0.0
1337616906.99 0.0
1337616906.99 0.0
1337616907.0 0.0
1337616907.0 0.0
1337616907.0 0.0
1337616907.01 0.0
1337616907.01 0.0
1337616907.02 0.0
1337616907.02 0.0
1337616907.03 0.0
1337616907.03 0.0
1337616907.04 0.0
1337616907.05 0.0
1337616907.05 0.0
1337616907.05 0.0
1337616907.07 0.0
1337616907.07 0.0
1337616907.08 0.0
1337616907.08 0.0
1337616907.08 0.0
1337616907.09 0.0
1337616907.09 0.0
1337616907.09 0.0
1337616907.1 0.0
1337616907.1 0.0
1337616907.11 0.0
1337616907.11 0.0
1337616907.12 0.0
1337616907.13 0.0
1337616907.13 0.0
1337616907.14 0.0
1337616907.15 0.0
1337616907.15 0.0
1337616907.15 0.0
1337616907.15 0.0
1337616907.16 0.0
1337616907.16 0.0
1337616907.17 0.0
1337616907.17 0.0
1337616907.18 0.0
1337616907.19 0.0
1337616907.19 0.0
1337616907.19 0.0
1337616907.2 0.0
1337616907.2 0.0
1337616907.21 0.0
1337616907.21 0.0
1337616907.22 0.0
1337616907.22 0.0
1337616907.23 0.0
1337616907.23 0.0
1337616907.24 0.0
1337616907.26 0.0
1337616907.26 0.0
1337616907.26 0.0
1337616907.26 0.0
1337616907.26 0.0
1337616907.27 0.0
1337616907.27 0.0
1337616907.28 0.0
1337616907.3 0.0
1337616907.3 0.0
1337616907.3 0.0
1337616907.3 0.0
1337616907.3 0.0
1337616907.31 0.0
1337616907.31 0.0
1337616907.32 0.0
1337616907.32 0.0
1337616907.33 0.0
1337616907.33 0.0
1337616907.35 0.0
1337616907.35 0.0
1337616907.35 0.0
1337616907.35 0.0
1337616907.36 0.0
1337616907.36 0.0
1337616907.37 0.0
1337616907.38 0.0
1337616907.38 0.0
1337616907.38 0.0
1337616907.39 0.0
1337616907.39 0.0
1337616907.4 0.0
1337616907.41 0.0
1337616907.41 0.0
1337616907.41 0.0
1337616907.42 0.0
1337616907.43 0.0
1337616907.44 0.0
1337616907.44 0.0
1337616907.44 0.0
1337616907.44 0.0
1337616907.45 0.0
1337616907.45 0.0
1337616907.46 0.0
1337616907.46 0.0
1337616907.47 0.0
1337616907.47 0.0
1337616907.48 0.0
1337616907.48 0.0
1337616907.49 0.0
1337616907.49 0.0
1337616907.5 0.0
1337616907.5 0.0
1337616907.52 0.0
1337616907.52 0.0
1337616907.52 0.0
1337616907.52 0.0
1337616907.53 0.0
1337616907.53 0.0
1337616907.54 0.0
1337616907.54 0.0
1337616907.55 0.0
1337616907.55 0.0
1337616907.56 0.0
1337616907.56 0.0
1337616907.57 0.0
1337616907.57 0.0
1337616907.58 0.0
1337616907.58 0.0
1337616907.59 0.0
1337616907.6 0.0
1337616907.6 0.0
1337616907.6 0.0
1337616907.61 0.0
1337616907.61 0.0
1337616907.62 0.0
1337616907.62 0.0
1337616907.63 0.0
1337616907.63 0.0
1337616907.64 0.0
1337616907.64 0.0
1337616907.65 0.0
1337616907.65 0.0
1337616907.66 0.0
1337616907.66 0.0
1337616907.67 0.0
1337616907.72 0.0
1337616907.72 0.0
1337616907.72 0.0
1337616907.73 0.0
1337616907.73 0.0
1337616907.74 0.0
1337616907.74 0.0
1337616907.74 0.0
1337616907.74 0.0
1337616907.74 0.0
1337616907.74 0.0
1337616907.75 0.0
1337616907.75 0.0
1337616907.75 0.0
1337616907.75 0.0
1337616907.75 0.0
1337616907.77 0.0
1337616907.78 0.0
1337616907.78 0.0
1337616907.78 0.0
1337616907.78 0.0
1337616907.79 0.0
1337616907.79 0.0
1337616907.79 0.0
1337616907.79 0.0
1337616907.8 0.0
1337616907.8 0.0
1337616907.81 0.0
1337616907.82 0.0
1337616907.82 0.0
1337616907.83 0.0
1337616907.83 0.0
1337616907.83 0.0
1337616907.86 0.0
1337616907.86 0.0
1337616907.87 0.0
1337616907.87 0.0
1337616907.87 0.0
1337616907.87 0.0
1337616907.87 0.0
1337616907.87 0.0
1337616907.88 0.0
1337616907.88 0.0
1337616907.89 0.0
1337616907.89 0.0
1337616907.9 0.0
1337616907.9 0.0
1337616907.91 0.0
1337616907.91 0.0
1337616907.92 0.0
1337616907.92 0.0
1337616907.93 0.0
1337616907.93 0.0
1337616907.96 0.0
1337616907.96 0.0
1337616907.96 0.0
1337616907.96 0.0
1337616907.96 0.0
1337616907.97 0.0
1337616907.97 0.0
1337616907.98 0.0
1337616907.98 0.0
1337616907.99 0.0
1337616907.99 0.0
1337616907.99 0.0
1337616908.0 0.0
1337616908.01 0.0
1337616908.01 0.0
1337616908.01 0.0
1337616908.02 0.0
1337616908.04 0.0
1337616908.04 0.0
1337616908.05 0.0
1337616908.05 0.0
1337616908.05 0.0
1337616908.05 0.0
1337616908.06 0.0
1337616908.06 0.0
1337616908.06 0.0
1337616908.07 0.0
1337616908.07 0.0
1337616908.08 0.0
1337616908.08 0.0
1337616908.09 0.0
1337616908.09 0.0
1337616908.1 0.0
1337616908.1 0.0
1337616908.12 0.0
1337616908.12 0.0
1337616908.12 0.0
1337616908.12 0.0
1337616908.13 0.0
1337616908.13 0.0
1337616908.14 0.0
1337616908.14 0.0
1337616908.15 0.0
1337616908.15 0.0
1337616908.16 0.0
1337616908.16 0.0
1337616908.17 0.0
1337616908.17 0.0
1337616908.18 0.0
1337616908.18 0.0
1337616908.19 0.0
1337616908.19 0.0
1337616908.2 0.0
1337616908.2 0.0
1337616908.22 0.0
1337616908.22 0.0
1337616908.22 0.0
1337616908.22 0.0
1337616908.23 0.0
1337616908.23 0.0
1337616908.23 0.0
1337616908.24 0.0
1337616908.24 0.0
1337616908.25 0.0
1337616908.25 0.0
1337616908.26 0.0
1337616908.27 0.0
1337616908.27 0.0
1337616908.28 0.0
1337616908.28 0.0
1337616908.29 0.0
1337616908.3 0.0
1337616908.3 0.0
1337616908.3 0.0
1337616908.31 0.0
1337616908.31 0.0
1337616908.32 0.0
1337616908.32 0.0
1337616908.33 0.0
1337616908.33 0.0
1337616908.34 0.0
1337616908.34 0.0
1337616908.35 0.0
1337616908.35 0.0
1337616908.36 0.0
1337616908.36 0.0
1337616908.37 0.0
1337616908.38 0.0
1337616908.38 0.0
1337616908.38 0.0
1337616908.39 0.0
1337616908.39 0.0
1337616908.4 0.0
1337616908.4 0.0
1337616908.4 0.0
1337616908.41 0.0
1337616908.42 0.0
1337616908.42 0.0
1337616908.43 0.0
1337616908.43 0.0
1337616908.44 0.0
1337616908.44 0.0
1337616908.45 0.0
1337616908.45 0.0
1337616908.47 0.0
1337616908.47 0.0
1337616908.47 0.0
1337616908.47 0.0
1337616908.48 0.0
1337616908.48 0.0
1337616908.49 0.0
1337616908.49 0.0
1337616908.49 0.0
1337616908.5 0.0
1337616908.5 0.0
1337616908.51 0.0
1337616908.51 0.0
1337616908.52 0.0
1337616908.52 0.0
1337616908.53 0.0
1337616908.54 0.0
1337616908.54 0.0
1337616908.55 0.0
1337616908.55 0.0
1337616908.55 0.0
1337616908.56 0.0
1337616908.56 0.0
1337616908.57 0.0
1337616908.57 0.0
1337616908.58 0.0
1337616908.59 0.0
1337616908.59 0.0
1337616908.59 0.0
1337616908.6 0.0
1337616908.61 0.0
1337616908.61 0.0
1337616908.61 0.0
1337616908.63 0.0
1337616908.63 0.0
1337616908.63 0.0
1337616908.63 0.0
1337616908.64 0.0
1337616908.64 0.0
1337616908.65 0.0
1337616908.66 0.0
1337616908.66 0.0
1337616908.66 0.0
1337616908.67 0.0
1337616908.67 0.0
1337616908.68 0.0
1337616908.69 0.0
1337616908.69 0.0
1337616908.69 0.0
1337616908.7 0.0
1337616908.7 0.0
1337616908.71 0.0
1337616908.71 0.0
1337616908.73 0.0
1337616908.73 0.0
1337616908.73 0.0
1337616908.74 0.0
1337616908.74 0.0
1337616908.74 0.0
1337616908.75 0.0
1337616908.75 0.0
1337616908.76 0.0
1337616908.77 0.0
1337616908.77 0.0
1337616908.77 0.0
1337616908.78 0.0
1337616908.78 0.0
1337616908.79 0.0
1337616908.79 0.0
1337616908.8 0.0
1337616908.81 0.0
1337616908.81 0.0
1337616908.81 0.0
1337616908.83 0.0
1337616908.83 0.0
1337616908.83 0.0
1337616908.83 0.0
1337616908.84 0.0
1337616908.84 0.0
1337616908.85 0.0
1337616908.85 0.0
1337616908.86 0.0
1337616908.86 0.0
1337616908.87 0.0
1337616908.87 0.0
1337616908.88 0.0
1337616908.88 0.0
1337616908.89 0.0
1337616908.89 0.0
1337616908.9 0.0
1337616908.92 0.0
1337616908.92 0.0
1337616908.92 0.0
1337616908.92 0.0
1337616908.92 0.0
1337616908.93 0.0
1337616908.94 0.0
1337616908.94 0.0
1337616908.94 0.0
1337616908.95 0.0
1337616908.95 0.0
1337616908.96 0.0
1337616908.97 0.0
1337616908.97 0.0
1337616908.97 0.0
1337616908.98 0.0
1337616908.98 0.0
1337616909.0 0.0
1337616909.0 0.0
1337616909.02 0.0
1337616909.02 0.0
1337616909.02 0.0
1337616909.02 0.0
1337616909.03 0.0
1337616909.03 0.0
1337616909.03 0.0
1337616909.03 0.0
1337616909.05 0.0
1337616909.05 0.0
1337616909.05 0.0
1337616909.06 0.0
1337616909.06 0.0
1337616909.07 0.0
1337616909.07 0.0
1337616909.08 0.0
1337616909.08 0.0
1337616909.08 0.0
1337616909.09 0.0
1337616909.09 0.0
1337616909.1 0.0
1337616909.1 0.0
1337616909.11 0.0
1337616909.11 0.0
1337616909.12 0.0
1337616909.12 0.0
1337616909.13 0.0
1337616909.13 0.0
1337616909.14 0.0
1337616909.15 0.0
1337616909.15 0.0
1337616909.17 0.0
1337616909.17 0.0
1337616909.17 0.0
1337616909.17 0.0
1337616909.17 0.0
1337616909.19 0.0
1337616909.19 0.0
1337616909.19 0.0
1337616909.2 0.0
1337616909.2 0.0
1337616909.2 0.0
1337616909.21 0.0
1337616909.21 0.0
1337616909.22 0.0
1337616909.22 0.0
1337616909.23 0.0
1337616909.25 0.0
1337616909.25 0.0
1337616909.25 0.0
1337616909.25 0.0
1337616909.26 0.0
1337616909.26 0.0
1337616909.27 0.0
1337616909.27 0.0
1337616909.27 0.0
1337616909.28 0.0
1337616909.28 0.0
1337616909.29 0.0
1337616909.29 0.0
1337616909.3 0.0
1337616909.3 0.0
1337616909.31 0.0
1337616909.31 0.0
1337616909.33 0.0
1337616909.33 0.0
1337616909.33 0.0
1337616909.33 0.0
1337616909.34 0.0
1337616909.34 0.0
1337616909.35 0.0
1337616909.36 0.0
1337616909.36 0.0
1337616909.36 0.0
1337616909.37 0.0
1337616909.37 0.0
1337616909.38 0.0
1337616909.38 0.0
1337616909.39 0.0
1337616909.39 0.0
1337616909.4 0.0
1337616909.4 0.0
1337616909.41 0.0
1337616909.41 0.0
1337616909.43 0.0
1337616909.43 0.0
1337616909.43 0.0
1337616909.43 0.0
1337616909.44 0.0
1337616909.44 0.0
1337616909.45 0.0
1337616909.45 0.0
1337616909.46 0.0
1337616909.46 0.0
1337616909.47 0.0
1337616909.47 0.0
1337616909.48 0.0
1337616909.48 0.0
1337616909.49 0.0
1337616909.49 0.0
1337616909.5 0.0
1337616909.51 0.0
1337616909.51 0.0
1337616909.51 0.0
1337616909.52 0.0
1337616909.52 0.0
1337616909.53 0.0
1337616909.53 0.0
1337616909.54 0.0
1337616909.54 0.0
1337616909.55 0.0
1337616909.55 0.0
1337616909.56 0.0
1337616909.56 0.0
1337616909.57 0.0
1337616909.57 0.0
1337616909.58 0.0
1337616909.58 0.0
1337616909.59 0.0
1337616909.59 0.0
1337616909.6 0.0
1337616909.6 0.0
1337616909.61 0.0
1337616909.61 0.0
1337616909.62 0.0
1337616909.63 0.0
1337616909.63 0.0
1337616909.63 0.0
1337616909.64 0.0
1337616909.64 0.0
1337616909.65 0.0
1337616909.65 0.0
1337616909.66 0.0
1337616909.66 0.0
1337616909.67 0.0
1337616909.67 0.0
1337616909.68 0.0
1337616909.68 0.0
1337616909.69 0.0
1337616909.69 0.0
1337616909.7 0.0
1337616909.72 0.0
1337616909.72 0.0
1337616909.72 0.0
1337616909.72 0.0
1337616909.72 0.0
1337616909.73 0.0
1337616909.73 0.0
1337616909.74 0.0
1337616909.74 0.0
1337616909.75 0.0
1337616909.75 0.0
1337616909.76 0.0
1337616909.76 0.0
1337616909.77 0.0
1337616909.77 0.0
1337616909.78 0.0
1337616909.78 0.0
1337616909.8 0.0
1337616909.8 0.0
1337616909.8 0.0
1337616909.81 0.0
1337616909.81 0.0
1337616909.81 0.0
1337616909.82 0.0
1337616909.82 0.0
1337616909.82 0.0
1337616909.83 0.0
1337616909.83 0.0
1337616909.84 0.0
1337616909.85 0.0
1337616909.85 0.0
1337616909.86 0.0
1337616909.86 0.0
1337616909.87 0.0
1337616909.88 0.0
1337616909.88 0.0
1337616909.88 0.0
1337616909.89 0.0
1337616909.89 0.0
1337616909.9 0.0
1337616909.9 0.0
1337616909.91 0.0
1337616909.91 0.0
1337616909.92 0.0
1337616909.92 0.0
1337616909.93 0.0
1337616909.93 0.0
1337616909.94 0.0
1337616909.94 0.0
1337616909.95 0.0
1337616909.95 0.0
1337616909.95 0.0
1337616909.96 0.0
1337616909.98 0.0
1337616909.98 0.0
1337616909.98 0.0
1337616909.98 0.0
1337616909.99 0.0
1337616909.99 0.0
1337616910.0 0.0
1337616910.0 0.0
1337616910.01 0.0
1337616910.01 0.0
1337616910.02 0.0
1337616910.02 0.0
1337616910.03 0.0
1337616910.03 0.0
1337616910.04 0.0
1337616910.04 0.0
1337616910.05 0.0
1337616910.05 0.0
1337616910.06 0.0
1337616910.06 0.0
1337616910.07 0.0
1337616910.07 0.0
1337616910.07 0.0
1337616910.08 0.0
1337616910.09 0.0
1337616910.09 0.0
1337616910.1 0.0
1337616910.1 0.0
1337616910.11 0.0
1337616910.11 0.0
1337616910.11 0.0
1337616910.12 0.0
1337616910.12 0.0
1337616910.13 0.0
1337616910.13 0.0
1337616910.14 0.0
1337616910.14 0.0
1337616910.16 0.0
1337616910.16 0.0
1337616910.16 0.0
1337616910.17 0.0
1337616910.17 0.0
1337616910.17 0.0
1337616910.18 0.0
1337616910.18 0.0
1337616910.19 0.0
1337616910.19 0.0
1337616910.2 0.0
1337616910.2 0.0
1337616910.21 0.0
1337616910.21 0.0
1337616910.22 0.0
1337616910.23 0.0
1337616910.25 0.0
1337616910.25 0.0
1337616910.26 0.0
1337616910.26 0.0
1337616910.26 0.0
1337616910.26 0.0
1337616910.26 0.0
1337616910.27 0.0
1337616910.27 0.0
1337616910.28 0.0
1337616910.28 0.0
1337616910.29 0.0
1337616910.29 0.0
1337616910.29 0.0
1337616910.3 0.0
1337616910.31 0.0
1337616910.31 0.0
1337616910.32 0.0
1337616910.32 0.0
1337616910.33 0.0
1337616910.33 0.0
1337616910.33 0.0
1337616910.34 0.0
1337616910.34 0.0
1337616910.35 0.0
1337616910.35 0.0
1337616910.36 0.0
1337616910.37 0.0
1337616910.37 0.0
1337616910.38 0.0
1337616910.38 0.0
1337616910.38 0.0
1337616910.39 0.0
1337616910.39 0.0
1337616910.41 0.0
1337616910.41 0.0
1337616910.41 0.0
1337616910.41 0.0
1337616910.42 0.0
1337616910.42 0.0
1337616910.43 0.0
1337616910.43 0.0
1337616910.44 0.0
1337616910.45 0.0
1337616910.45 0.0
1337616910.45 0.0
1337616910.46 0.0
1337616910.46 0.0
1337616910.47 0.0
1337616910.47 0.0
1337616910.48 0.0
1337616910.49 0.0
1337616910.49 0.0
1337616910.49 0.0
1337616910.5 0.0
1337616910.51 0.0
1337616910.51 0.0
1337616910.51 0.0
1337616910.52 0.0
1337616910.52 0.0
1337616910.53 0.0
1337616910.54 0.0
1337616910.54 0.0
1337616910.54 0.0
1337616910.55 0.0
1337616910.55 0.0
1337616910.56 0.0
1337616910.57 0.0
1337616910.57 0.0
1337616910.58 0.0
1337616910.58 0.0
1337616910.58 0.0
1337616910.59 0.0
1337616910.59 0.0
1337616910.6 0.0
1337616910.6 0.0
1337616910.61 0.0
1337616910.61 0.0
1337616910.62 0.0
1337616910.62 0.0
1337616910.63 0.0
1337616910.63 0.0
1337616910.64 0.0
1337616910.64 0.0
1337616910.66 0.0
1337616910.66 0.0
1337616910.66 0.0
1337616910.66 0.0
1337616910.67 0.0
1337616910.67 0.0
1337616910.68 0.0
1337616910.68 0.0
1337616910.69 0.0
1337616910.69 0.0
1337616910.7 0.0
1337616910.7 0.0
1337616910.71 0.0
1337616910.71 0.0
1337616910.72 0.0
1337616910.72 0.0
1337616910.73 0.0
1337616910.73 0.0
1337616910.74 0.0
1337616910.74 0.0
1337616910.76 0.0
1337616910.76 0.0
1337616910.76 0.0
1337616910.76 0.0
1337616910.77 0.0
1337616910.77 0.0
1337616910.78 0.0
1337616910.78 0.0
1337616910.79 0.0
1337616910.79 0.0
1337616910.8 0.0
1337616910.8 0.0
1337616910.81 0.0
1337616910.81 0.0
1337616910.82 0.0
1337616910.82 0.0
1337616910.83 0.0
1337616910.84 0.0
1337616910.84 0.0
1337616910.85 0.0
1337616910.85 0.0
1337616910.85 0.0
1337616910.86 0.0
1337616910.86 0.0
1337616910.87 0.0
1337616910.87 0.0
1337616910.88 0.0
1337616910.88 0.0
1337616910.89 0.0
1337616910.89 0.0
1337616910.9 0.0
1337616910.9 0.0
1337616910.91 0.0
1337616910.92 0.0
1337616910.92 0.0
1337616910.92 0.0
1337616910.93 0.0
1337616910.94 0.0
1337616910.94 0.0
1337616910.94 0.0
1337616910.95 0.0
1337616910.95 0.0
1337616910.96 0.0
1337616910.96 0.0
1337616910.97 0.0
1337616910.97 0.0
1337616910.98 0.0
1337616910.98 0.0
1337616910.99 0.0
1337616910.99 0.0
1337616911.01 0.0
1337616911.01 0.0
1337616911.01 0.0
1337616911.01 0.0
1337616911.02 0.0
1337616911.02 0.0
1337616911.03 0.0
1337616911.03 0.0
1337616911.04 0.0
1337616911.04 0.0
1337616911.05 0.0
1337616911.05 0.0
1337616911.06 0.0
1337616911.06 0.0
1337616911.07 0.0
1337616911.07 0.0
1337616911.08 0.0
1337616911.09 0.0
1337616911.09 0.0
1337616911.1 0.0
1337616911.1 0.0
1337616911.1 0.0
1337616911.11 0.0
1337616911.11 0.0
1337616911.12 0.0
1337616911.12 0.0
1337616911.13 0.0
1337616911.13 0.0
1337616911.14 0.0
1337616911.14 0.0
1337616911.15 0.0
1337616911.15 0.0
1337616911.16 0.0
1337616911.17 0.0
1337616911.17 0.0
1337616911.17 0.0
1337616911.18 0.0
1337616911.18 0.0
1337616911.19 0.0
1337616911.19 0.0
1337616911.2 0.0
1337616911.2 0.0
1337616911.21 0.0
1337616911.21 0.0
1337616911.22 0.0
1337616911.22 0.0
1337616911.23 0.0
1337616911.23 0.0
1337616911.24 0.0
1337616911.24 0.0
1337616911.25 0.0
1337616911.25 0.0
1337616911.26 0.0
1337616911.27 0.0
1337616911.27 0.0
1337616911.27 0.0
1337616911.28 0.0
1337616911.28 0.0
1337616911.29 0.0
1337616911.29 0.0
1337616911.3 0.0
1337616911.3 0.0
1337616911.31 0.0
1337616911.31 0.0
1337616911.32 0.0
1337616911.32 0.0
1337616911.33 0.0
1337616911.34 0.0
1337616911.34 0.0
1337616911.34 0.0
1337616911.35 0.0
1337616911.35 0.0
1337616911.35 0.0
1337616911.36 0.0
1337616911.36 0.0
1337616911.37 0.0
1337616911.37 0.0
1337616911.38 0.0
1337616911.39 0.0
1337616911.39 0.0
1337616911.4 0.0
1337616911.4 0.0
1337616911.41 0.0
1337616911.42 0.0
1337616911.42 0.0
1337616911.42 0.0
1337616911.43 0.0
1337616911.43 0.0
1337616911.44 0.0
1337616911.44 0.0
1337616911.45 0.0
1337616911.45 0.0
1337616911.46 0.0
1337616911.47 0.0
1337616911.47 0.0
1337616911.47 0.0
1337616911.47 0.0
1337616911.48 0.0
1337616911.49 0.0
1337616911.49 0.0
1337616911.51 0.0
1337616911.51 0.0
1337616911.51 0.0
1337616911.51 0.0
1337616911.52 0.0
1337616911.52 0.0
1337616911.52 0.0
1337616911.53 0.0
1337616911.54 0.0
1337616911.54 0.0
1337616911.55 0.0
1337616911.55 0.0
1337616911.56 0.0
1337616911.56 0.0
1337616911.57 0.0
1337616911.57 0.0
1337616911.57 0.0
1337616911.59 0.0
1337616911.59 0.0
1337616911.6 0.0
1337616911.6 0.0
1337616911.6 0.0
1337616911.61 0.0
1337616911.61 0.0
1337616911.61 0.0
1337616911.62 0.0
1337616911.62 0.0
1337616911.63 0.0
1337616911.64 0.0
1337616911.64 0.0
1337616911.65 0.0
1337616911.65 0.0
1337616911.66 0.0
1337616911.66 0.0
1337616911.67 0.0
1337616911.67 0.0
1337616911.68 0.0
1337616911.68 0.0
1337616911.68 0.0
1337616911.7 0.0
1337616911.7 0.0
1337616911.7 0.0
1337616911.71 0.0
1337616911.72 0.0
1337616911.72 0.0
1337616911.72 0.0
1337616911.73 0.0
1337616911.73 0.0
1337616911.73 0.0
1337616911.74 0.0
1337616911.74 0.0
1337616911.75 0.0
1337616911.75 0.0
1337616911.77 0.0
1337616911.77 0.0
1337616911.77 0.0
1337616911.78 0.0
1337616911.78 0.0
1337616911.78 0.0
1337616911.79 0.0
1337616911.79 0.0
1337616911.8 0.0
1337616911.8 0.0
1337616911.81 0.0
1337616911.82 0.0
1337616911.82 0.0
1337616911.82 0.0
1337616911.83 0.0
1337616911.83 0.0
1337616911.84 0.0
1337616911.84 0.0
1337616911.85 0.0
1337616911.85 0.0
1337616911.87 0.0
1337616911.87 0.0
1337616911.87 0.0
1337616911.88 0.0
1337616911.88 0.0
1337616911.88 0.0
1337616911.89 0.0
1337616911.89 0.0
1337616911.9 0.0
1337616911.9 0.0
1337616911.91 0.0
1337616911.91 0.0
1337616911.92 0.0
1337616911.92 0.0
1337616911.93 0.0
1337616911.93 0.0
1337616911.94 0.0
1337616911.95 0.0
1337616911.95 0.0
1337616911.95 0.0
1337616911.97 0.0
1337616911.97 0.0
1337616911.97 0.0
1337616911.98 0.0
1337616911.98 0.0
1337616911.98 0.0
1337616911.99 0.0
1337616911.99 0.0
1337616912.0 0.0
1337616912.0 0.0
1337616912.01 0.0
1337616912.01 0.0
1337616912.02 0.0
1337616912.03 0.0
1337616912.03 0.0
1337616912.03 0.0
1337616912.04 0.0
1337616912.06 0.0
1337616912.06 0.0
1337616912.06 0.0
1337616912.06 0.0
1337616912.07 0.0
1337616912.07 0.0
1337616912.07 0.0
1337616912.08 0.0
1337616912.08 0.0
1337616912.09 0.0
1337616912.09 0.0
1337616912.1 0.0
1337616912.1 0.0
1337616912.11 0.0
1337616912.12 0.0
1337616912.12 0.0
1337616912.12 0.0
1337616912.14 0.0
1337616912.14 0.0
1337616912.14 0.0
1337616912.14 0.0
1337616912.15 0.0
1337616912.16 0.0
1337616912.16 0.0
1337616912.16 0.0
1337616912.17 0.0
1337616912.18 0.0
1337616912.18 0.0
1337616912.19 0.0
1337616912.19 0.0
1337616912.2 0.0
1337616912.2 0.0
1337616912.2 0.0
1337616912.21 0.0
1337616912.21 0.0
1337616912.22 0.0
1337616912.22 0.0
1337616912.24 0.0
1337616912.24 0.0
1337616912.25 0.0
1337616912.25 0.0
1337616912.25 0.0
1337616912.26 0.0
1337616912.26 0.0
1337616912.26 0.0
1337616912.27 0.0
1337616912.27 0.0
1337616912.28 0.0
1337616912.29 0.0
1337616912.29 0.0
1337616912.3 0.0
1337616912.3 0.0
1337616912.31 0.0
1337616912.31 0.0
1337616912.33 0.0
1337616912.33 0.0
1337616912.33 0.0
1337616912.33 0.0
1337616912.33 0.0
1337616912.34 0.0
1337616912.35 0.0
1337616912.35 0.0
1337616912.35 0.0
1337616912.36 0.0
1337616912.36 0.0
1337616912.37 0.0
1337616912.37 0.0
1337616912.38 0.0
1337616912.38 0.0
1337616912.39 0.0
1337616912.39 0.0
1337616912.4 0.0
1337616912.41 0.0
1337616912.41 0.0
1337616912.43 0.0
1337616912.43 0.0
1337616912.44 0.0
1337616912.44 0.0
1337616912.44 0.0
1337616912.44 0.0
1337616912.45 0.0
1337616912.45 0.0
1337616912.45 0.0
1337616912.46 0.0
1337616912.46 0.0
1337616912.47 0.0
1337616912.47 0.0
1337616912.48 0.0
1337616912.49 0.0
1337616912.49 0.0
1337616912.51 0.0
1337616912.51 0.0
1337616912.51 0.0
1337616912.51 0.0
1337616912.51 0.0
1337616912.53 0.0
1337616912.53 0.0
1337616912.53 0.0
1337616912.53 0.0
1337616912.54 0.0
1337616912.54 0.0
1337616912.55 0.0
1337616912.55 0.0
1337616912.56 0.0
1337616912.57 0.0
1337616912.57 0.0
1337616912.57 0.0
1337616912.6 0.0
1337616912.6 0.0
1337616912.6 0.0
1337616912.6 0.0
1337616912.61 0.0
1337616912.61 0.0
1337616912.61 0.0
1337616912.62 0.0
1337616912.62 0.0
1337616912.62 0.0
1337616912.63 0.0
1337616912.63 0.0
1337616912.64 0.0
1337616912.64 0.0
1337616912.65 0.0
1337616912.65 0.0
1337616912.66 0.0
1337616912.68 0.0
1337616912.68 0.0
1337616912.68 0.0
1337616912.68 0.0
1337616912.68 0.0
1337616912.69 0.0
1337616912.69 0.0
1337616912.7 0.0
1337616912.7 0.0
1337616912.71 0.0
1337616912.71 0.0
1337616912.72 0.0
1337616912.73 0.0
1337616912.73 0.0
1337616912.74 0.0
1337616912.74 0.0
1337616912.76 0.0
1337616912.76 0.0
1337616912.76 0.0
1337616912.76 0.0
1337616912.76 0.0
1337616912.77 0.0
1337616912.77 0.0
1337616912.78 0.0
1337616912.79 0.0
1337616912.79 0.0
1337616912.8 0.0
1337616912.8 0.0
1337616912.81 0.0
1337616912.81 0.0
1337616912.82 0.0
1337616912.83 0.0
1337616912.83 0.0
1337616912.83 0.0
1337616912.83 0.0
1337616912.84 0.0
1337616912.84 0.0
1337616912.85 0.0
1337616912.85 0.0
1337616912.86 0.0
1337616912.86 0.0
1337616912.87 0.0
1337616912.87 0.0
1337616912.88 0.0
1337616912.88 0.0
1337616912.89 0.0
1337616912.89 0.0
1337616912.9 0.0
1337616912.9 0.0
1337616912.91 0.0
1337616912.92 0.0
1337616912.92 0.0
1337616912.92 0.0
1337616912.93 0.0
1337616912.93 0.0
1337616912.94 0.0
1337616912.94 0.0
1337616912.94 0.0
1337616912.95 0.0
1337616912.96 0.0
1337616912.96 0.0
1337616912.96 0.0
1337616912.97 0.0
1337616912.98 0.0
1337616912.98 0.0
1337616912.99 0.0
1337616913.0 0.0
1337616913.0 0.0
1337616913.0 0.0
1337616913.01 0.0
1337616913.01 0.0
1337616913.01 0.0
1337616913.02 0.0
1337616913.02 0.0
1337616913.03 0.0
1337616913.03 0.0
1337616913.04 0.0
1337616913.05 0.0
1337616913.05 0.0
1337616913.06 0.0
1337616913.06 0.0
1337616913.07 0.0
1337616913.07 0.0
1337616913.08 0.0
1337616913.08 0.0
1337616913.09 0.0
1337616913.1 0.0
1337616913.1 0.0
1337616913.1 0.0
1337616913.11 0.0
1337616913.11 0.0
1337616913.11 0.0
1337616913.12 0.0
1337616913.13 0.0
1337616913.13 0.0
1337616913.14 0.0
1337616913.14 0.0
1337616913.15 0.0
1337616913.15 0.0
1337616913.15 0.0
1337616913.16 0.0
1337616913.16 0.0
1337616913.17 0.0
1337616913.19 0.0
1337616913.19 0.0
1337616913.19 0.0
1337616913.19 0.0
1337616913.2 0.0
1337616913.2 0.0
1337616913.2 0.0
1337616913.21 0.0
1337616913.21 0.0
1337616913.22 0.0
1337616913.22 0.0
1337616913.23 0.0
1337616913.23 0.0
1337616913.24 0.0
1337616913.24 0.0
1337616913.25 0.0
1337616913.25 0.0
1337616913.27 0.0
1337616913.27 0.0
1337616913.27 0.0
1337616913.28 0.0
1337616913.28 0.0
1337616913.28 0.0
1337616913.29 0.0
1337616913.29 0.0
1337616913.3 0.0
1337616913.3 0.0
1337616913.31 0.0
1337616913.31 0.0
1337616913.32 0.0
1337616913.34 0.0
1337616913.34 0.0
1337616913.34 0.0
1337616913.34 0.0
1337616913.34 0.0
1337616913.35 0.0
1337616913.35 0.0
1337616913.36 0.0
1337616913.36 0.0
1337616913.37 0.0
1337616913.37 0.0
1337616913.38 0.0
1337616913.38 0.0
1337616913.39 0.0
1337616913.39 0.0
1337616913.4 0.0
1337616913.41 0.0
1337616913.42 0.0
1337616913.42 0.0
1337616913.42 0.0
1337616913.43 0.0
1337616913.43 0.0
1337616913.43 0.0
1337616913.44 0.0
1337616913.44 0.0
1337616913.45 0.0
1337616913.45 0.0
1337616913.46 0.0
1337616913.46 0.0
1337616913.47 0.0
1337616913.47 0.0
1337616913.48 0.0
1337616913.48 0.0
1337616913.5 0.0
1337616913.5 0.0
1337616913.5 0.0
1337616913.51 0.0
1337616913.51 0.0
1337616913.51 0.0
1337616913.52 0.0
1337616913.52 0.0
1337616913.53 0.0
1337616913.53 0.0
1337616913.54 0.0
1337616913.54 0.0
1337616913.55 0.0
1337616913.55 0.0
1337616913.56 0.0
1337616913.56 0.0
1337616913.57 0.0
1337616913.58 0.0
1337616913.58 0.0
1337616913.58 0.0
1337616913.59 0.0
1337616913.59 0.0
1337616913.6 0.0
1337616913.6 0.0
1337616913.61 0.0
1337616913.61 0.0
1337616913.62 0.0
1337616913.62 0.0
1337616913.63 0.0
1337616913.63 0.0
1337616913.64 0.0
1337616913.65 0.0
1337616913.65 0.0
1337616913.66 0.0
1337616913.66 0.0
1337616913.66 0.0
1337616913.67 0.0
1337616913.67 0.0
1337616913.68 0.0
1337616913.68 0.0
1337616913.69 0.0
1337616913.69 0.0
1337616913.7 0.0
1337616913.7 0.0
1337616913.71 0.0
1337616913.71 0.0
1337616913.72 0.0
1337616913.72 0.0
1337616913.73 0.0
1337616913.73 0.0
1337616913.75 0.0
1337616913.75 0.0
1337616913.75 0.0
1337616913.75 0.0
1337616913.76 0.0
1337616913.76 0.0
1337616913.77 0.0
1337616913.77 0.0
1337616913.78 0.0
1337616913.78 0.0
1337616913.79 0.0
1337616913.79 0.0
1337616913.8 0.0
1337616913.8 0.0
1337616913.82 0.0
1337616913.82 0.0
1337616913.82 0.0
1337616913.83 0.0
1337616913.83 0.0
1337616913.83 0.0
1337616913.84 0.0
1337616913.84 0.0
1337616913.85 0.0
1337616913.85 0.0
1337616913.86 0.0
1337616913.86 0.0
1337616913.87 0.0
1337616913.87 0.0
1337616913.88 0.0
1337616913.88 0.0
1337616913.89 0.0
1337616913.9 0.0
1337616913.91 0.0
1337616913.91 0.0
1337616913.91 0.0
1337616913.91 0.0
1337616913.92 0.0
1337616913.92 0.0
1337616913.93 0.0
1337616913.93 0.0
1337616913.94 0.0
1337616913.94 0.0
1337616913.95 0.0
1337616913.95 0.0
1337616913.96 0.0
1337616913.96 0.0
1337616913.97 0.0
1337616913.99 0.0
1337616913.99 0.0
1337616913.99 0.0
1337616913.99 0.0
1337616913.99 0.0
1337616914.0 0.0
1337616914.0 0.0
1337616914.01 0.0
1337616914.01 0.0
1337616914.02 0.0
1337616914.02 0.0
1337616914.03 0.0
1337616914.04 0.0
1337616914.04 0.0
1337616914.04 0.0
1337616914.05 0.0
1337616914.05 0.0
1337616914.07 0.0
1337616914.07 0.0
1337616914.07 0.0
1337616914.07 0.0
1337616914.08 0.0
1337616914.08 0.0
1337616914.09 0.0
1337616914.09 0.0
1337616914.1 0.0
1337616914.1 0.0
1337616914.11 0.0
1337616914.11 0.0
1337616914.12 0.0
1337616914.12 0.0
1337616914.13 0.0
1337616914.13 0.0
1337616914.15 0.0
1337616914.15 0.0
1337616914.15 0.0
1337616914.15 0.0
1337616914.16 0.0
1337616914.16 0.0
1337616914.17 0.0
1337616914.17 0.0
1337616914.18 0.0
1337616914.18 0.0
1337616914.19 0.0
1337616914.19 0.0
1337616914.2 0.0
1337616914.2 0.0
1337616914.21 0.0
1337616914.21 0.0
1337616914.22 0.0
1337616914.22 0.0
1337616914.23 0.0
1337616914.23 0.0
1337616914.24 0.0
1337616914.24 0.0
1337616914.25 0.0
1337616914.25 0.0
1337616914.26 0.0
1337616914.26 0.0
1337616914.27 0.0
1337616914.27 0.0
1337616914.28 0.0
1337616914.28 0.0
1337616914.29 0.0
1337616914.29 0.0
1337616914.3 0.0
1337616914.32 0.0
1337616914.32 0.0
1337616914.32 0.0
1337616914.32 0.0
1337616914.32 0.0
1337616914.33 0.0
1337616914.33 0.0
1337616914.34 0.0
1337616914.34 0.0
1337616914.35 0.0
1337616914.35 0.0
1337616914.37 0.0
1337616914.37 0.0
1337616914.37 0.0
1337616914.37 0.0
1337616914.38 0.0
1337616914.38 0.0
1337616914.39 0.0
1337616914.39 0.0
1337616914.4 0.0
1337616914.4 0.0
1337616914.41 0.0
1337616914.41 0.0
1337616914.42 0.0
1337616914.42 0.0
1337616914.43 0.0
1337616914.43 0.0
1337616914.44 0.0
1337616914.44 0.0
1337616914.45 0.0
1337616914.45 0.0
1337616914.46 0.0
1337616914.46 0.0
1337616914.47 0.0
1337616914.47 0.0
1337616914.48 0.0
1337616914.48 0.0
1337616914.5 0.0
1337616914.5 0.0
1337616914.5 0.0
1337616914.5 0.0
1337616914.51 0.0
1337616914.51 0.0
1337616914.52 0.0
1337616914.52 0.0
1337616914.53 0.0
1337616914.53 0.0
1337616914.54 0.0
1337616914.54 0.0
1337616914.55 0.0
1337616914.55 0.0
1337616914.56 0.0
1337616914.56 0.0
1337616914.57 0.0
1337616914.58 0.0
1337616914.58 0.0
1337616914.59 0.0
1337616914.59 0.0
1337616914.59 0.0
1337616914.6 0.0
1337616914.6 0.0
1337616914.61 0.0
1337616914.61 0.0
1337616914.62 0.0
1337616914.62 0.0
1337616914.63 0.0
1337616914.63 0.0
1337616914.63 0.0
1337616914.64 0.0
1337616914.64 0.0
1337616914.65 0.0
1337616914.66 0.0
1337616914.66 0.0
1337616914.67 0.0
1337616914.67 0.0
1337616914.68 0.0
1337616914.68 0.0
1337616914.69 0.0
1337616914.69 0.0
1337616914.69 0.0
1337616914.7 0.0
1337616914.71 0.0
1337616914.71 0.0
1337616914.71 0.0
1337616914.72 0.0
1337616914.72 0.0
1337616914.73 0.0
1337616914.75 0.0
1337616914.75 0.0
1337616914.76 0.0
1337616914.76 0.0
1337616914.76 0.0
1337616914.76 0.0
1337616914.77 0.0
1337616914.77 0.0
1337616914.77 0.0
1337616914.78 0.0
1337616914.78 0.0
1337616914.79 0.0
1337616914.79 0.0
1337616914.8 0.0
1337616914.81 0.0
1337616914.81 0.0
1337616914.82 0.0
1337616914.83 0.0
1337616914.83 0.0
1337616914.84 0.0
1337616914.84 0.0
1337616914.84 0.0
1337616914.85 0.0
1337616914.85 0.0
1337616914.86 0.0
1337616914.86 0.0
1337616914.86 0.0
1337616914.87 0.0
1337616914.87 0.0
1337616914.88 0.0
1337616914.89 0.0
1337616914.89 0.0
1337616914.89 0.0
1337616914.9 0.0
1337616914.92 0.0
1337616914.92 0.0
1337616914.92 0.0
1337616914.92 0.0
1337616914.93 0.0
1337616914.93 0.0
1337616914.93 0.0
1337616914.94 0.0
1337616914.94 0.0
1337616914.95 0.0
1337616914.96 0.0
1337616914.96 0.0
1337616914.96 0.0
1337616914.97 0.0
1337616914.97 0.0
1337616914.98 0.0
1337616915.0 0.0
1337616915.0 0.0
1337616915.0 0.0
1337616915.0 0.0
1337616915.01 0.0
1337616915.01 0.0
1337616915.01 0.0
1337616915.02 0.0
1337616915.02 0.0
1337616915.03 0.0
1337616915.03 0.0
1337616915.04 0.0
1337616915.04 0.0
1337616915.05 0.0
1337616915.05 0.0
1337616915.06 0.0
1337616915.06 0.0
1337616915.08 0.0
1337616915.08 0.0
1337616915.08 0.0
1337616915.08 0.0
1337616915.09 0.0
1337616915.09 0.0
1337616915.1 0.0
1337616915.11 0.0
1337616915.11 0.0
1337616915.11 0.0
1337616915.12 0.0
1337616915.12 0.0
1337616915.13 0.0
1337616915.13 0.0
1337616915.14 0.0
1337616915.14 0.0
1337616915.15 0.0
1337616915.18 0.0
1337616915.18 0.0
1337616915.18 0.0
1337616915.18 0.0
1337616915.18 0.0
1337616915.18 0.0
1337616915.18 0.0
1337616915.19 0.0
1337616915.19 0.0
1337616915.2 0.0
1337616915.2 0.0
1337616915.21 0.0
1337616915.21 0.0
1337616915.22 0.0
1337616915.23 0.0
1337616915.23 0.0
1337616915.23 0.0
1337616915.25 0.0
1337616915.25 0.0
1337616915.25 0.0
1337616915.26 0.0
1337616915.26 0.0
1337616915.26 0.0
1337616915.27 0.0
1337616915.27 0.0
1337616915.28 0.0
1337616915.29 0.0
1337616915.29 0.0
1337616915.3 0.0
1337616915.3 0.0
1337616915.3 0.0
1337616915.31 0.0
1337616915.32 0.0
1337616915.32 0.0
1337616915.33 0.0
1337616915.33 0.0
1337616915.35 0.0
1337616915.35 0.0
1337616915.35 0.0
1337616915.35 0.0
1337616915.36 0.0
1337616915.36 0.0
1337616915.37 0.0
1337616915.37 0.0
1337616915.37 0.0
1337616915.38 0.0
1337616915.38 0.0
1337616915.39 0.0
1337616915.39 0.0
1337616915.4 0.0
1337616915.43 0.0
1337616915.43 0.0
1337616915.43 0.0
1337616915.43 0.0
1337616915.43 0.0
1337616915.43 0.0
1337616915.43 0.0
1337616915.44 0.0
1337616915.44 0.0
1337616915.47 0.0
1337616915.47 0.0
1337616915.47 0.0
1337616915.47 0.0
1337616915.47 0.0
1337616915.48 0.0
1337616915.48 0.0
1337616915.49 0.0
1337616915.49 0.0
1337616915.49 0.0
1337616915.5 0.0
1337616915.51 0.0
1337616915.51 0.0
1337616915.52 0.0
1337616915.52 0.0
1337616915.52 0.0
