1337616901.71 -93.0
1337616901.71 -143.0
1337616901.71 -127.0
1337616901.72 -151.0
1337616901.72 -214.0
1337616901.73 -213.0
1337616901.74 -201.0
1337616901.74 -249.0
1337616901.75 -256.0
1337616901.75 -240.0
1337616901.76 -299.0
1337616901.76 -292.0
1337616901.76 -280.0
1337616901.77 -325.0
1337616901.78 -302.0
1337616901.78 -269.0
1337616901.78 -314.0
1337616901.79 -300.0
1337616901.79 -262.0
1337616901.81 -291.0
1337616901.81 -290.0
1337616901.81 -277.0
1337616901.81 -300.0
1337616901.82 -319.0
1337616901.83 -293.0
1337616901.83 -292.0
1337616901.84 -328.0
1337616901.84 -310.0
1337616901.85 -323.0
1337616901.85 -371.0
1337616901.87 -348.0
1337616901.87 -374.0
1337616901.87 -414.0
1337616901.87 -381.0
1337616901.88 -395.0
1337616901.88 -426.0
1337616901.89 -419.0
1337616901.89 -411.0
1337616901.9 -463.0
1337616901.9 -427.0
1337616901.91 -423.0
1337616901.92 -461.0
1337616901.92 -457.0
1337616901.92 -442.0
1337616901.93 -443.0
1337616901.93 -441.0
1337616901.93 -417.0
1337616901.94 -421.0
1337616901.94 -438.0
1337616901.95 -384.0
1337616901.96 -399.0
1337616901.96 -424.0
1337616901.97 -348.0
1337616901.98 -384.0
1337616901.98 -383.0
1337616901.98 -340.0
1337616901.99 -370.0
1337616901.99 -378.0
1337616902.0 -335.0
1337616902.0 -353.0
1337616902.0 -363.0
1337616902.01 -341.0
1337616902.02 -335.0
1337616902.03 -365.0
1337616902.03 -330.0
1337616902.04 -330.0
1337616902.04 -356.0
1337616902.04 -316.0
1337616902.05 -312.0
1337616902.05 -328.0
1337616902.05 -305.0
1337616902.06 -283.0
1337616902.06 -290.0
1337616902.08 -283.0
1337616902.08 -244.0
1337616902.08 -276.0
1337616902.09 -268.0
1337616902.09 -199.0
1337616902.09 -214.0
1337616902.1 -188.0
1337616902.1 -138.0
1337616902.11 -161.0
1337616902.11 -138.0
1337616902.12 -78.0
1337616902.12 -98.0
1337616902.13 -79.0
1337616902.15 -7.0
1337616902.15 -22.0
1337616902.15 -29.0
1337616902.16 42.0
1337616902.16 34.0
1337616902.16 53.0
1337616902.17 125.0
1337616902.17 126.0
1337616902.2 130.0
1337616902.2 187.0
1337616902.2 210.0
1337616902.2 224.0
1337616902.2 287.0
1337616902.2 305.0
1337616902.21 301.0
1337616902.21 381.0
1337616902.21 417.0
1337616902.24 493.0
1337616902.24 470.0
1337616902.25 513.0
1337616902.25 557.0
1337616902.25 517.0
1337616902.31 539.0
1337616902.31 562.0
1337616902.31 538.0
1337616902.31 555.0
1337616902.31 577.0
1337616902.31 554.0
1337616902.32 568.0
1337616902.32 633.0
1337616902.32 590.0
1337616902.32 608.0
1337616902.32 667.0
1337616902.32 625.0
1337616902.33 633.0
1337616902.33 696.0
1337616902.33 662.0
1337616902.33 662.0
1337616902.34 699.0
1337616902.34 687.0
1337616902.34 680.0
1337616902.35 736.0
1337616902.36 721.0
1337616902.36 704.0
1337616902.37 774.0
1337616902.37 747.0
1337616902.37 726.0
1337616902.38 804.0
1337616902.38 768.0
1337616902.39 744.0
1337616902.39 812.0
1337616902.41 801.0
1337616902.41 803.0
1337616902.41 839.0
1337616902.42 831.0
1337616902.42 800.0
1337616902.42 836.0
1337616902.43 839.0
1337616902.43 817.0
1337616902.44 851.0
1337616902.44 843.0
1337616902.45 803.0
1337616902.46 843.0
1337616902.46 864.0
1337616902.46 839.0
1337616902.47 849.0
1337616902.47 854.0
1337616902.48 836.0
1337616902.49 835.0
1337616902.49 869.0
1337616902.5 840.0
1337616902.5 832.0
1337616902.51 851.0
1337616902.51 833.0
1337616902.52 822.0
1337616902.52 863.0
1337616902.52 849.0
1337616902.53 813.0
1337616902.53 866.0
1337616902.55 844.0
1337616902.55 814.0
1337616902.56 864.0
1337616902.56 837.0
1337616902.56 807.0
1337616902.56 851.0
1337616902.57 839.0
1337616902.57 807.0
1337616902.58 829.0
1337616902.58 815.0
1337616902.59 772.0
1337616902.59 813.0
1337616902.6 796.0
1337616902.62 743.0
1337616902.62 773.0
1337616902.62 743.0
1337616902.62 692.0
1337616902.62 711.0
1337616902.63 683.0
1337616902.64 650.0
1337616902.64 645.0
1337616902.64 646.0
1337616902.65 617.0
1337616902.66 608.0
1337616902.66 603.0
1337616902.66 572.0
1337616902.69 582.0
1337616902.69 580.0
1337616902.69 541.0
1337616902.69 533.0
1337616902.7 528.0
1337616902.7 512.0
1337616902.7 506.0
1337616902.7 518.0
1337616902.71 505.0
1337616902.72 481.0
1337616902.72 497.0
1337616902.73 475.0
1337616902.73 457.0
1337616902.73 436.0
1337616902.76 426.0
1337616902.76 396.0
1337616902.76 383.0
1337616902.76 377.0
1337616902.77 334.0
1337616902.77 328.0
1337616902.77 314.0
1337616902.77 271.0
1337616902.78 272.0
1337616902.78 249.0
1337616902.79 198.0
1337616902.8 173.0
1337616902.81 163.0
1337616902.83 118.0
1337616902.83 83.0
1337616902.84 66.0
1337616902.84 14.0
1337616902.84 -9.0
1337616902.85 -35.0
1337616902.85 -77.0
1337616902.86 -103.0
1337616902.86 -134.0
1337616902.86 -159.0
1337616902.87 -186.0
1337616902.87 -211.0
1337616902.87 -228.0
1337616902.95 -288.0
1337616902.95 -311.0
1337616902.95 -336.0
1337616902.96 -402.0
1337616902.96 -444.0
1337616902.96 -469.0
1337616902.96 -533.0
1337616902.96 -569.0
1337616902.96 -591.0
1337616902.96 -633.0
1337616902.96 -672.0
1337616902.98 -685.0
1337616902.98 -741.0
1337616902.98 -787.0
1337616902.98 -789.0
1337616902.99 -841.0
1337616902.99 -899.0
1337616902.99 -918.0
1337616902.99 -967.0
1337616902.99 -1034.0
1337616902.99 -1023.0
1337616902.99 -1060.0
1337616902.99 -1116.0
1337616902.99 -1125.0
1337616902.99 -1165.0
1337616903.0 -1209.0
1337616903.0 -1211.0
1337616903.01 -1227.0
1337616903.01 -1295.0
1337616903.01 -1299.0
1337616903.02 -1303.0
1337616903.02 -1368.0
1337616903.03 -1364.0
1337616903.03 -1375.0
1337616903.04 -1438.0
1337616903.04 -1416.0
1337616903.06 -1414.0
1337616903.06 -1437.0
1337616903.06 -1435.0
1337616903.06 -1428.0
1337616903.07 -1432.0
1337616903.07 -1427.0
1337616903.08 -1388.0
1337616903.09 -1405.0
1337616903.09 -1419.0
1337616903.1 -1359.0
1337616903.1 -1376.0
1337616903.1 -1356.0
1337616903.11 -1311.0
1337616903.11 -1322.0
1337616903.12 -1322.0
1337616903.12 -1286.0
1337616903.13 -1250.0
1337616903.13 -1263.0
1337616903.15 -1207.0
1337616903.15 -1171.0
1337616903.15 -1192.0
1337616903.15 -1133.0
1337616903.16 -1125.0
1337616903.16 -1136.0
1337616903.17 -1088.0
1337616903.17 -1049.0
1337616903.18 -1064.0
1337616903.18 -1019.0
1337616903.19 -953.0
1337616903.19 -994.0
1337616903.2 -938.0
1337616903.2 -885.0
1337616903.21 -919.0
1337616903.21 -874.0
1337616903.22 -836.0
1337616903.22 -847.0
1337616903.23 -812.0
1337616903.23 -773.0
1337616903.24 -773.0
1337616903.25 -760.0
1337616903.25 -722.0
1337616903.25 -718.0
1337616903.26 -718.0
1337616903.26 -680.0
1337616903.27 -656.0
1337616903.27 -682.0
1337616903.28 -618.0
1337616903.28 -582.0
1337616903.29 -629.0
1337616903.29 -559.0
1337616903.3 -533.0
1337616903.3 -572.0
1337616903.31 -515.0
1337616903.31 -479.0
1337616903.31 -500.0
1337616903.32 -455.0
1337616903.33 -402.0
1337616903.33 -443.0
1337616903.34 -399.0
1337616903.34 -333.0
1337616903.35 -394.0
1337616903.35 -345.0
1337616903.36 -282.0
1337616903.36 -335.0
1337616903.37 -296.0
1337616903.37 -236.0
1337616903.38 -269.0
1337616903.38 -245.0
1337616903.39 -196.0
1337616903.39 -228.0
1337616903.4 -228.0
1337616903.4 -188.0
1337616903.41 -214.0
1337616903.41 -229.0
1337616903.41 -173.0
1337616903.42 -203.0
1337616903.42 -237.0
1337616903.43 -175.0
1337616903.44 -189.0
1337616903.44 -232.0
1337616903.45 -171.0
1337616903.45 -174.0
1337616903.46 -208.0
1337616903.46 -148.0
1337616903.46 -164.0
1337616903.47 -195.0
1337616903.47 -137.0
1337616903.48 -119.0
1337616903.48 -137.0
1337616903.5 -69.0
1337616903.51 -47.0
1337616903.52 -89.0
1337616903.52 -28.0
1337616903.52 -7.0
1337616903.52 -37.0
1337616903.52 10.0
1337616903.53 27.0
1337616903.54 4.0
1337616903.54 31.0
1337616903.54 30.0
1337616903.56 2.0
1337616903.56 4.0
1337616903.56 22.0
1337616903.56 -18.0
1337616903.57 -8.0
1337616903.57 -8.0
1337616903.58 -63.0
1337616903.58 -66.0
1337616903.59 -83.0
1337616903.59 -123.0
1337616903.61 -133.0
1337616903.61 -157.0
1337616903.61 -199.0
1337616903.62 -184.0
1337616903.62 -217.0
1337616903.63 -233.0
1337616903.63 -224.0
1337616903.64 -260.0
1337616903.64 -266.0
1337616903.65 -286.0
1337616903.66 -278.0
1337616903.66 -293.0
1337616903.66 -316.0
1337616903.66 -323.0
1337616903.67 -345.0
1337616903.68 -357.0
1337616903.68 -355.0
1337616903.68 -352.0
1337616903.69 -384.0
1337616903.7 -397.0
1337616903.71 -374.0
1337616903.71 -407.0
1337616903.71 -395.0
1337616903.71 -370.0
1337616903.72 -417.0
1337616903.72 -404.0
1337616903.73 -371.0
1337616903.73 -449.0
1337616903.74 -426.0
1337616903.74 -413.0
1337616903.76 -471.0
1337616903.76 -464.0
1337616903.76 -450.0
1337616903.76 -490.0
1337616903.77 -505.0
1337616903.78 -495.0
1337616903.78 -517.0
1337616903.78 -529.0
1337616903.79 -509.0
1337616903.79 -523.0
1337616903.8 -539.0
1337616903.81 -508.0
1337616903.81 -497.0
1337616903.81 -553.0
1337616903.82 -504.0
1337616903.82 -468.0
1337616903.83 -547.0
1337616903.83 -478.0
1337616903.84 -460.0
1337616903.84 -509.0
1337616903.86 -473.0
1337616903.86 -461.0
1337616903.86 -504.0
1337616903.87 -474.0
1337616903.87 -442.0
1337616903.87 -480.0
1337616903.88 -478.0
1337616903.88 -433.0
1337616903.89 -499.0
1337616903.89 -489.0
1337616903.91 -450.0
1337616903.92 -505.0
1337616903.92 -512.0
1337616903.92 -460.0
1337616903.92 -473.0
1337616903.93 -497.0
1337616903.93 -450.0
1337616903.94 -456.0
1337616903.94 -487.0
1337616903.94 -434.0
1337616903.96 -440.0
1337616903.96 -464.0
1337616903.96 -417.0
1337616903.96 -415.0
1337616903.97 -433.0
1337616903.98 -393.0
1337616903.98 -368.0
1337616903.99 -400.0
1337616903.99 -377.0
1337616903.99 -353.0
1337616904.0 -370.0
1337616904.0 -367.0
1337616904.01 -314.0
1337616904.02 -326.0
1337616904.03 -322.0
1337616904.03 -305.0
1337616904.03 -311.0
1337616904.04 -333.0
1337616904.04 -291.0
1337616904.04 -297.0
1337616904.05 -312.0
1337616904.05 -281.0
1337616904.06 -297.0
1337616904.06 -292.0
1337616904.07 -255.0
1337616904.07 -250.0
1337616904.08 -233.0
1337616904.09 -245.0
1337616904.1 -212.0
1337616904.1 -185.0
1337616904.1 -207.0
1337616904.1 -162.0
1337616904.11 -162.0
1337616904.11 -163.0
1337616904.12 -127.0
1337616904.12 -114.0
1337616904.13 -99.0
1337616904.13 -54.0
1337616904.14 -39.0
1337616904.14 -9.0
1337616904.15 11.0
1337616904.15 49.0
1337616904.16 92.0
1337616904.18 125.0
1337616904.18 152.0
1337616904.18 195.0
1337616904.18 196.0
1337616904.19 231.0
1337616904.19 267.0
1337616904.19 248.0
1337616904.2 266.0
1337616904.2 292.0
1337616904.21 311.0
1337616904.21 310.0
1337616904.22 322.0
1337616904.22 363.0
1337616904.23 351.0
1337616904.23 392.0
1337616904.24 432.0
1337616904.24 375.0
1337616904.26 411.0
1337616904.26 422.0
1337616904.26 379.0
1337616904.26 413.0
1337616904.27 413.0
1337616904.27 372.0
1337616904.28 383.0
1337616904.28 404.0
1337616904.29 398.0
1337616904.29 377.0
1337616904.3 402.0
1337616904.3 437.0
1337616904.31 408.0
1337616904.31 464.0
1337616904.32 470.0
1337616904.33 435.0
1337616904.33 496.0
1337616904.34 508.0
1337616904.34 478.0
1337616904.35 507.0
1337616904.35 527.0
1337616904.35 495.0
1337616904.36 510.0
1337616904.36 555.0
1337616904.37 511.0
1337616904.37 524.0
1337616904.38 565.0
1337616904.38 540.0
1337616904.39 541.0
1337616904.39 567.0
1337616904.4 568.0
1337616904.4 540.0
1337616904.41 589.0
1337616904.41 574.0
1337616904.42 534.0
1337616904.42 577.0
1337616904.44 547.0
1337616904.44 532.0
1337616904.44 557.0
1337616904.44 533.0
1337616904.45 522.0
1337616904.45 525.0
1337616904.46 539.0
1337616904.46 536.0
1337616904.47 544.0
1337616904.47 542.0
1337616904.48 523.0
1337616904.48 512.0
1337616904.49 508.0
1337616904.49 519.0
1337616904.51 515.0
1337616904.51 484.0
1337616904.51 486.0
1337616904.51 467.0
1337616904.52 447.0
1337616904.52 455.0
1337616904.53 449.0
1337616904.53 396.0
1337616904.54 411.0
1337616904.54 431.0
1337616904.55 392.0
1337616904.55 447.0
1337616904.56 449.0
1337616904.56 406.0
1337616904.57 448.0
1337616904.57 479.0
1337616904.59 448.0
1337616904.59 461.0
1337616904.59 491.0
1337616904.59 444.0
1337616904.6 459.0
1337616904.6 486.0
1337616904.61 449.0
1337616904.61 447.0
1337616904.62 450.0
1337616904.62 444.0
1337616904.63 411.0
1337616904.63 445.0
1337616904.64 436.0
1337616904.64 384.0
1337616904.65 422.0
1337616904.65 414.0
1337616904.66 374.0
1337616904.67 397.0
1337616904.67 404.0
1337616904.68 366.0
1337616904.68 375.0
1337616904.68 417.0
1337616904.69 392.0
1337616904.69 400.0
1337616904.7 430.0
1337616904.7 411.0
1337616904.71 420.0
1337616904.71 466.0
1337616904.72 459.0
1337616904.72 448.0
1337616904.73 499.0
1337616904.73 485.0
1337616904.74 499.0
1337616904.74 535.0
1337616904.75 536.0
1337616904.75 564.0
1337616904.76 607.0
1337616904.76 634.0
1337616904.77 663.0
1337616904.78 680.0
1337616904.78 710.0
1337616904.78 732.0
1337616904.79 737.0
1337616904.79 754.0
1337616904.8 783.0
1337616904.8 808.0
1337616904.81 790.0
1337616904.81 812.0
1337616904.82 832.0
1337616904.82 824.0
1337616904.83 863.0
1337616904.83 905.0
1337616904.84 873.0
1337616904.84 915.0
1337616904.86 942.0
1337616904.86 910.0
1337616904.86 986.0
1337616904.86 1018.0
1337616904.87 968.0
1337616904.87 1009.0
1337616904.88 1034.0
1337616904.88 1007.0
1337616904.89 1038.0
1337616904.89 1064.0
1337616904.9 1061.0
1337616904.9 1053.0
1337616904.91 1099.0
1337616904.91 1110.0
1337616904.92 1073.0
1337616904.92 1123.0
1337616904.94 1096.0
1337616904.94 1074.0
1337616904.94 1109.0
1337616904.95 1074.0
1337616904.95 1043.0
1337616904.96 1042.0
1337616904.96 1014.0
1337616904.97 974.0
1337616904.97 969.0
1337616904.97 960.0
1337616904.98 927.0
1337616904.98 897.0
1337616904.99 918.0
1337616904.99 874.0
1337616905.0 843.0
1337616905.0 834.0
1337616905.0 788.0
1337616905.01 758.0
1337616905.05 738.0
1337616905.05 715.0
1337616905.05 697.0
1337616905.05 684.0
1337616905.05 656.0
1337616905.05 639.0
1337616905.06 608.0
1337616905.06 579.0
1337616905.06 561.0
1337616905.06 540.0
1337616905.07 505.0
1337616905.07 491.0
1337616905.08 442.0
1337616905.12 407.0
1337616905.12 406.0
1337616905.12 388.0
1337616905.13 356.0
1337616905.13 360.0
1337616905.13 354.0
1337616905.14 297.0
1337616905.14 304.0
1337616905.14 281.0
1337616905.14 238.0
1337616905.14 244.0
1337616905.15 227.0
1337616905.15 197.0
1337616905.15 184.0
1337616905.16 184.0
1337616905.16 140.0
1337616905.16 117.0
1337616905.16 116.0
1337616905.18 89.0
1337616905.18 44.0
1337616905.18 58.0
1337616905.18 37.0
1337616905.19 -34.0
1337616905.24 -22.0
1337616905.24 -55.0
1337616905.25 -100.0
1337616905.25 -100.0
1337616905.25 -104.0
1337616905.25 -118.0
1337616905.25 -110.0
1337616905.25 -111.0
1337616905.26 -137.0
1337616905.26 -163.0
1337616905.26 -156.0
1337616905.26 -166.0
1337616905.26 -185.0
1337616905.27 -169.0
1337616905.27 -214.0
1337616905.27 -229.0
1337616905.28 -212.0
1337616905.28 -236.0
1337616905.28 -234.0
1337616905.29 -269.0
1337616905.29 -281.0
1337616905.3 -313.0
1337616905.3 -348.0
1337616905.31 -343.0
1337616905.31 -379.0
1337616905.32 -397.0
1337616905.32 -410.0
1337616905.33 -445.0
1337616905.33 -431.0
1337616905.34 -455.0
1337616905.34 -483.0
1337616905.35 -471.0
1337616905.35 -517.0
1337616905.37 -523.0
1337616905.37 -548.0
1337616905.37 -574.0
1337616905.37 -578.0
1337616905.38 -581.0
1337616905.38 -581.0
1337616905.39 -615.0
1337616905.39 -599.0
1337616905.4 -589.0
1337616905.4 -636.0
1337616905.41 -629.0
1337616905.41 -647.0
1337616905.42 -698.0
1337616905.42 -685.0
1337616905.43 -683.0
1337616905.43 -698.0
1337616905.44 -683.0
1337616905.46 -689.0
1337616905.46 -681.0
1337616905.46 -679.0
1337616905.46 -679.0
1337616905.47 -684.0
1337616905.47 -700.0
1337616905.47 -692.0
1337616905.48 -693.0
1337616905.48 -712.0
1337616905.49 -692.0
1337616905.49 -689.0
1337616905.5 -695.0
1337616905.5 -684.0
1337616905.51 -676.0
1337616905.51 -663.0
1337616905.52 -685.0
1337616905.52 -651.0
1337616905.54 -652.0
1337616905.54 -648.0
1337616905.54 -633.0
1337616905.55 -631.0
1337616905.55 -616.0
1337616905.55 -647.0
1337616905.56 -628.0
1337616905.56 -632.0
1337616905.57 -647.0
1337616905.58 -623.0
1337616905.58 -637.0
1337616905.58 -603.0
1337616905.59 -582.0
1337616905.59 -581.0
1337616905.6 -569.0
1337616905.6 -563.0
1337616905.62 -561.0
1337616905.62 -539.0
1337616905.62 -531.0
1337616905.62 -528.0
1337616905.63 -513.0
1337616905.63 -531.0
1337616905.64 -501.0
1337616905.64 -484.0
1337616905.65 -438.0
1337616905.65 -439.0
1337616905.66 -423.0
1337616905.66 -407.0
1337616905.67 -433.0
1337616905.67 -391.0
1337616905.68 -392.0
1337616905.68 -367.0
1337616905.69 -348.0
1337616905.69 -355.0
1337616905.7 -316.0
1337616905.7 -315.0
1337616905.72 -294.0
1337616905.72 -268.0
1337616905.73 -296.0
1337616905.73 -257.0
1337616905.73 -235.0
1337616905.74 -241.0
1337616905.74 -194.0
1337616905.74 -165.0
1337616905.75 -162.0
1337616905.75 -118.0
1337616905.76 -96.0
1337616905.76 -127.0
1337616905.77 -196.0
1337616905.77 -291.0
1337616905.78 -417.0
1337616905.78 -625.0
1337616905.79 -820.0
1337616905.8 -1056.0
1337616905.81 -1342.0
1337616905.81 -1587.0
1337616905.81 -1915.0
1337616905.81 -2247.0
1337616905.82 -2565.0
1337616905.82 -2931.0
1337616905.83 -3285.0
1337616905.83 -3595.0
1337616905.84 -3955.0
1337616905.84 -4334.0
1337616905.85 -4674.0
1337616905.85 -5060.0
1337616905.86 -5432.0
1337616905.86 -5771.0
1337616905.87 -6101.0
1337616905.87 -6453.0
1337616905.89 -6739.0
1337616905.89 -7058.0
1337616905.89 -7401.0
1337616905.89 -7656.0
1337616905.9 -7974.0
1337616905.9 -8263.0
1337616905.91 -8522.0
1337616905.91 -8788.0
1337616905.92 -9025.0
1337616905.92 -9235.0
1337616905.93 -9434.0
1337616905.94 -9640.0
1337616905.94 -9824.0
1337616905.94 -9993.0
1337616905.95 -10160.0
1337616905.95 -10338.0
1337616905.97 -10461.0
1337616905.97 -10604.0
1337616905.98 -10741.0
1337616905.98 -10842.0
1337616905.98 -10958.0
1337616905.98 -11058.0
1337616905.99 -11156.0
1337616905.99 -11204.0
1337616906.0 -11288.0
1337616906.0 -11379.0
1337616906.01 -11420.0
1337616906.01 -11482.0
1337616906.02 -11536.0
1337616906.02 -11592.0
1337616906.03 -11614.0
1337616906.03 -11667.0
1337616906.04 -11687.0
1337616906.04 -11691.0
1337616906.05 -11710.0
1337616906.05 -11726.0
1337616906.07 -11746.0
1337616906.07 -11756.0
1337616906.07 -11782.0
1337616906.08 -11768.0
1337616906.08 -11805.0
1337616906.08 -11810.0
1337616906.09 -11802.0
1337616906.09 -11814.0
1337616906.1 -11798.0
1337616906.1 -11796.0
1337616906.11 -11765.0
1337616906.11 -11783.0
1337616906.12 -11771.0
1337616906.12 -11737.0
1337616906.13 -11736.0
1337616906.13 -11752.0
1337616906.14 -11731.0
1337616906.14 -11721.0
1337616906.15 -11735.0
1337616906.15 -11707.0
1337616906.17 -11707.0
1337616906.17 -11672.0
1337616906.17 -11693.0
1337616906.17 -11649.0
1337616906.18 -11615.0
1337616906.18 -11640.0
1337616906.19 -11576.0
1337616906.19 -11558.0
1337616906.2 -11538.0
1337616906.2 -11514.0
1337616906.21 -11492.0
1337616906.21 -11475.0
1337616906.22 -11448.0
1337616906.22 -11415.0
1337616906.23 -11378.0
1337616906.23 -11353.0
1337616906.24 -11296.0
1337616906.24 -11197.0
1337616906.26 -11128.0
1337616906.26 -10948.0
1337616906.26 -10770.0
1337616906.26 -10594.0
1337616906.27 -10283.0
1337616906.27 -10020.0
1337616906.28 -9755.0
1337616906.28 -9417.0
1337616906.29 -9083.0
1337616906.29 -8794.0
1337616906.3 -8424.0
1337616906.3 -8030.0
1337616906.31 -7712.0
1337616906.32 -7314.0
1337616906.32 -6903.0
1337616906.32 -6545.0
1337616906.33 -6148.0
1337616906.33 -5732.0
1337616906.34 -5382.0
1337616906.39 -4980.0
1337616906.39 -4592.0
1337616906.39 -4238.0
1337616906.39 -3847.0
1337616906.39 -3484.0
1337616906.39 -3143.0
1337616906.39 -2803.0
1337616906.4 -2458.0
1337616906.4 -2153.0
1337616906.4 -1891.0
1337616906.4 -1563.0
1337616906.42 -1307.0
1337616906.42 -1086.0
1337616906.42 -783.0
1337616906.43 -584.0
1337616906.43 -355.0
1337616906.43 -123.0
1337616906.43 48.0
1337616906.43 264.0
1337616906.44 419.0
1337616906.44 574.0
1337616906.45 752.0
1337616906.46 851.0
1337616906.46 1004.0
1337616906.46 1122.0
1337616906.47 1231.0
1337616906.47 1354.0
1337616906.48 1475.0
1337616906.49 1524.0
1337616906.49 1636.0
1337616906.49 1765.0
1337616906.5 1757.0
1337616906.51 1889.0
1337616906.51 1960.0
1337616906.53 1939.0
1337616906.53 2049.0
1337616906.53 2086.0
1337616906.54 2086.0
1337616906.54 2131.0
1337616906.54 2176.0
1337616906.54 2194.0
1337616906.55 2195.0
1337616906.55 2278.0
1337616906.56 2289.0
1337616906.56 2297.0
1337616906.57 2387.0
1337616906.57 2388.0
1337616906.58 2387.0
1337616906.58 2458.0
1337616906.6 2455.0
1337616906.62 2427.0
1337616906.62 2497.0
1337616906.62 2489.0
1337616906.63 2451.0
1337616906.63 2518.0
1337616906.63 2501.0
1337616906.63 2453.0
1337616906.63 2488.0
1337616906.63 2471.0
1337616906.64 2423.0
1337616906.64 2426.0
1337616906.65 2405.0
1337616906.65 2379.0
1337616906.65 2367.0
1337616906.66 2360.0
1337616906.67 2338.0
1337616906.67 2315.0
1337616906.68 2316.0
1337616906.68 2302.0
1337616906.69 2276.0
1337616906.69 2266.0
1337616906.7 2223.0
1337616906.7 2221.0
1337616906.72 2218.0
1337616906.72 2195.0
1337616906.72 2172.0
1337616906.72 2148.0
1337616906.73 2135.0
1337616906.73 2131.0
1337616906.73 2113.0
1337616906.74 2123.0
1337616906.74 2144.0
1337616906.75 2104.0
1337616906.76 2131.0
1337616906.76 2163.0
1337616906.77 2116.0
1337616906.77 2137.0
1337616906.78 2140.0
1337616906.78 2118.0
1337616906.78 2135.0
1337616906.79 2151.0
1337616906.8 2154.0
1337616906.8 2168.0
1337616906.81 2185.0
1337616906.82 2211.0
1337616906.82 2191.0
1337616906.82 2238.0
1337616906.82 2266.0
1337616906.83 2230.0
1337616906.84 2316.0
1337616906.84 2339.0
1337616906.84 2306.0
1337616906.85 2354.0
1337616906.86 2376.0
1337616906.86 2343.0
1337616906.86 2382.0
1337616906.87 2405.0
1337616906.88 2372.0
1337616906.88 2389.0
1337616906.88 2424.0
1337616906.89 2412.0
1337616906.9 2430.0
1337616906.91 2462.0
1337616906.91 2444.0
1337616906.91 2462.0
1337616906.91 2511.0
1337616906.92 2493.0
1337616906.92 2463.0
1337616906.93 2501.0
1337616906.93 2449.0
1337616906.94 2457.0
1337616906.94 2471.0
1337616906.95 2441.0
1337616906.95 2476.0
1337616906.96 2467.0
1337616906.96 2481.0
1337616906.97 2524.0
1337616906.99 2507.0
1337616906.99 2512.0
1337616906.99 2553.0
1337616906.99 2527.0
1337616906.99 2524.0
1337616907.0 2563.0
1337616907.0 2521.0
1337616907.01 2506.0
1337616907.01 2539.0
1337616907.02 2521.0
1337616907.02 2524.0
1337616907.03 2577.0
1337616907.03 2571.0
1337616907.04 2546.0
1337616907.05 2635.0
1337616907.05 2624.0
1337616907.05 2609.0
1337616907.07 2687.0
1337616907.07 2661.0
1337616907.08 2634.0
1337616907.08 2691.0
1337616907.08 2666.0
1337616907.08 2660.0
1337616907.09 2703.0
1337616907.09 2695.0
1337616907.1 2714.0
1337616907.1 2740.0
1337616907.11 2736.0
1337616907.11 2760.0
1337616907.12 2758.0
1337616907.13 2746.0
1337616907.13 2767.0
1337616907.14 2770.0
1337616907.15 2755.0
1337616907.15 2746.0
1337616907.15 2734.0
1337616907.15 2695.0
1337616907.16 2717.0
1337616907.16 2719.0
1337616907.17 2666.0
1337616907.17 2702.0
1337616907.18 2694.0
1337616907.18 2622.0
1337616907.19 2684.0
1337616907.19 2650.0
1337616907.2 2554.0
1337616907.2 2583.0
1337616907.21 2535.0
1337616907.21 2494.0
1337616907.22 2492.0
1337616907.22 2467.0
1337616907.23 2420.0
1337616907.23 2419.0
1337616907.24 2395.0
1337616907.26 2349.0
1337616907.26 2342.0
1337616907.26 2309.0
1337616907.26 2246.0
1337616907.26 2247.0
1337616907.27 2198.0
1337616907.27 2138.0
1337616907.28 2122.0
1337616907.3 2064.0
1337616907.3 2046.0
1337616907.3 2034.0
1337616907.3 1963.0
1337616907.3 1938.0
1337616907.31 1936.0
1337616907.31 1823.0
1337616907.32 1823.0
1337616907.32 1805.0
1337616907.33 1696.0
1337616907.33 1669.0
1337616907.35 1650.0
1337616907.35 1583.0
1337616907.35 1572.0
1337616907.35 1556.0
1337616907.36 1506.0
1337616907.36 1490.0
1337616907.37 1489.0
1337616907.37 1431.0
1337616907.38 1400.0
1337616907.38 1411.0
1337616907.39 1328.0
1337616907.39 1339.0
1337616907.4 1336.0
1337616907.41 1282.0
1337616907.41 1281.0
1337616907.41 1261.0
1337616907.42 1253.0
1337616907.43 1268.0
1337616907.44 1221.0
1337616907.44 1195.0
1337616907.44 1189.0
1337616907.44 1134.0
1337616907.45 1115.0
1337616907.45 1104.0
1337616907.46 1084.0
1337616907.46 1034.0
1337616907.47 1035.0
1337616907.47 1040.0
1337616907.48 989.0
1337616907.48 994.0
1337616907.49 975.0
1337616907.49 899.0
1337616907.5 916.0
1337616907.5 862.0
1337616907.52 799.0
1337616907.52 807.0
1337616907.52 771.0
1337616907.52 743.0
1337616907.53 729.0
1337616907.53 737.0
1337616907.54 685.0
1337616907.54 662.0
1337616907.55 669.0
1337616907.55 602.0
1337616907.56 556.0
1337616907.56 534.0
1337616907.57 477.0
1337616907.57 470.0
1337616907.58 441.0
1337616907.58 402.0
1337616907.59 388.0
1337616907.6 343.0
1337616907.6 319.0
1337616907.6 320.0
1337616907.61 292.0
1337616907.61 245.0
1337616907.62 226.0
1337616907.62 170.0
1337616907.63 133.0
1337616907.63 114.0
1337616907.64 95.0
1337616907.64 58.0
1337616907.65 49.0
1337616907.65 38.0
1337616907.66 -15.0
1337616907.66 8.0
1337616907.67 -6.0
1337616907.72 -78.0
1337616907.72 -58.0
1337616907.72 -82.0
1337616907.73 -163.0
1337616907.73 -150.0
1337616907.74 -169.0
1337616907.74 -232.0
1337616907.74 -243.0
1337616907.74 -236.0
1337616907.74 -284.0
1337616907.74 -312.0
1337616907.75 -297.0
1337616907.75 -332.0
1337616907.75 -364.0
1337616907.75 -365.0
1337616907.75 -416.0
1337616907.77 -452.0
1337616907.78 -452.0
1337616907.78 -486.0
1337616907.78 -490.0
1337616907.78 -489.0
1337616907.79 -507.0
1337616907.79 -526.0
1337616907.79 -509.0
1337616907.79 -503.0
1337616907.8 -528.0
1337616907.8 -528.0
1337616907.81 -531.0
1337616907.82 -559.0
1337616907.82 -563.0
1337616907.83 -573.0
1337616907.83 -578.0
1337616907.83 -572.0
1337616907.86 -597.0
1337616907.86 -581.0
1337616907.87 -569.0
1337616907.87 -595.0
1337616907.87 -590.0
1337616907.87 -595.0
1337616907.87 -625.0
1337616907.87 -632.0
1337616907.88 -635.0
1337616907.88 -623.0
1337616907.89 -631.0
1337616907.89 -622.0
1337616907.9 -603.0
1337616907.9 -609.0
1337616907.91 -588.0
1337616907.91 -587.0
1337616907.92 -608.0
1337616907.92 -589.0
1337616907.93 -587.0
1337616907.93 -602.0
1337616907.96 -592.0
1337616907.96 -567.0
1337616907.96 -579.0
1337616907.96 -581.0
1337616907.96 -549.0
1337616907.96 -567.0
1337616907.97 -581.0
1337616907.98 -566.0
1337616907.98 -575.0
1337616907.99 -594.0
1337616907.99 -592.0
1337616907.99 -595.0
1337616908.0 -597.0
1337616908.01 -603.0
1337616908.01 -604.0
1337616908.01 -620.0
1337616908.02 -623.0
1337616908.04 -616.0
1337616908.04 -637.0
1337616908.05 -624.0
1337616908.05 -616.0
1337616908.05 -631.0
1337616908.05 -632.0
1337616908.06 -632.0
1337616908.06 -631.0
1337616908.06 -645.0
1337616908.07 -643.0
1337616908.07 -638.0
1337616908.08 -645.0
1337616908.08 -650.0
1337616908.09 -667.0
1337616908.09 -654.0
1337616908.1 -666.0
1337616908.1 -671.0
1337616908.12 -670.0
1337616908.12 -647.0
1337616908.12 -662.0
1337616908.12 -659.0
1337616908.13 -624.0
1337616908.13 -678.0
1337616908.14 -677.0
1337616908.14 -676.0
1337616908.15 -696.0
1337616908.15 -689.0
1337616908.16 -684.0
1337616908.16 -718.0
1337616908.17 -726.0
1337616908.17 -704.0
1337616908.18 -705.0
1337616908.18 -728.0
1337616908.19 -692.0
1337616908.19 -706.0
1337616908.2 -769.0
1337616908.2 -715.0
1337616908.22 -737.0
1337616908.22 -783.0
1337616908.22 -762.0
1337616908.22 -762.0
1337616908.23 -788.0
1337616908.23 -774.0
1337616908.23 -780.0
1337616908.24 -794.0
1337616908.24 -799.0
1337616908.25 -780.0
1337616908.25 -775.0
1337616908.26 -803.0
1337616908.26 -773.0
1337616908.27 -811.0
1337616908.28 -837.0
1337616908.28 -820.0
1337616908.29 -843.0
1337616908.3 -876.0
1337616908.3 -854.0
1337616908.3 -879.0
1337616908.31 -889.0
1337616908.31 -882.0
1337616908.32 -879.0
1337616908.32 -870.0
1337616908.33 -887.0
1337616908.33 -857.0
1337616908.34 -872.0
1337616908.34 -875.0
1337616908.35 -868.0
1337616908.35 -875.0
1337616908.36 -886.0
1337616908.36 -876.0
1337616908.37 -873.0
1337616908.38 -856.0
1337616908.38 -870.0
1337616908.38 -861.0
1337616908.38 -849.0
1337616908.39 -885.0
1337616908.39 -842.0
1337616908.4 -859.0
1337616908.4 -862.0
1337616908.41 -867.0
1337616908.41 -880.0
1337616908.42 -870.0
1337616908.42 -872.0
1337616908.43 -852.0
1337616908.44 -818.0
1337616908.44 -828.0
1337616908.45 -813.0
1337616908.45 -795.0
1337616908.47 -820.0
1337616908.47 -786.0
1337616908.47 -780.0
1337616908.47 -798.0
1337616908.48 -787.0
1337616908.48 -768.0
1337616908.49 -800.0
1337616908.49 -787.0
1337616908.49 -760.0
1337616908.5 -762.0
1337616908.5 -755.0
1337616908.51 -721.0
1337616908.51 -712.0
1337616908.52 -755.0
1337616908.52 -714.0
1337616908.53 -732.0
1337616908.54 -754.0
1337616908.54 -735.0
1337616908.54 -735.0
1337616908.55 -738.0
1337616908.55 -731.0
1337616908.56 -716.0
1337616908.56 -715.0
1337616908.57 -715.0
1337616908.57 -696.0
1337616908.58 -701.0
1337616908.59 -732.0
1337616908.59 -701.0
1337616908.59 -734.0
1337616908.6 -751.0
1337616908.61 -745.0
1337616908.61 -761.0
1337616908.61 -783.0
1337616908.63 -778.0
1337616908.63 -750.0
1337616908.63 -765.0
1337616908.63 -766.0
1337616908.64 -745.0
1337616908.64 -763.0
1337616908.65 -780.0
1337616908.65 -750.0
1337616908.66 -778.0
1337616908.66 -776.0
1337616908.67 -785.0
1337616908.67 -781.0
1337616908.68 -770.0
1337616908.69 -761.0
1337616908.69 -741.0
1337616908.69 -746.0
1337616908.7 -740.0
1337616908.7 -727.0
1337616908.71 -726.0
1337616908.71 -743.0
1337616908.73 -724.0
1337616908.73 -738.0
1337616908.73 -746.0
1337616908.73 -747.0
1337616908.74 -732.0
1337616908.74 -729.0
1337616908.75 -720.0
1337616908.75 -700.0
1337616908.76 -702.0
1337616908.77 -712.0
1337616908.77 -701.0
1337616908.77 -708.0
1337616908.78 -726.0
1337616908.78 -714.0
1337616908.79 -715.0
1337616908.79 -703.0
1337616908.8 -717.0
1337616908.81 -705.0
1337616908.81 -716.0
1337616908.81 -720.0
1337616908.83 -696.0
1337616908.83 -704.0
1337616908.83 -714.0
1337616908.83 -709.0
1337616908.84 -729.0
1337616908.84 -727.0
1337616908.85 -698.0
1337616908.85 -699.0
1337616908.86 -670.0
1337616908.86 -696.0
1337616908.87 -684.0
1337616908.87 -676.0
1337616908.88 -696.0
1337616908.88 -684.0
1337616908.89 -701.0
1337616908.89 -731.0
1337616908.9 -738.0
1337616908.92 -743.0
1337616908.92 -775.0
1337616908.92 -778.0
1337616908.92 -789.0
1337616908.92 -784.0
1337616908.93 -833.0
1337616908.94 -838.0
1337616908.94 -872.0
1337616908.94 -935.0
1337616908.95 -918.0
1337616908.95 -955.0
1337616908.96 -968.0
1337616908.97 -997.0
1337616908.97 -1015.0
1337616908.97 -1010.0
1337616908.98 -1027.0
1337616908.98 -1020.0
1337616908.99 -1027.0
1337616909.0 -1057.0
1337616909.01 -1044.0
1337616909.02 -1056.0
1337616909.02 -1086.0
1337616909.02 -1085.0
1337616909.03 -1094.0
1337616909.03 -1127.0
1337616909.03 -1124.0
1337616909.03 -1102.0
1337616909.05 -1142.0
1337616909.05 -1117.0
1337616909.05 -1094.0
1337616909.06 -1084.0
1337616909.06 -1085.0
1337616909.06 -1089.0
1337616909.07 -1070.0
1337616909.08 -1090.0
1337616909.08 -1070.0
1337616909.08 -1065.0
1337616909.09 -1083.0
1337616909.09 -1079.0
1337616909.1 -1069.0
1337616909.1 -1073.0
1337616909.11 -1071.0
1337616909.11 -1070.0
1337616909.12 -1085.0
1337616909.12 -1099.0
1337616909.13 -1079.0
1337616909.13 -1089.0
1337616909.14 -1134.0
1337616909.15 -1110.0
1337616909.15 -1118.0
1337616909.17 -1157.0
1337616909.17 -1153.0
1337616909.17 -1158.0
1337616909.17 -1180.0
1337616909.17 -1181.0
1337616909.19 -1174.0
1337616909.19 -1173.0
1337616909.19 -1188.0
1337616909.2 -1179.0
1337616909.2 -1181.0
1337616909.2 -1201.0
1337616909.21 -1192.0
1337616909.21 -1213.0
1337616909.22 -1232.0
1337616909.22 -1233.0
1337616909.23 -1240.0
1337616909.24 -1270.0
1337616909.25 -1261.0
1337616909.25 -1252.0
1337616909.25 -1260.0
1337616909.26 -1283.0
1337616909.26 -1272.0
1337616909.26 -1275.0
1337616909.27 -1321.0
1337616909.27 -1302.0
1337616909.28 -1311.0
1337616909.28 -1334.0
1337616909.29 -1314.0
1337616909.29 -1319.0
1337616909.3 -1319.0
1337616909.3 -1299.0
1337616909.31 -1300.0
1337616909.31 -1287.0
1337616909.33 -1303.0
1337616909.33 -1283.0
1337616909.33 -1283.0
1337616909.33 -1277.0
1337616909.34 -1248.0
1337616909.34 -1244.0
1337616909.35 -1273.0
1337616909.35 -1252.0
1337616909.36 -1241.0
1337616909.36 -1258.0
1337616909.37 -1255.0
1337616909.37 -1265.0
1337616909.38 -1256.0
1337616909.38 -1277.0
1337616909.39 -1245.0
1337616909.39 -1232.0
1337616909.4 -1232.0
1337616909.4 -1212.0
1337616909.41 -1194.0
1337616909.41 -1219.0
1337616909.43 -1211.0
1337616909.43 -1195.0
1337616909.43 -1231.0
1337616909.43 -1212.0
1337616909.44 -1216.0
1337616909.44 -1257.0
1337616909.45 -1264.0
1337616909.45 -1260.0
1337616909.46 -1274.0
1337616909.46 -1302.0
1337616909.47 -1286.0
1337616909.47 -1277.0
1337616909.48 -1322.0
1337616909.48 -1278.0
1337616909.49 -1269.0
1337616909.49 -1316.0
1337616909.5 -1292.0
1337616909.51 -1289.0
1337616909.51 -1318.0
1337616909.51 -1312.0
1337616909.52 -1304.0
1337616909.52 -1363.0
1337616909.53 -1356.0
1337616909.53 -1323.0
1337616909.54 -1379.0
1337616909.54 -1391.0
1337616909.55 -1359.0
1337616909.55 -1408.0
1337616909.56 -1417.0
1337616909.56 -1376.0
1337616909.57 -1403.0
1337616909.57 -1423.0
1337616909.58 -1377.0
1337616909.58 -1374.0
1337616909.59 -1419.0
1337616909.59 -1373.0
1337616909.6 -1378.0
1337616909.6 -1407.0
1337616909.61 -1363.0
1337616909.61 -1349.0
1337616909.62 -1395.0
1337616909.63 -1349.0
1337616909.63 -1320.0
1337616909.63 -1374.0
1337616909.64 -1336.0
1337616909.64 -1322.0
1337616909.65 -1374.0
1337616909.65 -1360.0
1337616909.66 -1324.0
1337616909.66 -1363.0
1337616909.67 -1359.0
1337616909.67 -1335.0
1337616909.68 -1364.0
1337616909.68 -1381.0
1337616909.69 -1339.0
1337616909.69 -1353.0
1337616909.7 -1372.0
1337616909.71 -1329.0
1337616909.72 -1337.0
1337616909.72 -1371.0
1337616909.72 -1310.0
1337616909.72 -1327.0
1337616909.73 -1370.0
1337616909.73 -1340.0
1337616909.74 -1350.0
1337616909.74 -1384.0
1337616909.74 -1365.0
1337616909.75 -1379.0
1337616909.75 -1433.0
1337616909.76 -1427.0
1337616909.77 -1424.0
1337616909.77 -1447.0
1337616909.78 -1438.0
1337616909.78 -1437.0
1337616909.8 -1454.0
1337616909.8 -1448.0
1337616909.8 -1435.0
1337616909.81 -1416.0
1337616909.81 -1441.0
1337616909.81 -1408.0
1337616909.81 -1405.0
1337616909.82 -1421.0
1337616909.82 -1401.0
1337616909.83 -1404.0
1337616909.83 -1397.0
1337616909.84 -1368.0
1337616909.84 -1355.0
1337616909.85 -1361.0
1337616909.86 -1357.0
1337616909.86 -1331.0
1337616909.87 -1307.0
1337616909.88 -1315.0
1337616909.88 -1296.0
1337616909.88 -1280.0
1337616909.89 -1308.0
1337616909.89 -1271.0
1337616909.9 -1252.0
1337616909.9 -1287.0
1337616909.9 -1266.0
1337616909.91 -1253.0
1337616909.92 -1259.0
1337616909.92 -1241.0
1337616909.93 -1227.0
1337616909.93 -1221.0
1337616909.94 -1217.0
1337616909.94 -1175.0
1337616909.94 -1171.0
1337616909.95 -1163.0
1337616909.95 -1111.0
1337616909.96 -1083.0
1337616909.98 -1110.0
1337616909.98 -1054.0
1337616909.98 -1011.0
1337616909.98 -1054.0
1337616909.99 -979.0
1337616909.99 -948.0
1337616909.99 -964.0
1337616910.0 -904.0
1337616910.0 -881.0
1337616910.01 -889.0
1337616910.01 -857.0
1337616910.02 -827.0
1337616910.02 -820.0
1337616910.03 -814.0
1337616910.03 -755.0
1337616910.04 -768.0
1337616910.04 -754.0
1337616910.05 -683.0
1337616910.06 -679.0
1337616910.06 -669.0
1337616910.07 -626.0
1337616910.07 -594.0
1337616910.07 -614.0
1337616910.08 -574.0
1337616910.09 -541.0
1337616910.09 -577.0
1337616910.1 -542.0
1337616910.1 -513.0
1337616910.11 -532.0
1337616910.11 -494.0
1337616910.11 -470.0
1337616910.12 -460.0
1337616910.12 -449.0
1337616910.13 -397.0
1337616910.13 -391.0
1337616910.14 -401.0
1337616910.14 -344.0
1337616910.16 -352.0
1337616910.16 -355.0
1337616910.16 -325.0
1337616910.17 -324.0
1337616910.17 -327.0
1337616910.17 -315.0
1337616910.18 -291.0
1337616910.18 -283.0
1337616910.19 -282.0
1337616910.19 -250.0
1337616910.2 -262.0
1337616910.2 -271.0
1337616910.21 -255.0
1337616910.21 -265.0
1337616910.22 -273.0
1337616910.23 -263.0
1337616910.25 -273.0
1337616910.25 -299.0
1337616910.26 -266.0
1337616910.26 -266.0
1337616910.26 -258.0
1337616910.26 -261.0
1337616910.26 -253.0
1337616910.27 -231.0
1337616910.27 -249.0
1337616910.28 -209.0
1337616910.28 -226.0
1337616910.29 -232.0
1337616910.29 -230.0
1337616910.29 -242.0
1337616910.3 -234.0
1337616910.31 -249.0
1337616910.31 -241.0
1337616910.32 -213.0
1337616910.32 -242.0
1337616910.33 -214.0
1337616910.33 -195.0
1337616910.33 -217.0
1337616910.34 -181.0
1337616910.34 -158.0
1337616910.35 -173.0
1337616910.35 -172.0
1337616910.36 -144.0
1337616910.37 -226.0
1337616910.37 -211.0
1337616910.38 -202.0
1337616910.38 -246.0
1337616910.38 -239.0
1337616910.39 -228.0
1337616910.39 -231.0
1337616910.41 -258.0
1337616910.41 -215.0
1337616910.41 -208.0
1337616910.41 -227.0
1337616910.42 -185.0
1337616910.42 -176.0
1337616910.43 -200.0
1337616910.43 -165.0
1337616910.44 -160.0
1337616910.45 -174.0
1337616910.45 -174.0
1337616910.45 -143.0
1337616910.46 -174.0
1337616910.46 -173.0
1337616910.47 -104.0
1337616910.47 -152.0
1337616910.48 -141.0
1337616910.49 -99.0
1337616910.49 -107.0
1337616910.49 -120.0
1337616910.5 -81.0
1337616910.51 -79.0
1337616910.51 -111.0
1337616910.51 -72.0
1337616910.52 -70.0
1337616910.52 -88.0
1337616910.53 -50.0
1337616910.54 -43.0
1337616910.54 -39.0
1337616910.54 -6.0
1337616910.55 3.0
1337616910.55 22.0
1337616910.56 18.0
1337616910.57 87.0
1337616910.57 90.0
1337616910.58 87.0
1337616910.58 149.0
1337616910.58 130.0
1337616910.59 139.0
1337616910.59 164.0
1337616910.6 200.0
1337616910.6 204.0
1337616910.61 242.0
1337616910.61 276.0
1337616910.62 294.0
1337616910.62 334.0
1337616910.63 364.0
1337616910.63 386.0
1337616910.64 420.0
1337616910.64 451.0
1337616910.66 467.0
1337616910.66 518.0
1337616910.66 544.0
1337616910.66 571.0
1337616910.67 621.0
1337616910.67 661.0
1337616910.68 697.0
1337616910.68 763.0
1337616910.69 761.0
1337616910.69 809.0
1337616910.7 841.0
1337616910.7 805.0
1337616910.71 860.0
1337616910.71 874.0
1337616910.72 895.0
1337616910.72 920.0
1337616910.73 962.0
1337616910.73 1000.0
1337616910.74 987.0
1337616910.74 1046.0
1337616910.76 1060.0
1337616910.76 1049.0
1337616910.76 1100.0
1337616910.76 1109.0
1337616910.77 1091.0
1337616910.77 1128.0
1337616910.78 1138.0
1337616910.78 1146.0
1337616910.79 1167.0
1337616910.79 1177.0
1337616910.8 1165.0
1337616910.8 1145.0
1337616910.81 1171.0
1337616910.81 1135.0
1337616910.82 1141.0
1337616910.82 1149.0
1337616910.83 1153.0
1337616910.84 1171.0
1337616910.84 1170.0
1337616910.85 1197.0
1337616910.85 1180.0
1337616910.85 1201.0
1337616910.86 1208.0
1337616910.86 1202.0
1337616910.87 1219.0
1337616910.87 1223.0
1337616910.88 1223.0
1337616910.88 1241.0
1337616910.89 1242.0
1337616910.89 1239.0
1337616910.9 1255.0
1337616910.9 1242.0
1337616910.91 1255.0
1337616910.92 1247.0
1337616910.92 1237.0
1337616910.92 1242.0
1337616910.93 1237.0
1337616910.93 1227.0
1337616910.94 1228.0
1337616910.94 1230.0
1337616910.95 1222.0
1337616910.95 1232.0
1337616910.96 1236.0
1337616910.96 1254.0
1337616910.97 1217.0
1337616910.97 1213.0
1337616910.98 1208.0
1337616910.98 1153.0
1337616910.99 1176.0
1337616910.99 1164.0
1337616911.01 1159.0
1337616911.01 1146.0
1337616911.01 1137.0
1337616911.01 1129.0
1337616911.02 1086.0
1337616911.02 1087.0
1337616911.03 1062.0
1337616911.03 1032.0
1337616911.04 1025.0
1337616911.04 1013.0
1337616911.05 998.0
1337616911.05 975.0
1337616911.06 964.0
1337616911.06 951.0
1337616911.07 920.0
1337616911.07 904.0
1337616911.08 877.0
1337616911.09 831.0
1337616911.09 818.0
1337616911.09 786.0
1337616911.1 757.0
1337616911.1 746.0
1337616911.11 722.0
1337616911.11 705.0
1337616911.12 685.0
1337616911.12 677.0
1337616911.13 654.0
1337616911.13 629.0
1337616911.14 632.0
1337616911.14 612.0
1337616911.15 572.0
1337616911.15 576.0
1337616911.16 551.0
1337616911.17 534.0
1337616911.17 532.0
1337616911.17 523.0
1337616911.18 522.0
1337616911.18 469.0
1337616911.19 475.0
1337616911.19 439.0
1337616911.2 404.0
1337616911.2 401.0
1337616911.21 366.0
1337616911.21 379.0
1337616911.22 337.0
1337616911.22 328.0
1337616911.23 303.0
1337616911.23 279.0
1337616911.24 293.0
1337616911.24 263.0
1337616911.25 259.0
1337616911.25 238.0
1337616911.26 223.0
1337616911.27 232.0
1337616911.27 240.0
1337616911.27 243.0
1337616911.28 248.0
1337616911.28 230.0
1337616911.29 243.0
1337616911.29 230.0
1337616911.3 191.0
1337616911.3 215.0
1337616911.31 186.0
1337616911.31 196.0
1337616911.32 211.0
1337616911.32 217.0
1337616911.33 233.0
1337616911.34 201.0
1337616911.34 209.0
1337616911.34 184.0
1337616911.35 171.0
1337616911.35 181.0
1337616911.35 178.0
1337616911.36 207.0
1337616911.36 202.0
1337616911.37 218.0
1337616911.37 210.0
1337616911.38 216.0
1337616911.39 239.0
1337616911.39 236.0
1337616911.4 251.0
1337616911.4 239.0
1337616911.41 253.0
1337616911.42 245.0
1337616911.42 263.0
1337616911.42 277.0
1337616911.43 280.0
1337616911.43 302.0
1337616911.44 319.0
1337616911.44 341.0
1337616911.45 315.0
1337616911.45 332.0
1337616911.46 328.0
1337616911.46 326.0
1337616911.47 362.0
1337616911.47 371.0
1337616911.47 395.0
1337616911.48 388.0
1337616911.48 404.0
1337616911.49 403.0
1337616911.51 395.0
1337616911.51 398.0
1337616911.51 382.0
1337616911.51 384.0
1337616911.52 360.0
1337616911.52 364.0
1337616911.52 332.0
1337616911.53 306.0
1337616911.54 307.0
1337616911.54 267.0
1337616911.54 257.0
1337616911.55 221.0
1337616911.56 190.0
1337616911.56 160.0
1337616911.57 135.0
1337616911.57 117.0
1337616911.57 83.0
1337616911.59 69.0
1337616911.59 35.0
1337616911.6 22.0
1337616911.6 -16.0
1337616911.6 -32.0
1337616911.61 -50.0
1337616911.61 -106.0
1337616911.61 -100.0
1337616911.62 -145.0
1337616911.62 -172.0
1337616911.63 -196.0
1337616911.63 -237.0
1337616911.64 -267.0
1337616911.64 -319.0
1337616911.65 -310.0
1337616911.66 -352.0
1337616911.66 -384.0
1337616911.67 -374.0
1337616911.67 -400.0
1337616911.68 -421.0
1337616911.68 -420.0
1337616911.68 -414.0
1337616911.7 -463.0
1337616911.7 -463.0
1337616911.7 -479.0
1337616911.71 -539.0
1337616911.72 -543.0
1337616911.72 -582.0
1337616911.72 -588.0
1337616911.72 -622.0
1337616911.73 -629.0
1337616911.73 -620.0
1337616911.74 -665.0
1337616911.74 -644.0
1337616911.75 -670.0
1337616911.75 -690.0
1337616911.77 -693.0
1337616911.77 -704.0
1337616911.77 -718.0
1337616911.78 -743.0
1337616911.78 -736.0
1337616911.78 -801.0
1337616911.79 -817.0
1337616911.79 -814.0
1337616911.8 -874.0
1337616911.8 -884.0
1337616911.81 -874.0
1337616911.82 -885.0
1337616911.82 -925.0
1337616911.82 -894.0
1337616911.83 -911.0
1337616911.83 -963.0
1337616911.84 -904.0
1337616911.84 -909.0
1337616911.85 -941.0
1337616911.85 -920.0
1337616911.87 -925.0
1337616911.87 -942.0
1337616911.87 -942.0
1337616911.88 -925.0
1337616911.88 -941.0
1337616911.88 -948.0
1337616911.89 -922.0
1337616911.89 -937.0
1337616911.9 -948.0
1337616911.9 -915.0
1337616911.91 -925.0
1337616911.91 -945.0
1337616911.92 -908.0
1337616911.92 -902.0
1337616911.93 -924.0
1337616911.93 -894.0
1337616911.94 -860.0
1337616911.95 -895.0
1337616911.95 -875.0
1337616911.95 -840.0
1337616911.97 -891.0
1337616911.97 -867.0
1337616911.97 -831.0
1337616911.98 -864.0
1337616911.98 -853.0
1337616911.98 -831.0
1337616911.99 -854.0
1337616911.99 -856.0
1337616912.0 -823.0
1337616912.0 -825.0
1337616912.01 -849.0
1337616912.01 -807.0
1337616912.02 -798.0
1337616912.02 -841.0
1337616912.03 -800.0
1337616912.03 -809.0
1337616912.04 -851.0
1337616912.06 -827.0
1337616912.06 -827.0
1337616912.06 -831.0
1337616912.06 -830.0
1337616912.07 -821.0
1337616912.07 -813.0
1337616912.07 -826.0
1337616912.08 -801.0
1337616912.08 -798.0
1337616912.09 -807.0
1337616912.09 -789.0
1337616912.1 -789.0
1337616912.1 -783.0
1337616912.11 -768.0
1337616912.12 -753.0
1337616912.12 -755.0
1337616912.12 -742.0
1337616912.14 -696.0
1337616912.14 -690.0
1337616912.14 -659.0
1337616912.14 -603.0
1337616912.15 -599.0
1337616912.16 -583.0
1337616912.16 -533.0
1337616912.16 -507.0
1337616912.17 -499.0
1337616912.18 -445.0
1337616912.18 -390.0
1337616912.18 -372.0
1337616912.19 -334.0
1337616912.2 -273.0
1337616912.2 -239.0
1337616912.2 -211.0
1337616912.21 -155.0
1337616912.21 -120.0
1337616912.22 -93.0
1337616912.22 -44.0
1337616912.24 2.0
1337616912.24 51.0
1337616912.25 107.0
1337616912.25 156.0
1337616912.25 206.0
1337616912.26 259.0
1337616912.26 295.0
1337616912.26 327.0
1337616912.27 374.0
1337616912.27 423.0
1337616912.28 436.0
1337616912.29 488.0
1337616912.29 528.0
1337616912.3 532.0
1337616912.3 584.0
1337616912.31 615.0
1337616912.31 641.0
1337616912.33 658.0
1337616912.33 667.0
1337616912.33 685.0
1337616912.33 704.0
1337616912.33 728.0
1337616912.34 739.0
1337616912.35 787.0
1337616912.35 820.0
1337616912.35 799.0
1337616912.36 859.0
1337616912.36 876.0
1337616912.37 852.0
1337616912.37 915.0
1337616912.38 929.0
1337616912.38 931.0
1337616912.39 964.0
1337616912.39 1004.0
1337616912.4 1012.0
1337616912.4 1021.0
1337616912.41 1062.0
1337616912.43 1067.0
1337616912.43 1076.0
1337616912.44 1098.0
1337616912.44 1093.0
1337616912.44 1090.0
1337616912.44 1102.0
1337616912.45 1105.0
1337616912.45 1099.0
1337616912.45 1111.0
1337616912.46 1114.0
1337616912.46 1120.0
1337616912.47 1126.0
1337616912.47 1145.0
1337616912.48 1130.0
1337616912.49 1117.0
1337616912.49 1164.0
1337616912.51 1140.0
1337616912.51 1162.0
1337616912.51 1163.0
1337616912.51 1164.0
1337616912.51 1176.0
1337616912.53 1171.0
1337616912.53 1198.0
1337616912.53 1162.0
1337616912.53 1159.0
1337616912.54 1145.0
1337616912.54 1117.0
1337616912.55 1123.0
1337616912.55 1103.0
1337616912.56 1098.0
1337616912.57 1111.0
1337616912.57 1094.0
1337616912.57 1084.0
1337616912.6 1087.0
1337616912.6 1051.0
1337616912.6 1044.0
1337616912.6 1035.0
1337616912.61 1029.0
1337616912.61 1014.0
1337616912.61 998.0
1337616912.62 1020.0
1337616912.62 969.0
1337616912.62 996.0
1337616912.63 984.0
1337616912.63 929.0
1337616912.64 954.0
1337616912.64 918.0
1337616912.65 886.0
1337616912.65 876.0
1337616912.66 866.0
1337616912.68 837.0
1337616912.68 827.0
1337616912.68 836.0
1337616912.68 797.0
1337616912.68 777.0
1337616912.69 792.0
1337616912.69 761.0
1337616912.7 724.0
1337616912.7 730.0
1337616912.71 699.0
1337616912.71 669.0
1337616912.72 678.0
1337616912.72 667.0
1337616912.73 646.0
1337616912.74 639.0
1337616912.74 641.0
1337616912.76 624.0
1337616912.76 610.0
1337616912.76 606.0
1337616912.76 597.0
1337616912.76 607.0
1337616912.77 608.0
1337616912.77 618.0
1337616912.78 623.0
1337616912.79 622.0
1337616912.79 629.0
1337616912.8 625.0
1337616912.8 615.0
1337616912.81 605.0
1337616912.81 587.0
1337616912.82 598.0
1337616912.83 600.0
1337616912.83 591.0
1337616912.83 616.0
1337616912.83 604.0
1337616912.84 608.0
1337616912.84 610.0
1337616912.85 602.0
1337616912.85 599.0
1337616912.86 581.0
1337616912.86 590.0
1337616912.87 590.0
1337616912.87 601.0
1337616912.87 608.0
1337616912.88 600.0
1337616912.89 615.0
1337616912.89 614.0
1337616912.9 589.0
1337616912.9 599.0
1337616912.91 590.0
1337616912.92 555.0
1337616912.92 571.0
1337616912.92 570.0
1337616912.93 555.0
1337616912.93 556.0
1337616912.94 562.0
1337616912.94 578.0
1337616912.94 549.0
1337616912.95 561.0
1337616912.95 557.0
1337616912.96 516.0
1337616912.96 535.0
1337616912.97 523.0
1337616912.97 509.0
1337616912.98 505.0
1337616912.99 494.0
1337616913.0 486.0
1337616913.0 467.0
1337616913.0 471.0
1337616913.01 432.0
1337616913.01 408.0
1337616913.01 405.0
1337616913.02 349.0
1337616913.02 349.0
1337616913.03 321.0
1337616913.03 295.0
1337616913.04 288.0
1337616913.05 232.0
1337616913.05 220.0
1337616913.05 172.0
1337616913.06 129.0
1337616913.07 102.0
1337616913.07 57.0
1337616913.08 57.0
1337616913.08 14.0
1337616913.09 0.0
1337616913.1 -15.0
1337616913.1 -64.0
1337616913.1 -60.0
1337616913.11 -93.0
1337616913.11 -119.0
1337616913.11 -143.0
1337616913.12 -184.0
1337616913.13 -222.0
1337616913.13 -261.0
1337616913.13 -276.0
1337616913.14 -300.0
1337616913.14 -321.0
1337616913.15 -319.0
1337616913.15 -345.0
1337616913.16 -405.0
1337616913.16 -403.0
1337616913.17 -437.0
1337616913.19 -509.0
1337616913.19 -521.0
1337616913.19 -560.0
1337616913.19 -623.0
1337616913.2 -654.0
1337616913.2 -688.0
1337616913.2 -738.0
1337616913.21 -774.0
1337616913.21 -797.0
1337616913.22 -801.0
1337616913.22 -862.0
1337616913.23 -862.0
1337616913.23 -886.0
1337616913.24 -967.0
1337616913.24 -936.0
1337616913.25 -1009.0
1337616913.25 -1063.0
1337616913.27 -1074.0
1337616913.27 -1125.0
1337616913.27 -1168.0
1337616913.28 -1200.0
1337616913.28 -1194.0
1337616913.28 -1278.0
1337616913.29 -1295.0
1337616913.29 -1293.0
1337616913.3 -1353.0
1337616913.3 -1371.0
1337616913.31 -1381.0
1337616913.31 -1415.0
1337616913.32 -1468.0
1337616913.33 -1475.0
1337616913.34 -1521.0
1337616913.34 -1569.0
1337616913.34 -1574.0
1337616913.34 -1613.0
1337616913.35 -1644.0
1337616913.35 -1646.0
1337616913.36 -1684.0
1337616913.36 -1717.0
1337616913.37 -1729.0
1337616913.37 -1764.0
1337616913.38 -1776.0
1337616913.38 -1807.0
1337616913.39 -1797.0
1337616913.39 -1800.0
1337616913.4 -1850.0
1337616913.41 -1821.0
1337616913.42 -1822.0
1337616913.42 -1855.0
1337616913.42 -1840.0
1337616913.43 -1836.0
1337616913.43 -1854.0
1337616913.43 -1840.0
1337616913.44 -1839.0
1337616913.44 -1835.0
1337616913.45 -1821.0
1337616913.45 -1810.0
1337616913.46 -1790.0
1337616913.46 -1804.0
1337616913.47 -1795.0
1337616913.47 -1788.0
1337616913.48 -1803.0
1337616913.48 -1766.0
1337616913.5 -1742.0
1337616913.5 -1793.0
1337616913.5 -1764.0
1337616913.5 -1740.0
1337616913.51 -1796.0
1337616913.51 -1767.0
1337616913.52 -1748.0
1337616913.52 -1778.0
1337616913.53 -1772.0
1337616913.53 -1749.0
1337616913.54 -1766.0
1337616913.54 -1767.0
1337616913.55 -1738.0
1337616913.55 -1748.0
1337616913.56 -1756.0
1337616913.56 -1708.0
1337616913.57 -1728.0
1337616913.58 -1750.0
1337616913.58 -1679.0
1337616913.58 -1696.0
1337616913.59 -1710.0
1337616913.59 -1653.0
1337616913.6 -1633.0
1337616913.6 -1660.0
1337616913.61 -1586.0
1337616913.61 -1557.0
1337616913.62 -1596.0
1337616913.62 -1512.0
1337616913.63 -1496.0
1337616913.63 -1511.0
1337616913.64 -1451.0
1337616913.65 -1424.0
1337616913.65 -1455.0
1337616913.66 -1408.0
1337616913.66 -1371.0
1337616913.66 -1423.0
1337616913.67 -1382.0
1337616913.67 -1334.0
1337616913.68 -1379.0
1337616913.68 -1345.0
1337616913.69 -1287.0
1337616913.69 -1337.0
1337616913.7 -1296.0
1337616913.7 -1226.0
1337616913.71 -1252.0
1337616913.71 -1217.0
1337616913.72 -1137.0
1337616913.72 -1165.0
1337616913.73 -1137.0
1337616913.73 -1034.0
1337616913.75 -1067.0
1337616913.75 -1034.0
1337616913.75 -951.0
1337616913.75 -971.0
1337616913.76 -939.0
1337616913.76 -849.0
1337616913.77 -854.0
1337616913.77 -851.0
1337616913.78 -747.0
1337616913.78 -751.0
1337616913.79 -740.0
1337616913.79 -647.0
1337616913.8 -651.0
1337616913.8 -643.0
1337616913.82 -544.0
1337616913.82 -539.0
1337616913.82 -543.0
1337616913.83 -450.0
1337616913.83 -460.0
1337616913.83 -445.0
1337616913.84 -347.0
1337616913.84 -347.0
1337616913.85 -341.0
1337616913.85 -260.0
1337616913.86 -257.0
1337616913.86 -260.0
1337616913.87 -194.0
1337616913.87 -177.0
1337616913.88 -188.0
1337616913.88 -127.0
1337616913.89 -106.0
1337616913.9 -114.0
1337616913.9 -49.0
1337616913.91 -44.0
1337616913.91 -52.0
1337616913.91 0.0
1337616913.92 2.0
1337616913.92 -13.0
1337616913.93 43.0
1337616913.93 44.0
1337616913.94 21.0
1337616913.94 36.0
1337616913.95 39.0
1337616913.95 18.0
1337616913.96 13.0
1337616913.96 23.0
1337616913.97 -8.0
1337616913.99 8.0
1337616913.99 1.0
1337616913.99 -19.0
1337616913.99 -29.0
1337616913.99 -60.0
1337616914.0 -70.0
1337616914.0 -89.0
1337616914.01 -107.0
1337616914.01 -126.0
1337616914.02 -180.0
1337616914.02 -183.0
1337616914.03 -190.0
1337616914.04 -249.0
1337616914.04 -258.0
1337616914.04 -272.0
1337616914.05 -328.0
1337616914.05 -361.0
1337616914.07 -375.0
1337616914.07 -467.0
1337616914.07 -501.0
1337616914.07 -508.0
1337616914.08 -578.0
1337616914.08 -602.0
1337616914.09 -611.0
1337616914.09 -691.0
1337616914.1 -727.0
1337616914.1 -714.0
1337616914.11 -825.0
1337616914.11 -864.0
1337616914.12 -863.0
1337616914.12 -952.0
1337616914.13 -988.0
1337616914.13 -1001.0
1337616914.15 -1094.0
1337616914.15 -1137.0
1337616914.15 -1122.0
1337616914.15 -1190.0
1337616914.16 -1246.0
1337616914.16 -1220.0
1337616914.17 -1317.0
1337616914.17 -1351.0
1337616914.18 -1338.0
1337616914.18 -1402.0
1337616914.19 -1421.0
1337616914.19 -1414.0
1337616914.2 -1449.0
1337616914.2 -1488.0
1337616914.21 -1470.0
1337616914.21 -1493.0
1337616914.22 -1557.0
1337616914.22 -1519.0
1337616914.23 -1530.0
1337616914.23 -1577.0
1337616914.24 -1537.0
1337616914.24 -1559.0
1337616914.25 -1584.0
1337616914.25 -1578.0
1337616914.26 -1550.0
1337616914.26 -1588.0
1337616914.27 -1577.0
1337616914.27 -1525.0
1337616914.28 -1584.0
1337616914.28 -1566.0
1337616914.29 -1542.0
1337616914.29 -1594.0
1337616914.3 -1575.0
1337616914.32 -1561.0
1337616914.32 -1616.0
1337616914.32 -1658.0
1337616914.32 -1636.0
1337616914.32 -1688.0
1337616914.33 -1741.0
1337616914.33 -1697.0
1337616914.34 -1740.0
1337616914.34 -1812.0
1337616914.35 -1760.0
1337616914.35 -1795.0
1337616914.37 -1850.0
1337616914.37 -1797.0
1337616914.37 -1848.0
1337616914.37 -1905.0
1337616914.38 -1856.0
1337616914.38 -1878.0
1337616914.39 -1936.0
1337616914.39 -1886.0
1337616914.4 -1905.0
1337616914.4 -1970.0
1337616914.41 -1897.0
1337616914.41 -1903.0
1337616914.42 -1960.0
1337616914.42 -1895.0
1337616914.43 -1889.0
1337616914.43 -1936.0
1337616914.44 -1864.0
1337616914.44 -1843.0
1337616914.45 -1862.0
1337616914.45 -1775.0
1337616914.46 -1759.0
1337616914.46 -1775.0
1337616914.47 -1688.0
1337616914.47 -1652.0
1337616914.48 -1653.0
1337616914.48 -1571.0
1337616914.5 -1554.0
1337616914.5 -1548.0
1337616914.5 -1478.0
1337616914.5 -1451.0
1337616914.51 -1437.0
1337616914.51 -1368.0
1337616914.52 -1338.0
1337616914.52 -1309.0
1337616914.53 -1252.0
1337616914.53 -1216.0
1337616914.54 -1176.0
1337616914.54 -1139.0
1337616914.55 -1082.0
1337616914.55 -1054.0
1337616914.56 -1017.0
1337616914.56 -967.0
1337616914.57 -927.0
1337616914.58 -887.0
1337616914.58 -830.0
1337616914.59 -786.0
1337616914.59 -761.0
1337616914.59 -703.0
1337616914.6 -656.0
1337616914.6 -665.0
1337616914.61 -596.0
1337616914.61 -550.0
1337616914.62 -562.0
1337616914.62 -487.0
1337616914.63 -450.0
1337616914.63 -459.0
1337616914.63 -391.0
1337616914.64 -354.0
1337616914.64 -381.0
1337616914.65 -305.0
1337616914.66 -253.0
1337616914.66 -285.0
1337616914.67 -199.0
1337616914.67 -165.0
1337616914.68 -224.0
1337616914.68 -133.0
1337616914.69 -117.0
1337616914.69 -170.0
1337616914.69 -124.0
1337616914.7 -122.0
1337616914.71 -194.0
1337616914.71 -142.0
1337616914.71 -125.0
1337616914.72 -200.0
1337616914.72 -146.0
1337616914.73 -129.0
1337616914.75 -204.0
1337616914.75 -122.0
1337616914.76 -118.0
1337616914.76 -189.0
1337616914.76 -115.0
1337616914.76 -129.0
1337616914.77 -176.0
1337616914.77 -114.0
1337616914.77 -120.0
1337616914.78 -151.0
1337616914.78 -86.0
1337616914.79 -91.0
1337616914.79 -104.0
1337616914.8 -47.0
1337616914.8 -39.0
1337616914.81 -42.0
1337616914.82 4.0
1337616914.83 3.0
1337616914.83 -1.0
1337616914.83 37.0
1337616914.84 67.0
1337616914.84 66.0
1337616914.84 101.0
1337616914.85 105.0
1337616914.86 118.0
1337616914.86 147.0
1337616914.86 156.0
1337616914.87 184.0
1337616914.87 197.0
1337616914.88 239.0
1337616914.89 259.0
1337616914.89 254.0
1337616914.89 328.0
1337616914.9 365.0
1337616914.92 356.0
1337616914.92 417.0
1337616914.92 452.0
1337616914.92 457.0
1337616914.93 537.0
1337616914.93 556.0
1337616914.93 524.0
1337616914.94 605.0
1337616914.94 621.0
1337616914.95 586.0
1337616914.95 665.0
1337616914.96 669.0
1337616914.96 608.0
1337616914.97 681.0
1337616914.97 674.0
1337616914.98 604.0
1337616915.0 677.0
1337616915.0 641.0
1337616915.0 569.0
1337616915.0 655.0
1337616915.01 624.0
1337616915.01 582.0
1337616915.01 636.0
1337616915.02 589.0
1337616915.02 559.0
1337616915.03 646.0
1337616915.03 638.0
1337616915.04 606.0
1337616915.04 674.0
1337616915.05 671.0
1337616915.05 667.0
1337616915.06 750.0
1337616915.06 724.0
1337616915.08 728.0
1337616915.08 788.0
1337616915.08 787.0
1337616915.08 797.0
1337616915.09 846.0
1337616915.09 845.0
1337616915.1 847.0
1337616915.1 879.0
1337616915.11 872.0
1337616915.11 883.0
1337616915.12 887.0
1337616915.12 893.0
1337616915.13 909.0
1337616915.13 892.0
1337616915.14 920.0
1337616915.14 905.0
1337616915.15 862.0
1337616915.18 897.0
1337616915.18 871.0
1337616915.18 828.0
1337616915.18 878.0
1337616915.18 843.0
1337616915.18 789.0
1337616915.18 831.0
1337616915.19 783.0
1337616915.19 733.0
1337616915.2 799.0
1337616915.2 741.0
1337616915.21 672.0
1337616915.21 737.0
1337616915.22 667.0
1337616915.23 632.0
1337616915.23 704.0
1337616915.23 625.0
1337616915.25 607.0
1337616915.25 656.0
1337616915.25 580.0
1337616915.26 556.0
1337616915.26 603.0
1337616915.26 552.0
1337616915.27 511.0
1337616915.27 579.0
1337616915.28 501.0
1337616915.29 489.0
1337616915.29 548.0
1337616915.3 464.0
1337616915.3 485.0
1337616915.3 527.0
1337616915.31 444.0
1337616915.32 447.0
1337616915.32 471.0
1337616915.33 435.0
1337616915.33 428.0
1337616915.35 465.0
1337616915.35 405.0
1337616915.35 400.0
1337616915.35 435.0
1337616915.35 367.0
1337616915.36 383.0
1337616915.36 422.0
1337616915.37 378.0
1337616915.37 396.0
1337616915.38 418.0
1337616915.38 401.0
1337616915.39 416.0
1337616915.39 439.0
1337616915.4 414.0
1337616915.43 429.0
1337616915.43 443.0
1337616915.43 413.0
1337616915.43 427.0
1337616915.43 424.0
1337616915.43 447.0
1337616915.43 442.0
1337616915.44 439.0
1337616915.44 473.0
1337616915.47 466.0
1337616915.47 470.0
1337616915.47 494.0
1337616915.47 484.0
1337616915.47 491.0
1337616915.48 529.0
1337616915.48 518.0
1337616915.49 511.0
1337616915.49 602.0
1337616915.49 567.0
1337616915.5 572.0
1337616915.51 665.0
1337616915.51 617.0
1337616915.51 669.0
1337616915.52 751.0
1337616915.52 718.0
