1337616901.71 15.887761116
1337616901.71 17.4357204437
1337616901.71 19.6505470276
1337616901.72 20.9460887909
1337616901.72 22.2787227631
1337616901.73 22.2537250519
1337616901.74 18.4536705017
1337616901.74 15.7815561295
1337616901.75 20.121591568
1337616901.75 24.0897464752
1337616901.76 24.9793834686
1337616901.76 24.2660140991
1337616901.76 22.3186454773
1337616901.77 18.2150306702
1337616901.78 16.6386260986
1337616901.78 15.0693912506
1337616901.79 11.1121425629
1337616901.79 12.0327472687
1337616901.79 9.86986541748
1337616901.81 5.54493379593
1337616901.81 6.88173341751
1337616901.81 6.17031764984
1337616901.81 6.749376297
1337616901.82 11.8062181473
1337616901.83 11.6272239685
1337616901.83 12.3441953659
1337616901.84 16.2105197906
1337616901.84 18.6858177185
1337616901.85 15.8791942596
1337616901.85 13.5255022049
1337616901.87 10.0993442535
1337616901.87 11.8569545746
1337616901.87 13.3755149841
1337616901.87 14.949092865
1337616901.88 12.9593477249
1337616901.88 13.1605424881
1337616901.89 16.6808624268
1337616901.89 19.0407142639
1337616901.9 19.6991252899
1337616901.9 21.6554203033
1337616901.91 16.2886486053
1337616901.92 17.0593261719
1337616901.92 21.8196601868
1337616901.92 20.7654075623
1337616901.93 20.5658283234
1337616901.93 20.3277187347
1337616901.93 17.0339260101
1337616901.94 16.3132076263
1337616901.94 18.1735916138
1337616901.95 15.7465953827
1337616901.96 14.7807502747
1337616901.96 15.6605939865
1337616901.97 15.9601507187
1337616901.98 15.4686574936
1337616901.98 10.4177074432
1337616901.98 3.08830666542
1337616901.99 -3.62882423401
1337616901.99 -6.66313695908
1337616902.0 -2.69817090034
1337616902.0 -3.24426364899
1337616902.0 0.178823545575
1337616902.01 4.31578493118
1337616902.02 3.58000850677
1337616902.03 9.63385009766
1337616902.03 13.4285612106
1337616902.04 12.2464389801
1337616902.04 15.446354866
1337616902.04 17.3692016602
1337616902.05 13.2074813843
1337616902.05 14.6000232697
1337616902.05 15.5938615799
1337616902.06 10.7114467621
1337616902.06 8.14557743073
1337616902.08 7.64371299744
1337616902.08 4.98559856415
1337616902.08 5.85212659836
1337616902.09 8.81004524231
1337616902.09 4.76987981796
1337616902.09 2.79871749878
1337616902.1 4.4363951683
1337616902.11 3.19236016273
1337616902.11 4.18683242798
1337616902.11 6.20405292511
1337616902.12 5.42072868347
1337616902.12 2.74435544014
1337616902.13 12.6623191833
1337616902.15 19.5031051636
1337616902.15 23.2781848907
1337616902.15 33.0997085571
1337616902.16 31.3218612671
1337616902.16 26.0811500549
1337616902.16 27.1071777344
1337616902.17 27.2321777344
1337616902.17 23.8848419189
1337616902.2 28.2754917145
1337616902.2 31.1411724091
1337616902.2 26.2006416321
1337616902.2 26.1305141449
1337616902.2 23.9610748291
1337616902.2 18.1223888397
1337616902.21 19.5018615723
1337616902.21 18.6332702637
1337616902.21 13.2828302383
1337616902.24 11.9573202133
1337616902.24 13.5584344864
1337616902.25 15.1774120331
1337616902.25 10.7940483093
1337616902.25 11.1824483871
1337616902.31 15.312005043
1337616902.31 12.8457145691
1337616902.31 9.69358062744
1337616902.31 9.18313503265
1337616902.31 4.15925598145
1337616902.31 2.46177840233
1337616902.32 5.77998304367
1337616902.32 4.25643253326
1337616902.32 3.26030778885
1337616902.32 4.49298763275
1337616902.32 1.89846515656
1337616902.32 0.0882620066404
1337616902.33 0.477604568005
1337616902.33 -2.13047766685
1337616902.33 -5.10062599182
1337616902.33 2.95709180832
1337616902.34 8.47230625153
1337616902.34 8.68806838989
1337616902.34 15.9150667191
1337616902.35 20.7607536316
1337616902.36 18.8098773956
1337616902.36 22.981098175
1337616902.37 24.2406749725
1337616902.37 19.4659099579
1337616902.37 21.7412338257
1337616902.38 18.0206184387
1337616902.38 12.7304420471
1337616902.39 14.3648462296
1337616902.39 13.3787956238
1337616902.41 3.89204645157
1337616902.41 -0.0423887893558
1337616902.41 -2.73434615135
1337616902.42 -8.98849582672
1337616902.42 -8.06290721893
1337616902.43 -6.42101860046
1337616902.43 -13.3426532745
1337616902.43 -13.1779117584
1337616902.44 -10.8978271484
1337616902.44 -13.2556991577
1337616902.45 -8.91571903229
1337616902.46 -6.88627099991
1337616902.46 -11.6944999695
1337616902.46 -11.1628227234
1337616902.47 -7.44690132141
1337616902.47 -8.88290882111
1337616902.48 -9.67409610748
1337616902.49 -8.71265697479
1337616902.49 -13.1380748749
1337616902.5 -13.3062753677
1337616902.5 -5.55594110489
1337616902.51 -3.97090005875
1337616902.51 -2.82829475403
1337616902.52 -0.124351985753
1337616902.52 -7.08042430878
1337616902.52 -10.6425952911
1337616902.53 -7.72190475464
1337616902.53 -8.89084339142
1337616902.55 -11.7313489914
1337616902.55 -11.2744998932
1337616902.56 -11.1086339951
1337616902.56 -9.75086116791
1337616902.56 -6.01719665527
1337616902.56 -5.50171899796
1337616902.57 -9.81366443634
1337616902.57 -12.1853017807
1337616902.58 -11.4161539078
1337616902.58 -15.6589927673
1337616902.59 -16.7345199585
1337616902.6 -17.8359413147
1337616902.6 -24.495973587
1337616902.62 -26.6177501678
1337616902.62 -25.6243877411
1337616902.62 -27.5239753723
1337616902.62 -30.067401886
1337616902.62 -32.091835022
1337616902.63 -38.3240127563
1337616902.64 -40.4917678833
1337616902.64 -38.3957176208
1337616902.64 -43.2133522034
1337616902.65 -44.474395752
1337616902.66 -41.9440536499
1337616902.66 -43.8343429565
1337616902.66 -43.9780960083
1337616902.69 -41.6702575684
1337616902.69 -46.5611763
1337616902.69 -54.7314872742
1337616902.69 -58.5013961792
1337616902.7 -64.8340530396
1337616902.7 -68.7586288452
1337616902.7 -69.5864334106
1337616902.7 -75.1755218506
1337616902.71 -77.1052856445
1337616902.72 -75.3601531982
1337616902.72 -76.8240814209
1337616902.73 -77.0162582397
1337616902.73 -75.4868392944
1337616902.73 -76.513381958
1337616902.76 -75.2785186768
1337616902.76 -74.5452270508
1337616902.76 -74.6511688232
1337616902.76 -73.2854232788
1337616902.77 -72.8000411987
1337616902.77 -76.3599624634
1337616902.77 -80.4281768799
1337616902.77 -84.7312240601
1337616902.78 -88.7878875732
1337616902.78 -90.4227371216
1337616902.79 -91.3534088135
1337616902.8 -91.4719085693
1337616902.81 -92.9286956787
1337616902.83 -96.8899078369
1337616902.83 -97.0620422363
1337616902.84 -97.4162750244
1337616902.84 -98.654296875
1337616902.84 -97.2104187012
1337616902.85 -94.4699554443
1337616902.85 -92.9367980957
1337616902.86 -88.8045425415
1337616902.86 -85.803314209
1337616902.86 -82.6965866089
1337616902.87 -79.8678665161
1337616902.87 -78.3821716309
1337616902.87 -82.7009124756
1337616902.95 -85.3956832886
1337616902.95 -88.392074585
1337616902.95 -91.6843261719
1337616902.96 -91.4333877563
1337616902.96 -89.7680053711
1337616902.96 -89.3357543945
1337616902.96 -89.1411819458
1337616902.96 -90.1396102905
1337616902.96 -92.72315979
1337616902.96 -96.7851104736
1337616902.96 -98.3336868286
1337616902.98 -98.559967041
1337616902.98 -97.1557769775
1337616902.98 -96.7510910034
1337616902.98 -96.2692337036
1337616902.99 -97.4399871826
1337616902.99 -94.4115829468
1337616902.99 -89.5782241821
1337616902.99 -87.3216323853
1337616902.99 -85.066734314
1337616902.99 -85.4861221313
1337616902.99 -88.0697021484
1337616902.99 -81.1413421631
1337616902.99 -72.4416427612
1337616902.99 -68.0160369873
1337616903.0 -69.0865097046
1337616903.0 -70.2424621582
1337616903.01 -72.1054000854
1337616903.01 -72.1954040527
1337616903.01 -66.6511230469
1337616903.02 -68.0357513428
1337616903.02 -70.3913040161
1337616903.03 -65.4078903198
1337616903.03 -63.7473335266
1337616903.04 -57.8779144287
1337616903.04 -50.2918052673
1337616903.06 -49.1500701904
1337616903.06 -48.7811088562
1337616903.06 -47.4498023987
1337616903.06 -45.9189949036
1337616903.07 -46.7176094055
1337616903.07 -46.1266136169
1337616903.08 -49.1606063843
1337616903.09 -51.4770507812
1337616903.09 -47.0310668945
1337616903.1 -47.4889640808
1337616903.1 -50.0085411072
1337616903.1 -51.9141235352
1337616903.11 -54.2270126343
1337616903.11 -50.5936164856
1337616903.12 -45.3727149963
1337616903.12 -43.5737304688
1337616903.13 -46.9031066895
1337616903.13 -48.2411422729
1337616903.15 -44.4297485352
1337616903.15 -45.7492141724
1337616903.15 -44.0372581482
1337616903.15 -43.418170929
1337616903.16 -44.3727226257
1337616903.16 -42.5708198547
1337616903.17 -38.1259422302
1337616903.17 -36.9414787292
1337616903.18 -37.6555366516
1337616903.18 -35.2991752625
1337616903.19 -37.2278404236
1337616903.19 -41.1549530029
1337616903.2 -38.6462783813
1337616903.2 -42.1888046265
1337616903.21 -45.4535484314
1337616903.21 -41.9705696106
1337616903.22 -43.8660545349
1337616903.22 -43.3676567078
1337616903.23 -35.7025222778
1337616903.23 -34.2633590698
1337616903.25 -35.0690536499
1337616903.25 -29.8932533264
1337616903.25 -29.824262619
1337616903.25 -31.2012958527
1337616903.26 -27.0149917603
1337616903.26 -28.1290512085
1337616903.27 -30.1962833405
1337616903.27 -27.9687652588
1337616903.28 -28.8339138031
1337616903.28 -31.6438560486
1337616903.29 -30.6948642731
1337616903.29 -31.3144550323
1337616903.3 -33.4864082336
1337616903.3 -33.6208190918
1337616903.31 -31.9222316742
1337616903.31 -32.306476593
1337616903.31 -33.2750968933
1337616903.32 -29.5562419891
1337616903.33 -28.527261734
1337616903.33 -30.4531917572
1337616903.34 -25.3588085175
1337616903.34 -28.4422779083
1337616903.35 -33.2329483032
1337616903.35 -28.7920856476
1337616903.36 -31.9251155853
1337616903.36 -28.9996871948
1337616903.37 -19.4021720886
1337616903.37 -23.5336437225
1337616903.38 -27.8923568726
1337616903.38 -24.080488205
1337616903.39 -25.6479091644
1337616903.4 -29.9640655518
1337616903.4 -26.5239982605
1337616903.4 -26.5743923187
1337616903.41 -30.5825824738
1337616903.41 -25.2406253815
1337616903.41 -24.3639793396
1337616903.42 -27.6745109558
1337616903.42 -20.7523136139
1337616903.43 -18.0536556244
1337616903.44 -19.0909614563
1337616903.44 -13.1366071701
1337616903.45 -10.2070960999
1337616903.45 -12.5081672668
1337616903.46 -8.87532615662
1337616903.46 -10.2665510178
1337616903.46 -16.4335899353
1337616903.47 -17.5713844299
1337616903.47 -15.719250679
1337616903.48 -20.3701610565
1337616903.48 -21.1808128357
1337616903.5 -19.9583511353
1337616903.51 -24.9419784546
1337616903.52 -25.720457077
1337616903.52 -24.8148536682
1337616903.52 -30.9976215363
1337616903.52 -34.0032463074
1337616903.52 -33.3867225647
1337616903.53 -37.3794746399
1337616903.54 -37.2715301514
1337616903.54 -34.1685180664
1337616903.54 -37.2367897034
1337616903.56 -39.2707328796
1337616903.56 -38.5529937744
1337616903.56 -43.1287651062
1337616903.57 -36.5837936401
1337616903.57 -27.8391246796
1337616903.57 -24.257900238
1337616903.58 -15.3745718002
1337616903.58 -14.8163280487
1337616903.59 -15.647646904
1337616903.59 -13.2819051743
1337616903.61 -11.9201698303
1337616903.61 -12.1760616302
1337616903.61 -10.831580162
1337616903.62 -12.4656124115
1337616903.62 -13.2387485504
1337616903.63 -11.2387170792
1337616903.63 -9.95247554779
1337616903.64 -10.0866804123
1337616903.64 -10.9293241501
1337616903.65 -12.7634305954
1337616903.66 -14.2800426483
1337616903.66 -13.3550043106
1337616903.66 -10.0186471939
1337616903.66 -9.81127929688
1337616903.67 -8.23997116089
1337616903.68 -6.45671606064
1337616903.68 -6.44135665894
1337616903.68 -6.1202583313
1337616903.69 -5.16283559799
1337616903.7 -2.5171687603
1337616903.71 -2.82815051079
1337616903.71 -5.07332277298
1337616903.71 -7.40925645828
1337616903.71 -10.4925584793
1337616903.72 -11.0985507965
1337616903.72 -9.89830684662
1337616903.73 -13.1363792419
1337616903.73 -16.7910728455
1337616903.74 -13.9730653763
1337616903.74 -12.8543787003
1337616903.76 -11.7185630798
1337616903.76 -6.61063337326
1337616903.76 -7.86066150665
1337616903.76 -10.2575216293
1337616903.77 -6.42920827866
1337616903.78 -3.90101289749
1337616903.78 -5.50332355499
1337616903.78 -1.37205290794
1337616903.79 -0.0238955821842
1337616903.79 0.752372801304
1337616903.8 5.33801078796
1337616903.81 6.74320316315
1337616903.81 5.59801197052
1337616903.81 8.04049301147
1337616903.82 9.85069274902
1337616903.82 5.68639421463
1337616903.83 3.85340690613
1337616903.83 3.85532665253
1337616903.84 -2.68185377121
1337616903.84 -5.25960636139
1337616903.86 -4.83722877502
1337616903.86 -2.32050657272
1337616903.86 -1.81891930103
1337616903.87 4.84444665909
1337616903.87 5.92176246643
1337616903.87 0.143257930875
1337616903.88 5.31304883957
1337616903.88 3.39143538475
1337616903.89 0.0754511505365
1337616903.89 4.1523475647
1337616903.91 0.177801340818
1337616903.92 0.27181199193
1337616903.92 8.46658611298
1337616903.92 9.72743606567
1337616903.92 9.18556690216
1337616903.93 15.3276720047
1337616903.93 18.2095127106
1337616903.94 17.3058948517
1337616903.94 21.9017906189
1337616903.94 23.8899288177
1337616903.96 21.7411937714
1337616903.96 22.9979991913
1337616903.96 21.8696346283
1337616903.96 15.7876853943
1337616903.97 12.7129087448
1337616903.98 13.1650753021
1337616903.98 7.77724838257
1337616903.99 5.86492443085
1337616903.99 10.7756376266
1337616903.99 7.76604938507
1337616904.0 8.41629505157
1337616904.0 12.5244941711
1337616904.01 9.45037651062
1337616904.02 9.76181030273
1337616904.03 14.9648313522
1337616904.03 16.4062328339
1337616904.03 18.6107196808
1337616904.04 20.6834583282
1337616904.04 20.7166500092
1337616904.04 23.6678924561
1337616904.05 25.9324741364
1337616904.05 31.4182796478
1337616904.06 28.9411945343
1337616904.06 27.6519641876
1337616904.07 28.8337211609
1337616904.07 26.3351192474
1337616904.08 30.4316310883
1337616904.09 37.7754325867
1337616904.1 37.0188903809
1337616904.1 38.9046325684
1337616904.1 41.2742881775
1337616904.1 40.2786216736
1337616904.11 43.0784187317
1337616904.11 35.929599762
1337616904.12 27.6270427704
1337616904.12 22.4592018127
1337616904.13 18.5794506073
1337616904.13 17.3355503082
1337616904.14 15.0689144135
1337616904.14 19.9665317535
1337616904.15 27.6241836548
1337616904.15 33.0282859802
1337616904.16 29.9177494049
1337616904.18 28.0526447296
1337616904.18 24.4455051422
1337616904.18 22.1710014343
1337616904.18 23.2258586884
1337616904.19 24.1408653259
1337616904.19 26.4048595428
1337616904.19 26.9042739868
1337616904.2 26.9029541016
1337616904.2 23.8591270447
1337616904.21 26.5681438446
1337616904.21 31.9588165283
1337616904.22 37.9285812378
1337616904.22 40.3016548157
1337616904.23 43.4302101135
1337616904.23 44.6196174622
1337616904.24 42.4784355164
1337616904.24 43.7718887329
1337616904.26 41.5508460999
1337616904.26 36.623588562
1337616904.26 29.787355423
1337616904.26 42.4729423523
1337616904.27 50.9788208008
1337616904.28 59.2885169983
1337616904.28 72.0128936768
1337616904.28 72.4231567383
1337616904.29 70.5341491699
1337616904.29 73.0041351318
1337616904.3 71.2863235474
1337616904.3 67.580291748
1337616904.31 65.3564910889
1337616904.31 60.1674842834
1337616904.32 54.5535621643
1337616904.33 55.1690788269
1337616904.33 58.6189689636
1337616904.34 56.5897369385
1337616904.34 54.6116447449
1337616904.35 56.363067627
1337616904.35 54.65102005
1337616904.35 53.1053161621
1337616904.36 55.8610725403
1337616904.36 47.036567688
1337616904.37 41.7426986694
1337616904.37 43.8123550415
1337616904.38 41.6540298462
1337616904.38 40.3483924866
1337616904.39 43.3910636902
1337616904.39 42.8362960815
1337616904.4 43.92445755
1337616904.4 48.4162254333
1337616904.41 51.1988067627
1337616904.41 47.1849021912
1337616904.42 46.0039329529
1337616904.42 45.4411239624
1337616904.44 41.6000175476
1337616904.44 39.0710906982
1337616904.44 38.0560302734
1337616904.44 35.0476455688
1337616904.45 33.6106796265
1337616904.45 37.5592956543
1337616904.46 34.3139419556
1337616904.46 34.2416877747
1337616904.47 37.148021698
1337616904.47 33.7863769531
1337616904.48 35.5334243774
1337616904.48 37.6469345093
1337616904.49 35.5903892517
1337616904.49 36.0607719421
1337616904.51 33.7175102234
1337616904.51 33.4117698669
1337616904.51 36.3020782471
1337616904.51 35.7225341797
1337616904.52 37.0299682617
1337616904.52 36.9779205322
1337616904.53 35.0801696777
1337616904.53 38.9228553772
1337616904.54 41.4154319763
1337616904.54 40.6756896973
1337616904.55 39.5465888977
1337616904.55 38.6921653748
1337616904.56 37.8411216736
1337616904.56 34.940574646
1337616904.57 33.1690483093
1337616904.57 28.4090461731
1337616904.59 19.9248218536
1337616904.59 19.6420326233
1337616904.59 16.3877658844
1337616904.59 12.2222185135
1337616904.6 15.6824512482
1337616904.6 12.7029209137
1337616904.61 10.3519954681
1337616904.61 19.8223934174
1337616904.62 23.3484039307
1337616904.62 22.1972579956
1337616904.63 24.1006259918
1337616904.63 23.1733875275
1337616904.64 21.1139278412
1337616904.64 21.8708305359
1337616904.65 19.8392543793
1337616904.65 14.1197471619
1337616904.66 11.3816232681
1337616904.67 20.4747619629
1337616904.67 25.1128063202
1337616904.68 30.6173038483
1337616904.68 33.9586906433
1337616904.68 29.5952472687
1337616904.69 26.8524951935
1337616904.69 29.7360630035
1337616904.7 32.549369812
1337616904.7 36.5809822083
1337616904.71 42.8068351746
1337616904.71 37.3910942078
1337616904.72 33.5903663635
1337616904.72 31.9059715271
1337616904.73 32.5868606567
1337616904.73 30.0344867706
1337616904.74 29.0867347717
1337616904.74 29.4279632568
1337616904.75 25.7689037323
1337616904.75 23.003868103
1337616904.76 22.4304180145
1337616904.76 17.7902755737
1337616904.77 17.0183334351
1337616904.78 18.714963913
1337616904.78 15.9424276352
1337616904.78 17.3201656342
1337616904.79 18.0020809174
1337616904.79 18.5163440704
1337616904.8 21.1219043732
1337616904.8 21.1204299927
1337616904.81 23.2940406799
1337616904.81 25.1403560638
1337616904.82 23.3567047119
1337616904.82 25.8879394531
1337616904.83 25.8067245483
1337616904.83 24.1828365326
1337616904.84 25.2644519806
1337616904.84 24.4635906219
1337616904.86 22.2791748047
1337616904.86 18.7189846039
1337616904.86 17.968421936
1337616904.86 14.513045311
1337616904.87 13.2062969208
1337616904.87 16.2717704773
1337616904.88 14.8734560013
1337616904.88 10.6132955551
1337616904.89 13.4127578735
1337616904.89 9.1753950119
1337616904.9 6.34666156769
1337616904.9 11.060667038
1337616904.91 8.59521102905
1337616904.91 3.33791780472
1337616904.92 5.41157197952
1337616904.92 5.5865893364
1337616904.94 4.34232139587
1337616904.94 6.562936306
1337616904.94 6.79430341721
1337616904.95 0.0871083512902
1337616904.95 -3.93670248985
1337616904.96 -4.00459003448
1337616904.96 -7.93050050735
1337616904.97 -4.24926519394
1337616904.97 1.63755524158
1337616904.97 0.940238058567
1337616904.98 -1.56786549091
1337616904.98 -2.24745464325
1337616904.99 -7.15809965134
1337616904.99 -6.789539814
1337616905.0 -4.87457132339
1337616905.0 -4.88911628723
1337616905.01 -4.51150417328
1337616905.01 -7.32272195816
1337616905.05 -9.04155349731
1337616905.05 -12.0794944763
1337616905.05 -13.7736244202
1337616905.05 -13.1094722748
1337616905.05 -17.1389522552
1337616905.05 -13.5060386658
1337616905.06 -10.0724725723
1337616905.06 -7.39214897156
1337616905.06 -3.32176995277
1337616905.06 -2.52420759201
1337616905.07 -1.63947188854
1337616905.07 -0.523710608482
1337616905.08 -1.55798685551
1337616905.12 -5.01569604874
1337616905.12 -8.7927646637
1337616905.12 -15.2397613525
1337616905.13 -14.6787052155
1337616905.13 -16.6210823059
1337616905.13 -18.8760433197
1337616905.14 -20.361082077
1337616905.14 -21.4275665283
1337616905.14 -23.9788532257
1337616905.14 -27.248966217
1337616905.14 -26.6988258362
1337616905.15 -28.8921813965
1337616905.15 -32.2609405518
1337616905.15 -29.2840595245
1337616905.16 -29.9739723206
1337616905.16 -32.2474136353
1337616905.16 -24.1790924072
1337616905.16 -21.5282039642
1337616905.18 -18.2488498688
1337616905.18 -7.05527877808
1337616905.18 -0.771530210972
1337616905.18 2.98447179794
1337616905.19 -3.11620044708
1337616905.24 -7.74271202087
1337616905.24 -16.7303600311
1337616905.25 -13.3966913223
1337616905.25 -9.22270107269
1337616905.25 -10.2093133926
1337616905.25 -10.927022934
1337616905.25 -14.4591569901
1337616905.25 -22.2183055878
1337616905.26 -27.4422588348
1337616905.26 -27.9214935303
1337616905.26 -33.2179374695
1337616905.26 -37.7282371521
1337616905.26 -41.5379524231
1337616905.27 -43.8687057495
1337616905.27 -45.5253982544
1337616905.27 -44.745349884
1337616905.28 -46.5234069824
1337616905.28 -42.3147163391
1337616905.28 -36.5310173035
1337616905.29 -30.3418235779
1337616905.29 -23.9436855316
1337616905.3 -16.8606319427
1337616905.3 -9.89403152466
1337616905.31 -19.207611084
1337616905.31 -24.7107524872
1337616905.32 -29.3196430206
1337616905.32 -31.2422714233
1337616905.33 -32.9898147583
1337616905.33 -35.6745758057
1337616905.34 -37.4709510803
1337616905.34 -36.7378692627
1337616905.35 -36.1076850891
1337616905.35 -37.5825386047
1337616905.37 -38.6910362244
1337616905.37 -39.5432853699
1337616905.37 -41.4959793091
1337616905.37 -38.6212005615
1337616905.38 -37.6762771606
1337616905.38 -39.7224845886
1337616905.39 -37.4205245972
1337616905.39 -31.833990097
1337616905.4 -30.5294589996
1337616905.4 -26.0832271576
1337616905.41 -27.1157646179
1337616905.41 -29.1557197571
1337616905.42 -28.5423755646
1337616905.42 -23.8716449738
1337616905.43 -24.1778869629
1337616905.43 -24.6391716003
1337616905.44 -20.3877182007
1337616905.46 -20.067773819
1337616905.46 -21.5730438232
1337616905.46 -21.0994300842
1337616905.46 -23.1721019745
1337616905.47 -24.8889827728
1337616905.47 -22.2174701691
1337616905.47 -21.6559753418
1337616905.48 -23.711763382
1337616905.48 -23.5801429749
1337616905.49 -23.4302940369
1337616905.49 -22.6016082764
1337616905.5 -20.8297710419
1337616905.5 -20.7290077209
1337616905.51 -24.4712848663
1337616905.51 -26.4563617706
1337616905.52 -24.8574142456
1337616905.52 -24.139043808
1337616905.54 -24.6307125092
1337616905.54 -22.2904434204
1337616905.54 -21.7483119965
1337616905.55 -15.3816642761
1337616905.55 -6.57655239105
1337616905.55 0.464353621006
1337616905.56 0.723384022713
1337616905.56 -0.519623637199
1337616905.57 0.285340368748
1337616905.58 3.16230750084
1337616905.58 6.1509680748
1337616905.58 7.88354206085
1337616905.59 8.45693302155
1337616905.59 6.61891222
1337616905.6 4.90031099319
1337616905.6 3.21242189407
1337616905.62 1.2453776598
1337616905.62 0.795452773571
1337616905.62 -1.66816961765
1337616905.62 -2.12647771835
1337616905.63 -0.372362792492
1337616905.63 -0.742016017437
1337616905.64 1.32295632362
1337616905.64 2.48739290237
1337616905.65 2.75996112823
1337616905.65 2.75574922562
1337616905.66 3.1816842556
1337616905.66 1.28161799908
1337616905.67 -0.252923965454
1337616905.67 4.04828500748
1337616905.68 5.04220724106
1337616905.68 8.73677444458
1337616905.69 13.5880784988
1337616905.69 20.9768638611
1337616905.7 23.3761386871
1337616905.7 27.5892562866
1337616905.72 20.9833889008
1337616905.72 15.8976860046
1337616905.73 15.5411748886
1337616905.73 16.4727535248
1337616905.73 15.440621376
1337616905.74 14.1398601532
1337616905.74 14.8423957825
1337616905.74 13.6573724747
1337616905.75 12.6535320282
1337616905.75 14.094783783
1337616905.76 9.11651802063
1337616905.76 6.18804359436
1337616905.77 8.86723423004
1337616905.77 14.1173171997
1337616905.78 19.5897426605
1337616905.78 29.6782894135
1337616905.79 40.4310112
1337616905.8 49.6093406677
1337616905.81 61.7976837158
1337616905.81 70.8002548218
1337616905.81 75.8611602783
1337616905.81 83.1598892212
1337616905.82 90.4110183716
1337616905.82 95.3903579712
1337616905.83 96.3362808228
1337616905.83 95.0388336182
1337616905.84 91.1814117432
1337616905.84 92.4580535889
1337616905.85 93.4399261475
1337616905.85 89.8012695312
1337616905.86 80.9389877319
1337616905.86 72.6676177979
1337616905.87 62.3646659851
1337616905.87 63.690662384
1337616905.89 63.8653869629
1337616905.89 60.5103759766
1337616905.89 57.5740966797
1337616905.89 56.5271568298
1337616905.9 53.2356071472
1337616905.9 53.7046508789
1337616905.91 48.7164001465
1337616905.91 41.4309959412
1337616905.92 34.2006835938
1337616905.92 41.8686218262
1337616905.93 43.0830192566
1337616905.94 47.6083030701
1337616905.94 56.4097824097
1337616905.94 59.549823761
1337616905.95 65.0442504883
1337616905.95 69.2892608643
1337616905.97 65.3908309937
1337616905.97 60.2108459473
1337616905.98 57.8147926331
1337616905.98 72.4466400146
1337616905.98 81.4607162476
1337616905.98 92.8640975952
1337616905.99 104.252998352
1337616905.99 107.63684082
1337616906.0 112.71182251
1337616906.0 120.342926025
1337616906.01 126.035095215
1337616906.01 132.750244141
1337616906.02 139.214920044
1337616906.02 147.337585449
1337616906.03 154.175704956
1337616906.03 160.712020874
1337616906.04 171.522903442
1337616906.04 175.857406616
1337616906.05 181.189682007
1337616906.05 188.590072632
1337616906.07 198.264144897
1337616906.07 208.899276733
1337616906.07 216.896957397
1337616906.08 228.562530518
1337616906.08 238.729553223
1337616906.08 249.39402771
1337616906.09 258.413635254
1337616906.09 268.470367432
1337616906.1 278.233978271
1337616906.1 286.472137451
1337616906.11 302.668273926
1337616906.11 318.736785889
1337616906.12 333.028991699
1337616906.12 343.338256836
1337616906.13 355.985961914
1337616906.13 367.303710938
1337616906.14 382.192382812
1337616906.14 397.759338379
1337616906.15 409.781707764
1337616906.15 423.20425415
1337616906.17 433.637756348
1337616906.17 445.048675537
1337616906.17 456.108764648
1337616906.17 468.415527344
1337616906.18 480.052947998
1337616906.18 491.99911499
1337616906.19 504.433105469
1337616906.19 512.76751709
1337616906.2 519.256225586
1337616906.2 527.125366211
1337616906.21 543.10559082
1337616906.21 553.734680176
1337616906.22 569.435180664
1337616906.22 584.928833008
1337616906.23 597.630737305
1337616906.23 614.617004395
1337616906.24 627.886779785
1337616906.24 642.710327148
1337616906.26 656.058288574
1337616906.26 665.292602539
1337616906.26 662.657348633
1337616906.26 661.488037109
1337616906.27 656.792785645
1337616906.27 651.494812012
1337616906.28 649.515869141
1337616906.28 647.09387207
1337616906.29 643.772155762
1337616906.29 645.161682129
1337616906.3 650.602355957
1337616906.3 652.67791748
1337616906.31 663.887023926
1337616906.32 679.914916992
1337616906.32 687.939575195
1337616906.32 706.300842285
1337616906.33 726.037414551
1337616906.33 741.538635254
1337616906.34 766.840026855
1337616906.39 792.251220703
1337616906.39 815.52935791
1337616906.39 838.584289551
1337616906.39 862.115600586
1337616906.39 884.277770996
1337616906.39 900.58770752
1337616906.39 916.552246094
1337616906.4 932.268554688
1337616906.4 943.863952637
1337616906.4 952.053222656
1337616906.4 957.468383789
1337616906.42 960.268676758
1337616906.42 966.045227051
1337616906.42 977.764587402
1337616906.43 985.648742676
1337616906.43 994.629333496
1337616906.43 1003.22924805
1337616906.43 1017.72973633
1337616906.43 1031.45617676
1337616906.44 1047.2409668
1337616906.44 1036.7232666
1337616906.45 1029.2722168
1337616906.46 1024.17932129
1337616906.46 1023.14385986
1337616906.46 1023.8494873
1337616906.47 1023.19268799
1337616906.47 1023.83343506
1337616906.48 1008.68725586
1337616906.49 993.086486816
1337616906.49 979.336730957
1337616906.49 973.377746582
1337616906.5 966.745239258
1337616906.51 965.101989746
1337616906.51 969.704650879
1337616906.53 972.985290527
1337616906.53 978.545166016
1337616906.53 966.440246582
1337616906.54 954.777770996
1337616906.54 952.297546387
1337616906.54 945.163574219
1337616906.54 936.811462402
1337616906.55 936.494262695
1337616906.55 929.942810059
1337616906.56 926.760986328
1337616906.56 929.314880371
1337616906.57 926.403381348
1337616906.57 916.562927246
1337616906.58 911.026794434
1337616906.58 905.646118164
1337616906.6 899.058288574
1337616906.62 900.117858887
1337616906.62 902.987426758
1337616906.62 901.178894043
1337616906.63 902.555053711
1337616906.63 904.110534668
1337616906.63 899.003234863
1337616906.63 892.261474609
1337616906.63 887.842651367
1337616906.63 878.9765625
1337616906.64 873.798461914
1337616906.64 883.135803223
1337616906.65 884.655700684
1337616906.65 888.799499512
1337616906.65 897.105224609
1337616906.66 885.372253418
1337616906.67 878.783691406
1337616906.67 874.67364502
1337616906.68 868.98248291
1337616906.68 864.775268555
1337616906.69 860.90435791
1337616906.69 857.06451416
1337616906.7 855.399108887
1337616906.7 851.741394043
1337616906.72 839.504943848
1337616906.72 827.949523926
1337616906.72 818.502929688
1337616906.72 817.0859375
1337616906.73 814.140258789
1337616906.73 811.396362305
1337616906.73 807.989868164
1337616906.74 805.513671875
1337616906.74 806.71105957
1337616906.75 807.233398438
1337616906.76 795.048706055
1337616906.76 784.685180664
1337616906.77 772.343261719
1337616906.77 777.016174316
1337616906.78 780.840148926
1337616906.78 780.653625488
1337616906.78 786.26361084
1337616906.79 774.725769043
1337616906.8 760.787841797
1337616906.8 756.918579102
1337616906.81 753.770141602
1337616906.82 749.782836914
1337616906.82 750.451538086
1337616906.82 749.901489258
1337616906.82 748.685119629
1337616906.83 751.061340332
1337616906.84 752.92199707
1337616906.84 746.306396484
1337616906.84 743.056335449
1337616906.85 740.66619873
1337616906.86 730.085144043
1337616906.86 721.436462402
1337616906.86 718.126342773
1337616906.87 725.917114258
1337616906.88 733.24029541
1337616906.88 745.847167969
1337616906.88 749.705749512
1337616906.89 739.42779541
1337616906.9 733.485717773
1337616906.91 725.334411621
1337616906.91 721.731140137
1337616906.91 721.641845703
1337616906.92 718.99206543
1337616906.92 716.12890625
1337616906.92 710.601074219
1337616906.93 706.978515625
1337616906.93 704.171936035
1337616906.94 703.637390137
1337616906.94 703.045715332
1337616906.95 697.768615723
1337616906.95 701.131286621
1337616906.96 705.230834961
1337616906.96 705.502807617
1337616906.97 698.548095703
1337616906.99 693.197570801
1337616906.99 685.088928223
1337616906.99 681.269897461
1337616906.99 668.75579834
1337616906.99 661.174072266
1337616907.0 653.876464844
1337616907.0 651.039367676
1337616907.01 655.374755859
1337616907.01 655.494384766
1337616907.02 649.929077148
1337616907.02 651.222351074
1337616907.03 647.099121094
1337616907.03 642.893432617
1337616907.04 643.114074707
1337616907.05 639.575317383
1337616907.05 635.943664551
1337616907.05 626.032958984
1337616907.07 615.972412109
1337616907.07 606.379272461
1337616907.08 605.977478027
1337616907.08 607.432312012
1337616907.08 603.799621582
1337616907.08 602.785949707
1337616907.09 611.075195312
1337616907.09 612.397766113
1337616907.1 616.220581055
1337616907.1 612.746520996
1337616907.11 605.393615723
1337616907.11 601.504821777
1337616907.12 598.708129883
1337616907.13 595.564147949
1337616907.13 593.326416016
1337616907.14 583.190124512
1337616907.15 577.664855957
1337616907.15 572.666687012
1337616907.15 566.226501465
1337616907.15 564.451599121
1337616907.16 559.693115234
1337616907.16 554.048400879
1337616907.17 553.43951416
1337616907.17 553.923156738
1337616907.18 554.063842773
1337616907.18 555.767028809
1337616907.19 580.17565918
1337616907.19 601.111450195
1337616907.2 622.192260742
1337616907.2 609.115966797
1337616907.21 593.20513916
1337616907.21 579.987854004
1337616907.22 572.015136719
1337616907.22 563.616760254
1337616907.23 558.106689453
1337616907.23 557.23828125
1337616907.24 543.635559082
1337616907.26 533.267272949
1337616907.26 525.215026855
1337616907.26 520.578979492
1337616907.26 519.08190918
1337616907.26 514.724243164
1337616907.27 513.307983398
1337616907.27 503.206817627
1337616907.28 493.749511719
1337616907.3 487.19821167
1337616907.3 479.131103516
1337616907.3 473.229095459
1337616907.3 469.383483887
1337616907.3 465.921112061
1337616907.31 465.163879395
1337616907.31 463.026885986
1337616907.32 462.015197754
1337616907.32 447.760223389
1337616907.33 436.149169922
1337616907.33 431.125061035
1337616907.35 429.005249023
1337616907.35 426.467010498
1337616907.35 427.578033447
1337616907.35 425.16003418
1337616907.36 423.505462646
1337616907.36 426.424957275
1337616907.37 425.477935791
1337616907.37 420.074859619
1337616907.38 416.561553955
1337616907.38 413.557250977
1337616907.39 410.055786133
1337616907.39 408.226318359
1337616907.4 404.400756836
1337616907.41 395.236877441
1337616907.41 390.073760986
1337616907.41 385.722717285
1337616907.42 378.68069458
1337616907.43 374.022949219
1337616907.44 369.347595215
1337616907.44 363.841156006
1337616907.44 366.283691406
1337616907.44 367.229400635
1337616907.45 369.64755249
1337616907.45 367.6434021
1337616907.46 364.830291748
1337616907.46 367.131347656
1337616907.47 366.076202393
1337616907.47 360.363769531
1337616907.48 358.918395996
1337616907.48 358.376037598
1337616907.49 356.550415039
1337616907.49 357.816955566
1337616907.5 359.384735107
1337616907.5 356.51171875
1337616907.52 354.495635986
1337616907.52 357.38571167
1337616907.52 355.830810547
1337616907.52 355.308380127
1337616907.53 357.089904785
1337616907.53 353.095611572
1337616907.54 350.800415039
1337616907.54 351.387573242
1337616907.55 345.006622314
1337616907.55 334.696960449
1337616907.56 327.729156494
1337616907.56 321.264038086
1337616907.57 317.056243896
1337616907.57 313.626922607
1337616907.58 310.841278076
1337616907.58 305.047790527
1337616907.59 305.248657227
1337616907.6 305.284881592
1337616907.6 302.370910645
1337616907.6 301.363677979
1337616907.61 298.829406738
1337616907.61 298.876251221
1337616907.62 300.816619873
1337616907.62 298.268676758
1337616907.63 300.172912598
1337616907.63 301.607147217
1337616907.64 293.981903076
1337616907.64 292.618225098
1337616907.65 289.403411865
1337616907.65 286.101226807
1337616907.66 285.298095703
1337616907.66 283.694763184
1337616907.67 283.046051025
1337616907.72 285.303466797
1337616907.72 287.431640625
1337616907.72 286.750793457
1337616907.73 286.710632324
1337616907.73 290.352142334
1337616907.74 288.030426025
1337616907.74 281.767028809
1337616907.74 281.697692871
1337616907.74 274.066772461
1337616907.74 267.842651367
1337616907.74 269.131469727
1337616907.75 262.911621094
1337616907.75 257.268066406
1337616907.75 256.098876953
1337616907.75 252.077896118
1337616907.75 248.723388672
1337616907.77 249.254943848
1337616907.78 250.185699463
1337616907.78 246.910369873
1337616907.78 245.338409424
1337616907.78 244.934371948
1337616907.79 241.864700317
1337616907.79 242.481521606
1337616907.79 242.466171265
1337616907.79 238.614807129
1337616907.8 239.824539185
1337616907.8 239.800201416
1337616907.81 238.256729126
1337616907.82 239.39755249
1337616907.82 238.059951782
1337616907.83 237.968261719
1337616907.83 237.199432373
1337616907.83 238.989746094
1337616907.86 239.91078186
1337616907.86 237.57371521
1337616907.87 237.301925659
1337616907.87 235.6199646
1337616907.87 234.350219727
1337616907.87 234.866653442
1337616907.87 232.34173584
1337616907.87 235.299926758
1337616907.88 235.193222046
1337616907.88 231.074279785
1337616907.89 232.220916748
1337616907.89 230.329071045
1337616907.9 227.178237915
1337616907.9 226.420135498
1337616907.91 222.135559082
1337616907.91 218.348556519
1337616907.92 216.491394043
1337616907.92 215.697555542
1337616907.93 213.96244812
1337616907.93 210.57244873
1337616907.96 210.744934082
1337616907.96 208.226348877
1337616907.96 206.311218262
1337616907.96 212.224487305
1337616907.96 214.043426514
1337616907.97 215.447463989
1337616907.97 215.027633667
1337616907.98 213.712097168
1337616907.98 209.287307739
1337616907.99 207.651367188
1337616907.99 210.619766235
1337616907.99 208.666107178
1337616908.0 209.095245361
1337616908.01 211.273773193
1337616908.01 208.076522827
1337616908.01 207.975387573
1337616908.02 203.980819702
1337616908.04 198.946334839
1337616908.04 193.718643188
1337616908.05 189.030090332
1337616908.05 186.042770386
1337616908.05 184.541351318
1337616908.05 185.638442993
1337616908.06 183.609481812
1337616908.06 178.806610107
1337616908.06 178.65927124
1337616908.07 175.777801514
1337616908.07 172.60899353
1337616908.08 171.768539429
1337616908.08 168.19569397
1337616908.09 168.654342651
1337616908.09 168.480270386
1337616908.1 169.173660278
1337616908.1 173.513717651
1337616908.12 174.502441406
1337616908.12 175.625762939
1337616908.12 177.366851807
1337616908.12 177.778656006
1337616908.13 179.074310303
1337616908.13 178.381881714
1337616908.14 180.992050171
1337616908.14 180.57951355
1337616908.15 177.878829956
1337616908.15 177.805877686
1337616908.16 176.251113892
1337616908.16 172.630828857
1337616908.17 175.062866211
1337616908.17 171.719039917
1337616908.18 165.687576294
1337616908.18 166.231018066
1337616908.19 163.546478271
1337616908.19 162.049835205
1337616908.2 162.023651123
1337616908.2 159.89855957
1337616908.22 154.177474976
1337616908.22 153.931289673
1337616908.22 156.498016357
1337616908.22 153.81237793
1337616908.23 151.298950195
1337616908.23 152.803878784
1337616908.23 148.220703125
1337616908.24 148.042602539
1337616908.24 153.070129395
1337616908.25 150.596252441
1337616908.25 150.533950806
1337616908.26 151.416778564
1337616908.26 152.67980957
1337616908.27 152.729171753
1337616908.28 153.825561523
1337616908.28 154.35043335
1337616908.29 149.349746704
1337616908.3 148.032440186
1337616908.3 148.944717407
1337616908.3 146.161422729
1337616908.31 144.501296997
1337616908.31 143.891891479
1337616908.32 137.602676392
1337616908.32 135.603469849
1337616908.33 134.319717407
1337616908.33 130.651763916
1337616908.34 126.66822052
1337616908.34 123.30708313
1337616908.35 119.704963684
1337616908.35 119.929145813
1337616908.36 121.094551086
1337616908.36 122.769546509
1337616908.37 120.840995789
1337616908.38 119.697929382
1337616908.38 119.833129883
1337616908.38 117.899589539
1337616908.38 118.239685059
1337616908.39 115.088783264
1337616908.39 116.045623779
1337616908.4 116.073020935
1337616908.4 116.221931458
1337616908.41 119.47593689
1337616908.41 118.697845459
1337616908.42 109.72718811
1337616908.42 105.350997925
1337616908.43 105.270980835
1337616908.44 104.672859192
1337616908.44 106.477745056
1337616908.45 105.048149109
1337616908.45 107.476806641
1337616908.47 107.084411621
1337616908.47 110.331123352
1337616908.47 111.703460693
1337616908.47 111.047447205
1337616908.48 114.295440674
1337616908.48 113.043113708
1337616908.49 110.800750732
1337616908.49 113.865058899
1337616908.49 113.483909607
1337616908.5 107.364524841
1337616908.5 106.743629456
1337616908.51 100.705482483
1337616908.51 97.4211044312
1337616908.52 96.9559249878
1337616908.52 97.8132400513
1337616908.53 95.2971115112
1337616908.54 96.9241485596
1337616908.54 100.821250916
1337616908.54 98.9477539062
1337616908.55 97.6459579468
1337616908.55 99.0986251831
1337616908.56 95.4702148438
1337616908.56 92.4833068848
1337616908.57 96.1640167236
1337616908.57 94.3344573975
1337616908.58 94.4888458252
1337616908.59 96.6112136841
1337616908.59 97.5939865112
1337616908.59 96.9674606323
1337616908.6 97.4523849487
1337616908.61 99.7379455566
1337616908.61 98.7276306152
1337616908.61 100.16368866
1337616908.63 103.326957703
1337616908.63 99.8327484131
1337616908.63 98.6923141479
1337616908.63 102.680480957
1337616908.64 99.8203048706
1337616908.64 101.338867188
1337616908.65 104.494132996
1337616908.65 99.4823608398
1337616908.66 94.5698318481
1337616908.66 92.8718032837
1337616908.67 95.3026733398
1337616908.67 94.6261825562
1337616908.68 95.5731964111
1337616908.69 94.7658691406
1337616908.69 90.9796066284
1337616908.69 90.3967666626
1337616908.7 89.5521011353
1337616908.7 86.0757522583
1337616908.71 85.3977661133
1337616908.71 82.2246322632
1337616908.73 79.5181503296
1337616908.73 75.5874023438
1337616908.73 75.6820144653
1337616908.73 77.4674530029
1337616908.74 76.5204391479
1337616908.74 77.8422393799
1337616908.75 76.8589401245
1337616908.75 75.247505188
1337616908.76 76.287361145
1337616908.77 76.8963699341
1337616908.77 76.7421722412
1337616908.77 76.8314666748
1337616908.78 76.1081619263
1337616908.78 79.5699996948
1337616908.79 80.7982254028
1337616908.79 82.0093154907
1337616908.8 79.7931137085
1337616908.81 76.0892562866
1337616908.81 74.384552002
1337616908.81 73.3078155518
1337616908.83 71.9123077393
1337616908.83 68.7246932983
1337616908.83 65.340461731
1337616908.83 66.2266998291
1337616908.84 67.4304962158
1337616908.84 68.5697631836
1337616908.85 70.0105819702
1337616908.85 66.7787399292
1337616908.86 65.5109176636
1337616908.86 64.6599578857
1337616908.87 65.2386627197
1337616908.87 64.8815917969
1337616908.88 62.8193511963
1337616908.88 62.4435997009
1337616908.89 61.5144767761
1337616908.89 61.9384536743
1337616908.9 63.0952224731
1337616908.92 62.4577560425
1337616908.92 59.451839447
1337616908.92 61.8802337646
1337616908.92 61.256690979
1337616908.92 59.732875824
1337616908.93 59.3075942993
1337616908.94 58.4316749573
1337616908.94 56.5879592896
1337616908.94 57.5030212402
1337616908.95 62.5551109314
1337616908.95 62.8161354065
1337616908.96 64.6989135742
1337616908.97 67.7782745361
1337616908.97 65.8433990479
1337616908.97 61.1816291809
1337616908.98 61.2191886902
1337616908.98 58.9573631287
1337616908.99 56.7482681274
1337616909.0 58.4532470703
1337616909.01 54.4685821533
1337616909.02 51.2581634521
1337616909.02 48.8521385193
1337616909.02 48.7695846558
1337616909.03 45.6458129883
1337616909.03 43.4158248901
1337616909.03 43.0336608887
1337616909.03 38.43516922
1337616909.05 36.5102043152
1337616909.05 38.7408447266
1337616909.05 36.0940513611
1337616909.06 34.4522781372
1337616909.06 35.4168968201
1337616909.06 34.396320343
1337616909.07 33.2020568848
1337616909.08 32.7410964966
1337616909.08 35.1100692749
1337616909.08 34.5616874695
1337616909.09 37.1780548096
1337616909.09 41.4316101074
1337616909.1 41.1668777466
1337616909.1 40.7103385925
1337616909.11 43.7905921936
1337616909.11 45.6925735474
1337616909.12 48.5398101807
1337616909.12 53.0897521973
1337616909.13 47.1915359497
1337616909.13 41.0851898193
1337616909.14 39.1440887451
1337616909.15 37.8839950562
1337616909.15 36.8444786072
1337616909.17 38.5803413391
1337616909.17 39.593208313
1337616909.17 36.5078620911
1337616909.17 39.1936264038
1337616909.17 44.146736145
1337616909.19 43.9825019836
1337616909.19 42.2711677551
1337616909.19 44.2324409485
1337616909.2 43.266166687
1337616909.2 42.843296051
1337616909.2 43.0716896057
1337616909.21 44.1853256226
1337616909.21 43.1443481445
1337616909.22 46.2435073853
1337616909.22 49.0273246765
1337616909.23 48.7042770386
1337616909.24 50.0628318787
1337616909.25 51.9697647095
1337616909.25 51.0705833435
1337616909.25 53.7477302551
1337616909.26 56.1199035645
1337616909.26 55.1461753845
1337616909.26 56.1847915649
1337616909.27 59.0684204102
1337616909.27 60.9974708557
1337616909.28 61.1433448792
1337616909.28 57.4282875061
1337616909.29 53.9453887939
1337616909.29 48.6986274719
1337616909.3 48.4864311218
1337616909.3 49.751335144
1337616909.31 48.0342254639
1337616909.31 48.1191711426
1337616909.33 51.2251319885
1337616909.33 53.9837913513
1337616909.33 57.4673881531
1337616909.33 56.8742446899
1337616909.34 55.2873497009
1337616909.34 55.0104789734
1337616909.35 55.4562835693
1337616909.35 61.1673164368
1337616909.36 65.4937362671
1337616909.36 66.9848327637
1337616909.37 69.9183654785
1337616909.37 68.9594421387
1337616909.38 70.4448852539
1337616909.38 72.9467391968
1337616909.39 72.3524932861
1337616909.39 71.5065078735
1337616909.4 71.4722213745
1337616909.4 70.8693389893
1337616909.41 70.6474609375
1337616909.41 64.0944595337
1337616909.43 60.541103363
1337616909.43 56.9411010742
1337616909.43 50.5138130188
1337616909.43 55.686214447
1337616909.44 56.9409713745
1337616909.44 58.4751777649
1337616909.45 61.6076545715
1337616909.45 61.735496521
1337616909.46 60.4057159424
1337616909.46 63.0732154846
1337616909.47 67.2563934326
1337616909.47 69.0259475708
1337616909.48 74.0479278564
1337616909.48 76.7174682617
1337616909.49 75.8276290894
1337616909.49 78.1959228516
1337616909.5 79.40184021
1337616909.51 76.6700210571
1337616909.51 75.1541061401
1337616909.51 77.0115814209
1337616909.52 76.4580307007
1337616909.52 73.2929534912
1337616909.53 76.3017425537
1337616909.53 73.3023757935
1337616909.54 69.3486022949
1337616909.54 73.3781967163
1337616909.55 71.1277313232
1337616909.55 67.1101150513
1337616909.56 68.9708786011
1337616909.56 65.812789917
1337616909.57 61.9248008728
1337616909.57 66.2264099121
1337616909.58 64.7898025513
1337616909.58 61.3651809692
1337616909.59 63.2598304749
1337616909.59 64.5536880493
1337616909.6 61.9722137451
1337616909.6 63.5233726501
1337616909.61 65.2107620239
1337616909.61 63.150390625
1337616909.62 64.628868103
1337616909.63 68.0845947266
1337616909.63 65.953163147
1337616909.63 66.6681365967
1337616909.64 73.8828582764
1337616909.64 74.4554672241
1337616909.65 77.6390762329
1337616909.65 83.6585617065
1337616909.66 81.794418335
1337616909.66 81.3587646484
1337616909.67 87.7038879395
1337616909.67 87.8136138916
1337616909.68 87.6855163574
1337616909.68 93.1521224976
1337616909.69 93.9005432129
1337616909.69 93.1644439697
1337616909.7 95.3382034302
1337616909.71 95.6490936279
1337616909.72 92.7683258057
1337616909.72 95.0227127075
1337616909.72 95.3518447876
1337616909.72 93.4144439697
1337616909.73 95.5281143188
1337616909.73 100.363777161
1337616909.74 99.5641937256
1337616909.74 101.412910461
1337616909.74 105.47265625
1337616909.75 104.753189087
1337616909.75 107.470848083
1337616909.76 111.97442627
1337616909.77 107.687614441
1337616909.77 106.218826294
1337616909.78 108.047195435
1337616909.78 107.562034607
1337616909.8 108.956375122
1337616909.8 112.201194763
1337616909.8 108.083732605
1337616909.81 106.27520752
1337616909.81 106.248657227
1337616909.81 104.991500854
1337616909.81 104.845100403
1337616909.82 104.876525879
1337616909.82 104.824310303
1337616909.83 105.580680847
1337616909.83 105.851158142
1337616909.84 105.771362305
1337616909.84 104.764228821
1337616909.85 103.753913879
1337616909.86 106.00340271
1337616909.86 104.863822937
1337616909.87 106.569984436
1337616909.88 109.068962097
1337616909.88 111.643463135
1337616909.88 112.167625427
1337616909.89 113.600959778
1337616909.89 113.891441345
1337616909.9 113.252334595
1337616909.9 115.666656494
1337616909.9 119.970596313
1337616909.91 121.821136475
1337616909.92 118.41494751
1337616909.92 118.665458679
1337616909.93 117.604370117
1337616909.93 114.656478882
1337616909.94 116.242347717
1337616909.94 114.313468933
1337616909.95 109.424728394
1337616909.95 112.524108887
1337616909.95 113.059356689
1337616909.96 112.360343933
1337616909.98 118.339080811
1337616909.98 120.713180542
1337616909.98 122.388092041
1337616909.98 125.527946472
1337616909.99 128.303573608
1337616909.99 127.881202698
1337616909.99 128.295211792
1337616910.0 130.486907959
1337616910.0 130.033737183
1337616910.01 126.160194397
1337616910.01 127.312385559
1337616910.02 124.448104858
1337616910.02 118.376335144
1337616910.03 123.309425354
1337616910.03 122.495880127
1337616910.04 120.778327942
1337616910.04 130.624710083
1337616910.05 134.796661377
1337616910.06 137.46862793
1337616910.06 144.277114868
1337616910.07 147.537902832
1337616910.07 148.860015869
1337616910.07 153.462493896
1337616910.08 158.930633545
1337616910.09 157.671829224
1337616910.09 159.652252197
1337616910.1 164.583709717
1337616910.1 161.605606079
1337616910.11 160.596572876
1337616910.11 162.937179565
1337616910.11 156.975479126
1337616910.12 152.474227905
1337616910.12 152.078659058
1337616910.13 153.958984375
1337616910.13 154.487609863
1337616910.14 157.99105835
1337616910.14 156.048583984
1337616910.16 152.492370605
1337616910.16 153.729522705
1337616910.16 154.85055542
1337616910.17 153.505462646
1337616910.17 154.657653809
1337616910.17 158.537368774
1337616910.18 158.412002563
1337616910.18 162.483398438
1337616910.19 167.632629395
1337616910.19 165.621765137
1337616910.2 166.804595947
1337616910.2 169.067199707
1337616910.21 166.548492432
1337616910.21 166.027832031
1337616910.22 164.915512085
1337616910.23 164.385925293
1337616910.25 160.944610596
1337616910.25 157.374832153
1337616910.26 155.079437256
1337616910.26 153.046768188
1337616910.26 154.074539185
1337616910.26 155.526702881
1337616910.26 152.575683594
1337616910.27 149.709213257
1337616910.27 145.933700562
1337616910.28 143.42124939
1337616910.28 142.846801758
1337616910.29 145.289718628
1337616910.29 147.197692871
1337616910.29 144.574371338
1337616910.3 141.468902588
1337616910.31 142.085205078
1337616910.31 142.792205811
1337616910.32 142.343490601
1337616910.32 141.770568848
1337616910.33 139.07333374
1337616910.33 137.609176636
1337616910.33 137.548019409
1337616910.34 140.440002441
1337616910.34 140.574127197
1337616910.35 140.769134521
1337616910.35 143.800567627
1337616910.36 143.976242065
1337616910.37 142.401535034
1337616910.37 147.804016113
1337616910.38 147.632766724
1337616910.38 144.209960938
1337616910.38 147.993225098
1337616910.39 145.714614868
1337616910.39 142.756851196
1337616910.41 146.167175293
1337616910.41 146.047271729
1337616910.41 143.563690186
1337616910.41 146.191253662
1337616910.42 146.489822388
1337616910.42 144.02722168
1337616910.43 142.59185791
1337616910.43 142.769515991
1337616910.44 139.232406616
1337616910.45 136.595153809
1337616910.45 139.439163208
1337616910.45 135.363418579
1337616910.46 136.311248779
1337616910.46 141.970230103
1337616910.47 142.553924561
1337616910.47 143.151916504
1337616910.48 149.2059021
1337616910.49 148.931503296
1337616910.49 148.168869019
1337616910.49 150.95791626
1337616910.5 153.074386597
1337616910.51 151.569915771
1337616910.51 153.938156128
1337616910.51 156.862503052
1337616910.52 151.792327881
1337616910.52 153.023193359
1337616910.53 156.520172119
1337616910.54 154.467803955
1337616910.54 154.571899414
1337616910.54 156.182617188
1337616910.55 152.307754517
1337616910.55 152.213867188
1337616910.56 151.669265747
1337616910.57 146.587860107
1337616910.57 144.156921387
1337616910.58 142.690841675
1337616910.58 140.167419434
1337616910.58 137.297149658
1337616910.59 136.499557495
1337616910.59 136.317108154
1337616910.6 135.326583862
1337616910.6 135.66633606
1337616910.61 142.263259888
1337616910.61 141.324905396
1337616910.62 143.163406372
1337616910.62 145.802276611
1337616910.63 144.992675781
1337616910.63 147.177658081
1337616910.64 147.936447144
1337616910.64 149.839019775
1337616910.66 147.906433105
1337616910.66 146.132080078
1337616910.66 144.282577515
1337616910.66 143.59324646
1337616910.67 142.037506104
1337616910.67 139.963531494
1337616910.68 138.849624634
1337616910.68 138.512283325
1337616910.69 137.413223267
1337616910.69 136.407867432
1337616910.7 135.319534302
1337616910.7 131.998596191
1337616910.71 134.169418335
1337616910.71 132.861373901
1337616910.72 131.411819458
1337616910.72 132.471572876
1337616910.73 130.955169678
1337616910.73 127.087882996
1337616910.74 128.196350098
1337616910.74 128.857910156
1337616910.76 127.909225464
1337616910.76 131.925384521
1337616910.76 133.424255371
1337616910.76 132.252792358
1337616910.77 131.981246948
1337616910.77 134.926376343
1337616910.78 132.725372314
1337616910.78 128.850448608
1337616910.79 129.239273071
1337616910.79 125.124092102
1337616910.8 123.992744446
1337616910.8 123.494827271
1337616910.81 121.01599884
1337616910.81 116.814025879
1337616910.82 117.204071045
1337616910.82 116.999633789
1337616910.83 111.74798584
1337616910.84 107.411842346
1337616910.84 102.162712097
1337616910.85 96.265335083
1337616910.85 89.6961135864
1337616910.85 85.2212219238
1337616910.86 75.4824142456
1337616910.86 81.7214202881
1337616910.87 85.9541320801
1337616910.87 90.8048553467
1337616910.88 92.019821167
1337616910.88 92.0488739014
1337616910.89 92.8268432617
1337616910.89 92.8417282104
1337616910.9 95.6841964722
1337616910.9 96.1908187866
1337616910.91 98.0096740723
1337616910.92 99.4026260376
1337616910.92 98.9295120239
1337616910.92 99.0323257446
1337616910.93 94.054397583
1337616910.94 87.9751434326
1337616910.94 85.0734786987
1337616910.94 83.2531661987
1337616910.95 80.6531295776
1337616910.95 80.7324523926
1337616910.96 78.3267822266
1337616910.96 75.9206848145
1337616910.97 74.889831543
1337616910.97 74.1750793457
1337616910.98 71.8087692261
1337616910.98 69.6006088257
1337616910.99 71.5686950684
1337616910.99 70.2636566162
1337616911.01 69.6720809937
1337616911.01 71.0913314819
1337616911.01 69.222328186
1337616911.01 66.9227371216
1337616911.02 67.2713470459
1337616911.02 67.6175537109
1337616911.03 65.8771362305
1337616911.03 66.1660079956
1337616911.04 66.7250366211
1337616911.04 63.0760498047
1337616911.05 59.7469062805
1337616911.05 60.3539390564
1337616911.06 56.8695793152
1337616911.06 53.5271148682
1337616911.07 53.3200492859
1337616911.07 50.2448997498
1337616911.08 48.4027023315
1337616911.09 47.8111839294
1337616911.09 48.5443572998
1337616911.1 46.601398468
1337616911.1 45.8710365295
1337616911.1 46.986618042
1337616911.11 45.0816879272
1337616911.11 44.9393386841
1337616911.12 44.344379425
1337616911.12 41.4136505127
1337616911.13 38.649181366
1337616911.13 38.4570465088
1337616911.14 36.0495414734
1337616911.14 33.3214683533
1337616911.15 32.2270622253
1337616911.15 30.6590938568
1337616911.16 27.8018798828
1337616911.17 27.4428272247
1337616911.17 27.1383743286
1337616911.17 24.0916652679
1337616911.18 23.2505226135
1337616911.18 22.7193965912
1337616911.19 21.1650009155
1337616911.19 20.1553649902
1337616911.2 20.9229984283
1337616911.2 21.2338409424
1337616911.21 19.7244415283
1337616911.21 20.2470703125
1337616911.22 19.9606742859
1337616911.22 20.7633857727
1337616911.23 23.2054462433
1337616911.23 24.1920757294
1337616911.24 23.4830818176
1337616911.24 23.1367530823
1337616911.25 20.2330951691
1337616911.25 20.1209831238
1337616911.26 22.1083850861
1337616911.27 19.3239364624
1337616911.27 18.440486908
1337616911.27 15.2870388031
1337616911.28 15.5417633057
1337616911.28 15.807346344
1337616911.29 13.5018587112
1337616911.29 13.2478170395
1337616911.3 9.4388923645
1337616911.3 10.3002157211
1337616911.31 10.8544034958
1337616911.31 11.9846601486
1337616911.32 13.4076604843
1337616911.32 11.8957099915
1337616911.33 10.8740768433
1337616911.34 11.2596282959
1337616911.34 10.907292366
1337616911.34 8.71409416199
1337616911.35 9.12993431091
1337616911.35 10.6281499863
1337616911.35 11.8167638779
1337616911.36 12.1388950348
1337616911.36 13.4706201553
1337616911.37 13.2886142731
1337616911.37 9.66435813904
1337616911.38 9.34394931793
1337616911.39 7.16638231277
1337616911.39 5.21423244476
1337616911.4 3.99017429352
1337616911.4 4.41276979446
1337616911.41 5.96690416336
1337616911.42 5.1231045723
1337616911.42 6.29312467575
1337616911.42 4.51242542267
1337616911.43 5.24444913864
1337616911.43 7.44772338867
1337616911.44 5.56348466873
1337616911.44 4.30603218079
1337616911.45 2.26028251648
1337616911.45 3.01406860352
1337616911.46 1.43599128723
1337616911.46 2.95695161819
1337616911.47 5.86933851242
1337616911.47 3.83972716331
1337616911.47 3.55213332176
1337616911.48 4.3291387558
1337616911.48 1.09768819809
1337616911.49 -0.930301129818
1337616911.51 0.333296954632
1337616911.51 1.22385621071
1337616911.51 3.15790081024
1337616911.51 6.23388576508
1337616911.52 6.83678865433
1337616911.52 5.93577194214
1337616911.52 6.18632888794
1337616911.53 8.28560352325
1337616911.54 8.06244945526
1337616911.54 8.5444726944
1337616911.54 8.52271938324
1337616911.55 6.5494852066
1337616911.56 7.03684473038
1337616911.56 5.93612241745
1337616911.57 5.77725362778
1337616911.57 4.47001886368
1337616911.57 3.87300300598
1337616911.59 4.30712985992
1337616911.59 2.09791111946
1337616911.6 2.70395207405
1337616911.6 -0.378714650869
1337616911.6 -3.56557703018
1337616911.61 -3.4732735157
1337616911.61 -4.14431428909
1337616911.61 -3.3394806385
1337616911.62 -3.32047629356
1337616911.62 -5.7732219696
1337616911.63 -6.3036532402
1337616911.64 -6.70149326324
1337616911.64 -7.6175699234
1337616911.64 -4.41804742813
1337616911.65 -4.91797351837
1337616911.66 -6.44807958603
1337616911.66 -6.03279256821
1337616911.67 -8.62155723572
1337616911.67 -9.1899356842
1337616911.68 -8.33796596527
1337616911.68 -8.63045120239
1337616911.68 -9.16998291016
1337616911.7 -10.7341737747
1337616911.7 -7.30492925644
1337616911.7 -5.97132778168
1337616911.71 -4.93714952469
1337616911.72 -1.90782117844
1337616911.72 -2.8269302845
1337616911.72 -4.47076225281
1337616911.72 -5.8799200058
1337616911.73 -8.68846321106
1337616911.73 -12.9368896484
1337616911.74 -14.235786438
1337616911.74 -12.0236949921
1337616911.75 -11.5993356705
1337616911.75 -9.27147674561
1337616911.77 -4.43385744095
1337616911.77 -0.364357233047
1337616911.77 1.18901109695
1337616911.78 3.97162628174
1337616911.78 2.82591032982
1337616911.78 0.190978884697
1337616911.79 3.50800323486
1337616911.79 3.01552009583
1337616911.8 5.02318286896
1337616911.8 10.981464386
1337616911.81 11.9821338654
1337616911.82 12.692937851
1337616911.82 14.2644758224
1337616911.82 12.3647756577
1337616911.83 9.01875400543
1337616911.83 10.3087244034
1337616911.84 10.8127784729
1337616911.84 8.28749847412
1337616911.85 9.61123371124
1337616911.85 12.6074047089
1337616911.87 11.6290712357
1337616911.87 9.37448596954
1337616911.87 12.2803564072
1337616911.88 11.6759729385
1337616911.88 11.5327959061
1337616911.88 19.0468406677
1337616911.89 20.0416679382
1337616911.89 21.4657592773
1337616911.9 26.5158824921
1337616911.9 28.7003803253
1337616911.91 28.4671916962
1337616911.91 31.5797977448
1337616911.92 33.0050582886
1337616911.92 32.4381904602
1337616911.93 35.5411872864
1337616911.93 38.6730690002
1337616911.94 37.0118026733
1337616911.95 36.4433746338
1337616911.95 38.1412200928
1337616911.95 35.1628112793
1337616911.97 35.1318130493
1337616911.97 40.2038002014
1337616911.97 37.9258117676
1337616911.98 35.98595047
1337616911.98 38.9772949219
1337616911.98 38.8255767822
1337616911.99 38.847858429
1337616911.99 43.8796043396
1337616912.0 45.4646186829
1337616912.0 43.1385192871
1337616912.01 48.2161521912
1337616912.01 52.0420150757
1337616912.02 51.0698776245
1337616912.02 53.4191894531
1337616912.03 55.5588150024
1337616912.03 52.5481262207
1337616912.04 54.2374534607
1337616912.06 60.1491088867
1337616912.06 59.2188987732
1337616912.06 59.1153869629
1337616912.06 62.3037948608
1337616912.07 60.4441642761
1337616912.07 59.497127533
1337616912.07 62.0738105774
1337616912.08 60.0326004028
1337616912.08 58.2387733459
1337616912.09 59.8315811157
1337616912.09 61.7396965027
1337616912.1 63.1790924072
1337616912.1 63.533996582
1337616912.11 64.8250961304
1337616912.12 63.1372680664
1337616912.12 62.0516281128
1337616912.12 65.6526947021
1337616912.14 63.0503997803
1337616912.14 63.2567214966
1337616912.14 65.9839401245
1337616912.14 65.5637512207
1337616912.15 67.9680175781
1337616912.16 70.9001998901
1337616912.16 69.6811904907
1337616912.16 68.8366546631
1337616912.17 70.8518829346
1337616912.18 73.7525863647
1337616912.18 72.9079742432
1337616912.18 74.3028640747
1337616912.19 76.2774581909
1337616912.2 78.1531143188
1337616912.2 81.7833328247
1337616912.2 86.8039932251
1337616912.21 89.0196838379
1337616912.21 91.1500167847
1337616912.22 95.5068664551
1337616912.22 97.4575958252
1337616912.24 97.421875
1337616912.24 98.9908218384
1337616912.25 100.641098022
1337616912.25 101.722686768
1337616912.25 102.348052979
1337616912.26 101.867584229
1337616912.26 105.26600647
1337616912.26 108.657264709
1337616912.27 111.537033081
1337616912.27 109.096496582
1337616912.28 107.303375244
1337616912.29 105.653320312
1337616912.29 103.312232971
1337616912.3 104.334617615
1337616912.3 104.838920593
1337616912.31 101.291923523
1337616912.31 96.826423645
1337616912.33 94.5355606079
1337616912.33 91.2742004395
1337616912.33 89.4719543457
1337616912.33 91.556968689
1337616912.33 91.1125793457
1337616912.34 91.9924163818
1337616912.35 92.0512313843
1337616912.35 91.1541290283
1337616912.35 91.7307434082
1337616912.36 92.3368148804
1337616912.36 91.6845703125
1337616912.37 93.6148376465
1337616912.37 95.7637329102
1337616912.38 93.0510406494
1337616912.38 92.1026000977
1337616912.39 94.5406494141
1337616912.39 90.5984802246
1337616912.4 86.6901855469
1337616912.41 89.5736312866
1337616912.41 88.6912994385
1337616912.43 87.3928375244
1337616912.43 91.3854522705
1337616912.44 91.4437484741
1337616912.44 90.3065872192
1337616912.44 92.9013671875
1337616912.44 94.7655563354
1337616912.45 94.3944015503
1337616912.45 95.8257980347
1337616912.45 98.5537643433
1337616912.46 96.9196014404
1337616912.46 96.9355010986
1337616912.47 95.9353485107
1337616912.47 85.7595748901
1337616912.48 80.1505508423
1337616912.49 76.216583252
1337616912.49 71.5275497437
1337616912.51 69.1027145386
1337616912.51 69.0658493042
1337616912.51 67.5536499023
1337616912.51 65.4627151489
1337616912.51 65.5788421631
1337616912.53 63.3796386719
1337616912.53 60.6527366638
1337616912.53 62.1126289368
1337616912.53 65.8316116333
1337616912.54 68.0536346436
1337616912.54 70.8137435913
1337616912.55 70.6305999756
1337616912.55 71.3128585815
1337616912.56 71.9331665039
1337616912.57 71.3485870361
1337616912.57 69.9811782837
1337616912.57 64.4091110229
1337616912.6 60.3779640198
1337616912.6 56.1036338806
1337616912.6 55.1453895569
1337616912.6 56.1346054077
1337616912.61 54.6422958374
1337616912.61 57.5784568787
1337616912.61 59.354347229
1337616912.62 57.9105224609
1337616912.62 58.0001564026
1337616912.62 57.8846321106
1337616912.63 55.3225593567
1337616912.63 56.9252243042
1337616912.64 58.0469474792
1337616912.64 54.3601799011
1337616912.65 49.8421287537
1337616912.65 48.5235176086
1337616912.66 46.4204330444
1337616912.68 42.4582939148
1337616912.68 44.2444152832
1337616912.68 39.2266349792
1337616912.68 34.4008293152
1337616912.68 35.1892051697
1337616912.69 31.3950614929
1337616912.69 28.1582756042
1337616912.7 28.92943573
1337616912.7 29.1068572998
1337616912.71 26.8545475006
1337616912.71 26.4347400665
1337616912.72 25.3885402679
1337616912.72 20.7807674408
1337616912.73 19.7688217163
1337616912.74 21.7282333374
1337616912.74 17.8924217224
1337616912.76 15.0042734146
1337616912.76 15.3094120026
1337616912.76 12.8409519196
1337616912.76 11.0235805511
1337616912.76 11.6312007904
1337616912.77 10.7629747391
1337616912.77 9.99395942688
1337616912.78 12.5420007706
1337616912.79 14.7713823318
1337616912.79 14.9723482132
1337616912.8 17.4735031128
1337616912.8 18.0497512817
1337616912.81 19.6571121216
1337616912.81 20.4974079132
1337616912.82 19.0981578827
1337616912.83 19.2003078461
1337616912.83 19.94373703
1337616912.83 23.4502468109
1337616912.83 25.9009475708
1337616912.84 26.8340644836
1337616912.84 25.9538993835
1337616912.85 23.0260314941
1337616912.85 23.4644737244
1337616912.86 25.3700847626
1337616912.86 25.8915100098
1337616912.87 27.6177272797
1337616912.87 28.9312534332
1337616912.87 27.3172683716
1337616912.88 27.4767608643
1337616912.89 26.7642230988
1337616912.89 25.1876411438
1337616912.9 24.5425872803
1337616912.9 24.9297199249
1337616912.91 22.6396656036
1337616912.92 20.8324146271
1337616912.92 20.8591461182
1337616912.92 16.9889526367
1337616912.93 14.8520746231
1337616912.93 15.4256591797
1337616912.94 12.8361101151
1337616912.94 7.77820730209
1337616912.94 6.45210886002
1337616912.95 4.17112207413
1337616912.96 0.222754225135
1337616912.96 0.444966137409
1337616912.96 -0.640095710754
1337616912.97 -6.3154501915
1337616912.97 -9.37469291687
1337616912.98 -8.69509983063
1337616912.99 -10.3323459625
1337616913.0 -10.8397665024
1337616913.0 -10.0345964432
1337616913.0 -12.2335243225
1337616913.01 -12.4309740067
1337616913.01 -10.7638235092
1337616913.01 -11.3491783142
1337616913.02 -13.0729808807
1337616913.02 -12.0618638992
1337616913.03 -11.258644104
1337616913.03 -11.2278852463
1337616913.04 -7.80817365646
1337616913.05 -7.87776851654
1337616913.05 -9.70370674133
1337616913.06 -10.2284250259
1337616913.06 -10.7940483093
1337616913.07 -10.2825260162
1337616913.07 -8.52171897888
1337616913.08 -12.0356740952
1337616913.08 -13.2786769867
1337616913.09 -15.1017007828
1337616913.1 -19.0567855835
1337616913.1 -19.6213645935
1337616913.1 -23.3717460632
1337616913.11 -27.3959579468
1337616913.11 -32.4245529175
1337616913.11 -35.3865470886
1337616913.12 -34.7246055603
1337616913.13 -35.8268127441
1337616913.13 -32.6077919006
1337616913.13 -31.7161884308
1337616913.14 -33.450843811
1337616913.14 -30.3771057129
1337616913.15 -30.8430995941
1337616913.15 -30.1225166321
1337616913.16 -28.1521453857
1337616913.16 -27.9324817657
1337616913.17 -31.0361118317
1337616913.19 -32.4019775391
1337616913.19 -31.7408027649
1337616913.19 -34.9996795654
1337616913.19 -37.4480781555
1337616913.2 -35.6000289917
1337616913.2 -39.2773361206
1337616913.2 -41.0322113037
1337616913.21 -36.7767562866
1337616913.21 -39.5427970886
1337616913.22 -42.757106781
1337616913.22 -39.0852546692
1337616913.23 -39.0573005676
1337616913.23 -40.3301963806
1337616913.24 -39.3628807068
1337616913.24 -38.9215202332
1337616913.25 -40.0867004395
1337616913.25 -40.2030258179
1337616913.27 -38.2882118225
1337616913.27 -39.3503875732
1337616913.27 -41.0526771545
1337616913.28 -39.042301178
1337616913.28 -42.8955917358
1337616913.28 -44.7340354919
1337616913.29 -38.281879425
1337616913.29 -40.9320755005
1337616913.3 -38.399066925
1337616913.3 -30.9602985382
1337616913.31 -28.3307285309
1337616913.31 -24.9150676727
1337616913.32 -23.8048477173
1337616913.33 -21.849281311
1337616913.34 -23.2501983643
1337616913.34 -19.8967971802
1337616913.34 -17.9246063232
1337616913.34 -19.9452552795
1337616913.35 -18.9260425568
1337616913.35 -11.9262475967
1337616913.36 -7.20969057083
1337616913.36 -0.573713600636
1337616913.37 -1.04102444649
1337616913.37 -3.90284442902
1337616913.38 -3.35471487045
1337616913.38 -4.8517036438
1337616913.39 -8.77142429352
1337616913.39 -11.1422452927
1337616913.4 -13.1184215546
1337616913.41 -14.8874025345
1337616913.42 -16.8528003693
1337616913.42 -18.2036361694
1337616913.42 -16.9196739197
1337616913.43 -18.5259304047
1337616913.43 -21.237953186
1337616913.43 -20.3503608704
1337616913.44 -20.949174881
1337616913.44 -21.719417572
1337616913.45 -18.7876777649
1337616913.45 -17.4065265656
1337616913.46 -17.829574585
1337616913.46 -16.8686332703
1337616913.47 -16.2118453979
1337616913.47 -16.1249294281
1337616913.48 -13.5922012329
1337616913.48 -11.5852298737
1337616913.5 -10.7808914185
1337616913.5 -7.79538297653
1337616913.5 -4.67385911942
1337616913.51 -6.1975774765
1337616913.51 -7.09624528885
1337616913.51 -6.76228904724
1337616913.52 -9.93719959259
1337616913.52 -10.0679550171
1337616913.53 -7.46578025818
1337616913.53 -7.66826915741
1337616913.54 -11.502866745
1337616913.54 -9.12188339233
1337616913.55 -8.54701709747
1337616913.55 -8.75140285492
1337616913.56 -3.90094184875
1337616913.56 -1.31843090057
1337616913.57 -0.38260525465
1337616913.58 4.91444826126
1337616913.58 8.38006210327
1337616913.58 7.37920999527
1337616913.59 11.6725378036
1337616913.59 12.7924060822
1337616913.6 10.7327899933
1337616913.6 15.2126054764
1337616913.61 19.5227775574
1337616913.61 18.5351219177
1337616913.62 21.626909256
1337616913.62 25.2014255524
1337616913.63 21.8934803009
1337616913.63 23.1493396759
1337616913.64 26.5810604095
1337616913.65 26.848443985
1337616913.65 26.5107383728
1337616913.66 29.9922809601
1337616913.66 27.4624938965
1337616913.66 26.2090511322
1337616913.67 31.0544586182
1337616913.67 29.0909175873
1337616913.68 27.3631153107
1337616913.68 29.9047107697
1337616913.69 28.2392692566
1337616913.69 27.2695713043
1337616913.7 32.7385673523
1337616913.7 31.4790363312
1337616913.71 28.5656833649
1337616913.71 32.2002563477
1337616913.72 31.2227802277
1337616913.72 31.1831989288
1337616913.73 38.2852249146
1337616913.73 39.5029983521
1337616913.75 35.3697013855
1337616913.75 40.7814750671
1337616913.75 40.3432807922
1337616913.75 35.8192977905
1337616913.76 38.4574394226
1337616913.76 36.2082214355
1337616913.77 32.1309661865
1337616913.77 37.1539993286
1337616913.78 38.129447937
1337616913.78 34.6537132263
1337616913.79 39.5964508057
1337616913.79 40.0563926697
1337616913.8 38.6811408997
1337616913.8 45.7063331604
1337616913.82 48.4811210632
1337616913.82 48.282081604
1337616913.82 53.8562812805
1337616913.83 57.2565116882
1337616913.83 56.548500061
1337616913.83 59.1935539246
1337616913.84 58.6381111145
1337616913.84 56.3011207581
1337616913.85 58.0009689331
1337616913.85 58.7342185974
1337616913.86 55.5903053284
1337616913.86 55.7576560974
1337616913.87 57.3614463806
1337616913.87 55.9448814392
1337616913.88 59.4918861389
1337616913.88 63.4238243103
1337616913.89 58.4933509827
1337616913.9 57.2573776245
1337616913.9 57.8273048401
1337616913.91 56.4432830811
1337616913.91 58.2690811157
1337616913.91 59.9289512634
1337616913.92 58.2847862244
1337616913.92 55.966293335
1337616913.93 54.3801040649
1337616913.93 52.1137771606
1337616913.94 52.8162651062
1337616913.94 55.5927886963
1337616913.95 54.0932388306
1337616913.95 54.6572151184
1337616913.96 57.044883728
1337616913.96 56.708770752
1337616913.97 58.1547851562
1337616913.99 61.4727134705
1337616913.99 59.4501991272
1337616913.99 57.888004303
1337616913.99 57.6028213501
1337616913.99 56.75831604
1337616914.0 56.4183387756
1337616914.0 56.0547294617
1337616914.01 56.6033058167
1337616914.01 57.32837677
1337616914.02 60.7073707581
1337616914.02 61.6233787537
1337616914.03 61.8529853821
1337616914.04 62.5950660706
1337616914.04 64.127281189
1337616914.04 65.6328048706
1337616914.05 67.6935348511
1337616914.05 69.0473480225
1337616914.07 69.0625457764
1337616914.07 69.1054229736
1337616914.07 71.7695846558
1337616914.07 71.9717254639
1337616914.08 69.3958206177
1337616914.08 69.6661071777
1337616914.09 69.4820556641
1337616914.09 68.7970275879
1337616914.1 69.9452514648
1337616914.1 67.0717849731
1337616914.11 61.6800422668
1337616914.11 63.7915267944
1337616914.12 63.0989151001
1337616914.12 60.2231788635
1337616914.13 60.6235809326
1337616914.13 56.5599403381
1337616914.15 51.690196991
1337616914.15 52.0442199707
1337616914.15 50.2672462463
1337616914.15 44.4940414429
1337616914.16 46.0925064087
1337616914.16 46.4163818359
1337616914.17 42.8514709473
1337616914.17 47.0928878784
1337616914.18 46.8947982788
1337616914.18 42.9066200256
1337616914.19 47.4203643799
1337616914.19 49.2136077881
1337616914.2 46.8852272034
1337616914.2 50.1282920837
1337616914.21 52.4183998108
1337616914.21 49.7677688599
1337616914.22 53.9370574951
1337616914.22 55.5050506592
1337616914.23 52.8630142212
1337616914.23 56.1392173767
1337616914.24 57.5939407349
1337616914.24 55.8666191101
1337616914.25 57.152557373
1337616914.25 60.3961601257
1337616914.26 60.4061584473
1337616914.26 60.8733673096
1337616914.27 65.5284423828
1337616914.27 64.0583648682
1337616914.28 60.6877822876
1337616914.28 62.9716644287
1337616914.29 60.663269043
1337616914.29 59.5723342896
1337616914.3 61.7507514954
1337616914.32 57.5059089661
1337616914.32 51.5116539001
1337616914.32 52.6550292969
1337616914.32 53.2348861694
1337616914.32 50.0801544189
1337616914.33 54.2138977051
1337616914.33 53.1907501221
1337616914.34 49.3421821594
1337616914.34 53.106803894
1337616914.35 53.5207481384
1337616914.35 48.9908599854
1337616914.37 50.7998657227
1337616914.37 52.2433357239
1337616914.37 49.6971244812
1337616914.37 54.0756416321
1337616914.38 56.8744392395
1337616914.38 54.2391242981
1337616914.39 57.5892829895
1337616914.39 61.3088226318
1337616914.4 59.6315994263
1337616914.4 61.0627861023
1337616914.41 61.9737510681
1337616914.41 57.938369751
1337616914.42 59.9469070435
1337616914.42 63.4320907593
1337616914.43 60.9434661865
1337616914.43 61.986492157
1337616914.44 64.1683502197
1337616914.44 61.2051544189
1337616914.45 62.8202934265
1337616914.45 66.5859222412
1337616914.46 65.2768783569
1337616914.46 66.1878051758
1337616914.47 68.8272094727
1337616914.47 67.4809341431
1337616914.48 67.199180603
1337616914.48 68.0677185059
1337616914.5 66.4778594971
1337616914.5 67.172958374
1337616914.5 68.9923400879
1337616914.5 68.5193099976
1337616914.51 69.6616287231
1337616914.51 73.7128067017
1337616914.52 75.6172027588
1337616914.52 76.6399688721
1337616914.53 79.1574630737
1337616914.53 81.9528961182
1337616914.54 85.8390655518
1337616914.54 92.2023162842
1337616914.55 95.333770752
1337616914.55 97.663482666
1337616914.56 103.730659485
1337616914.56 106.255714417
1337616914.57 106.291313171
1337616914.58 107.984809875
1337616914.58 106.936508179
1337616914.59 106.550827026
1337616914.59 107.925109863
1337616914.59 109.918838501
1337616914.6 110.200027466
1337616914.6 113.277061462
1337616914.61 115.72555542
1337616914.61 115.502685547
1337616914.62 118.635795593
1337616914.62 122.338478088
1337616914.63 123.583564758
1337616914.63 127.929931641
1337616914.63 134.243789673
1337616914.64 137.029663086
1337616914.64 140.779724121
1337616914.65 144.206680298
1337616914.66 143.642715454
1337616914.66 144.806381226
1337616914.67 144.995117188
1337616914.67 141.476608276
1337616914.68 141.428100586
1337616914.68 143.031158447
1337616914.69 134.415267944
1337616914.69 130.060287476
1337616914.69 128.509597778
1337616914.7 131.025894165
1337616914.71 134.45098877
1337616914.71 139.21862793
1337616914.71 145.516479492
1337616914.72 152.683181763
1337616914.72 162.41973877
1337616914.73 165.561706543
1337616914.75 163.409179688
1337616914.75 164.028198242
1337616914.76 161.569503784
1337616914.76 160.645324707
1337616914.76 161.598007202
1337616914.76 156.805923462
1337616914.77 153.875411987
1337616914.77 154.357437134
1337616914.77 153.006195068
1337616914.78 151.950500488
1337616914.78 148.304992676
1337616914.79 139.560897827
1337616914.79 133.114181519
1337616914.8 134.211746216
1337616914.8 132.203674316
1337616914.81 131.060272217
1337616914.82 132.081634521
1337616914.83 129.558166504
1337616914.83 130.4090271
1337616914.83 136.823364258
1337616914.84 138.608718872
1337616914.84 140.350479126
1337616914.84 143.635437012
1337616914.85 144.934585571
1337616914.86 144.415252686
1337616914.86 145.870727539
1337616914.86 140.979476929
1337616914.87 135.855667114
1337616914.87 134.281982422
1337616914.88 132.094955444
1337616914.89 131.24848938
1337616914.89 133.177124023
1337616914.89 130.881332397
1337616914.9 126.972808838
1337616914.92 131.771896362
1337616914.92 134.906784058
1337616914.92 136.21105957
1337616914.92 136.616104126
1337616914.93 133.960266113
1337616914.93 130.057937622
1337616914.93 128.173019409
1337616914.94 127.464073181
1337616914.94 122.564506531
1337616914.95 120.868164062
1337616914.95 118.356903076
1337616914.96 115.173370361
1337616914.96 118.041305542
1337616914.97 125.207115173
1337616914.97 125.415435791
1337616914.98 129.774276733
1337616915.0 137.118606567
1337616915.0 141.287445068
1337616915.0 149.53137207
1337616915.0 152.611785889
1337616915.01 150.60345459
1337616915.01 151.616409302
1337616915.01 154.322265625
1337616915.02 150.520019531
1337616915.02 147.952255249
1337616915.03 143.831970215
1337616915.03 132.047515869
1337616915.04 127.34425354
1337616915.04 126.837661743
1337616915.05 121.670074463
1337616915.05 117.591690063
1337616915.06 112.789085388
1337616915.06 110.018722534
1337616915.08 113.130989075
1337616915.08 118.570350647
1337616915.08 118.729698181
1337616915.08 120.231880188
1337616915.09 122.083847046
1337616915.09 122.59866333
1337616915.1 125.805618286
1337616915.1 131.236160278
1337616915.11 132.710983276
1337616915.11 134.627670288
1337616915.12 137.456466675
1337616915.12 137.714553833
1337616915.13 135.969299316
1337616915.13 136.885604858
1337616915.14 134.567245483
1337616915.14 132.333557129
1337616915.15 129.844863892
1337616915.18 124.172561646
1337616915.18 118.406593323
1337616915.18 116.312759399
1337616915.18 118.492988586
1337616915.18 120.241386414
1337616915.18 125.897201538
1337616915.18 131.781265259
1337616915.19 135.222946167
1337616915.19 140.509658813
1337616915.2 142.633956909
1337616915.2 140.925720215
1337616915.21 145.160293579
1337616915.21 147.098266602
1337616915.22 141.403701782
1337616915.23 139.479293823
1337616915.23 134.594665527
1337616915.23 128.378707886
1337616915.25 128.732711792
1337616915.25 127.534286499
1337616915.25 117.604469299
1337616915.26 112.104110718
1337616915.26 105.612495422
1337616915.26 97.2949523926
1337616915.27 107.512969971
1337616915.27 113.539932251
1337616915.28 115.07661438
1337616915.29 120.934822083
1337616915.29 122.83127594
1337616915.3 123.51033783
1337616915.3 127.832672119
1337616915.3 127.759719849
1337616915.31 127.448158264
1337616915.32 131.530639648
1337616915.32 127.655792236
1337616915.33 121.610183716
1337616915.33 119.821105957
1337616915.35 115.219200134
1337616915.35 108.587272644
1337616915.35 109.492294312
1337616915.35 106.840255737
1337616915.35 102.587402344
1337616915.36 102.432548523
1337616915.37 98.5039215088
1337616915.37 101.575241089
1337616915.37 108.71912384
1337616915.38 112.465293884
1337616915.38 115.227546692
1337616915.39 119.362495422
1337616915.39 106.855934143
1337616915.4 95.1377487183
1337616915.43 88.335067749
1337616915.43 83.6621856689
1337616915.43 77.7643814087
1337616915.43 72.9970092773
1337616915.43 67.9654083252
1337616915.43 65.9484176636
1337616915.43 66.1318817139
1337616915.44 66.8818740845
1337616915.44 62.6578407288
1337616915.47 58.6911659241
1337616915.47 57.4232521057
1337616915.47 52.4034385681
1337616915.47 50.3613471985
1337616915.47 49.0938034058
1337616915.48 45.3622703552
1337616915.48 40.375957489
1337616915.49 37.6644058228
1337616915.49 33.3565940857
1337616915.49 29.7526741028
1337616915.5 29.4238929749
1337616915.51 25.1263484955
1337616915.51 25.524181366
1337616915.51 29.0886669159
1337616915.52 29.5178756714
1337616915.52 30.5083580017
