1337618023.03 0.0
1337618023.03 0.0
1337618023.04 0.0
1337618023.05 0.0
1337618023.05 0.0
1337618023.05 0.0
1337618023.06 0.0
1337618023.06 0.0
1337618023.07 0.0
1337618023.07 0.0
1337618023.08 0.0
1337618023.08 0.0
1337618023.09 0.0
1337618023.1 0.0
1337618023.1 0.0
1337618023.1 0.0
1337618023.11 0.0
1337618023.11 0.0
1337618023.12 0.0
1337618023.12 0.0
1337618023.13 0.0
1337618023.13 0.0
1337618023.14 0.0
1337618023.15 0.0
1337618023.15 0.0
1337618023.15 0.0
1337618023.16 0.0
1337618023.16 0.0
1337618023.17 0.0
1337618023.17 0.0
1337618023.18 0.0
1337618023.18 0.0
1337618023.19 0.0
1337618023.19 0.0
1337618023.2 0.0
1337618023.2 0.0
1337618023.22 0.0
1337618023.22 0.0
1337618023.22 0.0
1337618023.22 0.0
1337618023.23 0.0
1337618023.23 0.0
1337618023.24 0.0
1337618023.24 0.0
1337618023.25 0.0
1337618023.26 0.0
1337618023.31 0.0
1337618023.31 0.0
1337618023.31 0.0
1337618023.31 0.0
1337618023.32 0.0
1337618023.32 0.0
1337618023.32 0.0
1337618023.32 0.0
1337618023.32 0.0
1337618023.45 0.0
1337618023.45 0.0
1337618023.47 0.0
1337618023.47 0.0
1337618023.47 0.0
1337618023.47 0.0
1337618023.47 0.0
1337618023.48 0.0
1337618023.48 0.0
1337618023.48 0.0
1337618023.48 0.0
1337618023.53 0.0
1337618023.53 0.0
1337618023.54 0.0
1337618023.54 0.0
1337618023.55 0.0
1337618023.55 0.0
1337618023.55 0.0
1337618023.55 0.0
1337618023.56 0.0
1337618023.56 0.0
1337618023.56 0.0
1337618023.57 0.0
1337618023.6 0.0
1337618023.6 0.0
1337618023.6 0.0
1337618023.6 0.0
1337618023.6 0.0
1337618023.6 0.0
1337618023.6 0.0
1337618023.6 0.0
1337618023.61 0.0
1337618023.61 0.0
1337618023.61 0.0
1337618023.61 0.0
1337618023.61 0.0
1337618023.61 0.0
1337618023.61 0.0
1337618023.61 0.0
1337618023.62 0.0
1337618023.63 0.0
1337618023.63 0.0
1337618023.63 0.0
1337618023.64 0.0
1337618023.64 0.0
1337618023.64 0.0
1337618023.64 0.0
1337618023.64 0.0
1337618023.64 0.0
1337618023.64 0.0
1337618023.65 0.0
1337618023.65 0.0
1337618023.65 0.0
1337618023.65 0.0
1337618023.66 0.0
1337618023.66 0.0
1337618023.66 0.0
1337618023.66 0.0
1337618023.66 0.0
1337618023.66 0.0
1337618023.66 0.0
1337618023.66 0.0
1337618023.67 0.0
1337618023.67 0.0
1337618023.67 0.0
1337618023.67 0.0
1337618023.67 0.0
1337618023.67 0.0
1337618023.67 0.0
1337618023.67 0.0
1337618023.67 0.0
1337618023.67 0.0
1337618023.67 0.0
1337618023.67 0.0
1337618023.68 0.0
1337618023.68 0.0
1337618023.68 0.0
1337618023.68 0.0
1337618023.69 0.0
1337618023.7 0.0
1337618023.7 0.0
1337618023.7 0.0
1337618023.71 0.0
1337618023.72 0.0
1337618023.72 0.0
1337618023.72 0.0
1337618023.73 0.0
1337618023.74 0.0
1337618023.76 0.0
1337618023.76 0.0
1337618023.76 0.0
1337618023.76 0.0
1337618023.76 0.0
1337618023.77 0.0
1337618023.77 0.0
1337618023.77 0.0
1337618023.78 0.0
1337618023.78 0.0
1337618023.79 0.0
1337618023.79 0.0
1337618023.81 0.0
1337618023.81 0.0
1337618023.81 0.0
1337618023.82 0.0
1337618023.82 0.0
1337618023.82 0.0
1337618023.83 0.0
1337618023.84 0.0
1337618023.85 0.0
1337618023.85 0.0
1337618023.85 0.0
1337618023.85 0.0
1337618023.86 0.0
1337618023.86 0.0
1337618023.87 0.0
1337618023.87 0.0
1337618023.88 0.0
1337618023.88 0.0
1337618023.9 0.0
1337618023.9 0.0
1337618023.9 0.0
1337618023.9 0.0
1337618023.91 0.0
1337618023.92 0.0
1337618023.92 0.0
1337618023.92 0.0
1337618023.93 0.0
1337618023.93 0.0
1337618023.95 0.0
1337618023.95 0.0
1337618023.95 0.0
1337618023.95 0.0
1337618023.96 0.0
1337618023.96 0.0
1337618023.97 0.0
1337618023.97 0.0
1337618023.98 0.0
1337618023.98 0.0
1337618024.0 0.0
1337618024.0 0.0
1337618024.0 0.0
1337618024.0 0.0
1337618024.01 0.0
1337618024.01 0.0
1337618024.02 0.0
1337618024.02 0.0
1337618024.03 0.0
1337618024.03 0.0
1337618024.05 0.0
1337618024.05 0.0
1337618024.05 0.0
1337618024.05 0.0
1337618024.06 0.0
1337618024.06 0.0
1337618024.07 0.0
1337618024.07 0.0
1337618024.08 0.0
1337618024.08 0.0
1337618024.1 0.0
1337618024.1 0.0
1337618024.1 0.0
1337618024.1 0.0
1337618024.11 0.0
1337618024.11 0.0
1337618024.12 0.0
1337618024.12 0.0
1337618024.13 0.0
1337618024.13 0.0
1337618024.15 0.0
1337618024.15 0.0
1337618024.15 0.0
1337618024.15 0.0
1337618024.16 0.0
1337618024.16 0.0
1337618024.17 0.0
1337618024.17 0.0
1337618024.18 0.0
1337618024.18 0.0
1337618024.19 0.0
1337618024.19 0.0
1337618024.2 0.0
1337618024.2 0.0
1337618024.22 0.0
1337618024.22 0.0
1337618024.22 0.0
1337618024.22 0.0
1337618024.23 0.0
1337618024.23 0.0
1337618024.24 0.0
1337618024.24 0.0
1337618024.25 0.0
1337618024.25 0.0
1337618024.26 0.0
1337618024.27 0.0
1337618024.28 0.0
1337618024.28 0.0
1337618024.28 0.0
1337618024.28 0.0
1337618024.29 0.0
1337618024.29 0.0
1337618024.3 0.0
1337618024.31 0.0
1337618024.31 0.0
1337618024.31 0.0
1337618024.32 0.0
1337618024.32 0.0
1337618024.33 0.0
1337618024.33 0.0
1337618024.34 0.0
1337618024.34 0.0
1337618024.35 0.0
1337618024.36 0.0
1337618024.36 0.0
1337618024.36 0.0
1337618024.37 0.0
1337618024.37 0.0
1337618024.38 0.0
1337618024.38 0.0
1337618024.39 0.0
1337618024.4 0.0
1337618024.4 0.0
1337618024.42 0.0
1337618024.42 0.0
1337618024.42 0.0
1337618024.42 0.0
1337618024.42 0.0
1337618024.43 0.0
1337618024.43 0.0
1337618024.44 0.0
1337618024.44 0.0
1337618024.45 0.0
1337618024.45 0.0
1337618024.47 0.0
1337618024.47 0.0
1337618024.47 0.0
1337618024.47 0.0
1337618024.48 0.0
1337618024.48 0.0
1337618024.49 0.0
1337618024.49 0.0
1337618024.5 0.0
1337618024.5 0.0
1337618024.52 0.0
1337618024.52 0.0
1337618024.52 0.0
1337618024.52 0.0
1337618024.54 0.0
1337618024.54 0.0
1337618024.54 0.0
1337618024.59 0.0
1337618024.6 0.0
1337618024.71 0.0
1337618024.71 0.0
1337618024.71 0.0
1337618024.72 0.0
1337618024.72 0.0
1337618024.73 0.0
1337618024.73 0.0
1337618024.73 0.0
1337618024.74 0.0
1337618025.09 0.0
1337618025.1 0.0
1337618025.1 0.0
1337618025.1 0.0
1337618025.1 0.0
1337618025.1 0.0
1337618025.1 0.0
1337618025.1 0.0
1337618025.1 0.0
1337618025.11 0.0
1337618025.11 0.0
1337618025.11 0.0
1337618025.11 0.0
1337618025.11 0.0
1337618025.11 0.0
1337618025.11 0.0
1337618025.11 0.0
1337618025.12 0.0
1337618025.12 0.0
1337618025.12 0.0
1337618025.12 0.0
1337618025.12 0.0
1337618025.12 0.0
1337618025.12 0.0
1337618025.12 0.0
1337618025.12 0.0
1337618025.12 0.0
1337618025.13 0.0
1337618025.13 0.0
1337618025.13 0.0
1337618025.13 0.0
1337618025.13 0.0
1337618025.13 0.0
1337618025.13 0.0
1337618025.13 0.0
1337618025.13 0.0
1337618025.13 0.0
1337618025.13 0.0
1337618025.13 0.0
1337618025.13 0.0
1337618025.13 0.0
1337618025.13 0.0
1337618025.13 0.0
1337618025.13 0.0
1337618025.13 0.0
1337618025.13 0.0
1337618025.13 0.0
1337618025.13 0.0
1337618025.13 0.0
1337618025.13 0.0
1337618025.13 0.0
1337618025.13 0.0
1337618025.13 0.0
1337618025.14 0.0
1337618025.14 0.0
1337618025.14 0.0
1337618025.14 0.0
1337618025.14 0.0
1337618025.14 0.0
1337618025.14 0.0
1337618025.14 0.0
1337618025.17 0.0
1337618025.17 0.0
1337618025.18 0.0
1337618025.18 0.0
1337618025.18 0.0
1337618025.18 0.0
1337618025.18 0.0
1337618025.18 0.0
1337618025.18 0.0
1337618025.18 0.0
1337618025.19 0.0
1337618025.19 0.0
1337618025.19 0.0
1337618025.19 0.0
1337618025.19 0.0
1337618025.19 0.0
1337618025.2 0.0
1337618025.21 0.0
1337618025.21 0.0
1337618025.21 0.0
1337618025.21 0.0
1337618025.21 0.0
1337618025.21 0.0
1337618025.21 0.0
1337618025.21 0.0
1337618025.21 0.0
1337618025.21 0.0
1337618025.21 0.0
1337618025.21 0.0
1337618025.22 0.0
1337618025.22 0.0
1337618025.24 0.0
1337618025.24 0.0
1337618025.24 0.0
1337618025.24 0.0
1337618025.24 0.0
1337618025.24 0.0
1337618025.24 0.0
1337618025.25 0.0
1337618025.25 0.0
1337618025.25 0.0
1337618025.25 0.0
1337618025.26 0.0
1337618025.28 0.0
1337618025.28 0.0
1337618025.28 0.0
1337618025.28 0.0
1337618025.28 0.0
1337618025.29 0.0
1337618025.29 0.0
1337618025.3 0.0
1337618025.31 0.0
1337618025.31 0.0
1337618025.32 0.0
1337618025.33 0.0
1337618025.33 0.0
1337618025.33 0.0
1337618025.34 0.0
1337618025.34 0.0
1337618025.34 0.0
1337618025.35 0.0
1337618025.35 0.0
1337618025.36 0.0
1337618025.36 0.0
1337618025.37 0.0
1337618025.37 0.0
1337618025.38 0.0
1337618025.39 0.0
1337618025.39 0.0
1337618025.39 0.0
1337618025.4 0.0
1337618025.41 0.0
1337618025.41 0.0
1337618025.41 0.0
1337618025.42 0.0
1337618025.43 0.0
1337618025.43 0.0
1337618025.43 0.0
1337618025.44 0.0
1337618025.46 0.0
1337618025.46 0.0
1337618025.46 0.0
1337618025.47 0.0
1337618025.47 0.0
1337618025.47 0.0
1337618025.47 0.0
1337618025.48 0.0
1337618025.48 0.0
1337618025.49 0.0
1337618025.5 0.0
1337618025.5 0.0
1337618025.5 0.0
1337618025.52 0.0
1337618025.53 0.0
1337618025.53 0.0
1337618025.53 0.0
1337618025.53 0.0
1337618025.54 0.0
1337618025.54 0.0
1337618025.54 0.0
1337618025.55 0.0
1337618025.55 0.0
1337618025.56 0.0
1337618025.57 0.0
1337618025.57 0.0
1337618025.57 0.0
1337618025.58 0.0
1337618025.58 0.0
1337618025.59 0.0
1337618025.59 0.0
1337618025.6 0.0
1337618025.61 0.0
1337618025.61 0.0
1337618025.62 0.0
1337618025.62 0.0
1337618025.62 0.0
1337618025.63 0.0
1337618025.63 0.0
1337618025.64 0.0
1337618025.64 0.0
1337618025.65 0.0
1337618025.66 0.0
1337618025.66 0.0
1337618025.67 0.0
1337618025.67 0.0
1337618025.67 0.0
1337618025.68 0.0
1337618025.68 0.0
1337618025.69 0.0
1337618025.69 0.0
1337618025.7 0.0
1337618025.71 0.0
1337618025.72 0.0
1337618025.72 0.0
1337618025.72 0.0
1337618025.72 0.0
1337618025.73 0.0
1337618025.73 0.0
1337618025.74 0.0
1337618025.74 0.0
1337618025.75 0.0
1337618025.76 0.0
1337618025.77 0.0
1337618025.77 0.0
1337618025.77 0.0
1337618025.77 0.0
1337618025.78 0.0
1337618025.78 0.0
1337618025.79 0.0
1337618025.79 0.0
1337618025.8 0.0
1337618025.81 0.0
1337618025.81 0.0
1337618025.81 0.0
1337618025.82 0.0
1337618025.82 0.0
1337618025.83 0.0
1337618025.83 0.0
1337618025.84 0.0
1337618025.84 0.0
1337618025.85 0.0
1337618025.87 0.0
1337618025.87 0.0
1337618025.87 0.0
1337618025.87 0.0
1337618025.87 0.0
1337618025.88 0.0
1337618025.88 0.0
1337618025.89 0.0
1337618025.89 0.0
1337618025.9 0.0
1337618025.91 0.0
1337618025.91 0.0
1337618025.91 0.0
1337618025.92 0.0
1337618025.92 0.0
1337618025.93 0.0
1337618025.93 0.0
1337618025.94 0.0
1337618025.94 0.0
1337618025.95 0.0
1337618025.95 0.0
1337618025.96 0.0
1337618025.96 0.0
1337618025.97 0.0
1337618025.97 0.0
1337618025.98 0.0
1337618025.99 0.0
1337618026.0 0.0
1337618026.0 0.0
1337618026.0 0.0
1337618026.0 0.0
1337618026.01 0.0
1337618026.01 0.0
1337618026.02 0.0
1337618026.02 0.0
1337618026.03 0.0
1337618026.03 0.0
1337618026.04 0.0
1337618026.04 0.0
1337618026.05 0.0
1337618026.05 0.0
1337618026.06 0.0
1337618026.06 0.0
1337618026.08 0.0
1337618026.08 0.0
1337618026.08 0.0
1337618026.08 0.0
1337618026.09 0.0
1337618026.09 0.0
1337618026.1 0.0
1337618026.1 0.0
1337618026.11 0.0
1337618026.11 0.0
1337618026.12 0.0
1337618026.12 0.0
1337618026.13 0.0
1337618026.13 0.0
1337618026.14 0.0
1337618026.14 0.0
1337618026.16 0.0
1337618026.16 0.0
1337618026.16 0.0
1337618026.16 0.0
1337618026.17 0.0
1337618026.17 0.0
1337618026.18 0.0
1337618026.18 0.0
1337618026.19 0.0
1337618026.19 0.0
1337618026.2 0.0
1337618026.2 0.0
1337618026.21 0.0
1337618026.21 0.0
1337618026.22 0.0
1337618026.22 0.0
1337618026.23 0.0
1337618026.24 0.0
1337618026.24 0.0
1337618026.25 0.0
1337618026.25 0.0
1337618026.25 0.0
1337618026.26 0.0
1337618026.26 0.0
1337618026.27 0.0
1337618026.27 0.0
1337618026.27 0.0
1337618026.28 0.0
1337618026.29 0.0
1337618026.29 0.0
1337618026.3 0.0
1337618026.3 0.0
1337618026.31 0.0
1337618026.31 0.0
1337618026.33 0.0
1337618026.33 0.0
1337618026.33 0.0
1337618026.33 0.0
1337618026.34 0.0
1337618026.34 0.0
1337618026.35 0.0
1337618026.35 0.0
1337618026.36 0.0
1337618026.36 0.0
1337618026.37 0.0
1337618026.37 0.0
1337618026.38 0.0
1337618026.38 0.0
1337618026.39 0.0
1337618026.39 0.0
1337618026.41 0.0
1337618026.41 0.0
1337618026.41 0.0
1337618026.41 0.0
1337618026.42 0.0
1337618026.42 0.0
1337618026.43 0.0
1337618026.43 0.0
1337618026.44 0.0
1337618026.44 0.0
1337618026.45 0.0
1337618026.45 0.0
1337618026.46 0.0
1337618026.46 0.0
1337618026.47 0.0
1337618026.47 0.0
1337618026.48 0.0
1337618026.5 0.0
1337618026.5 0.0
1337618026.5 0.0
1337618026.5 0.0
1337618026.5 0.0
1337618026.51 0.0
1337618026.51 0.0
1337618026.52 0.0
1337618026.52 0.0
1337618026.53 0.0
1337618026.53 0.0
1337618026.53 0.0
1337618026.54 0.0
1337618026.55 0.0
1337618026.55 0.0
1337618026.56 0.0
1337618026.56 0.0
1337618026.59 0.0
1337618026.59 0.0
1337618026.6 0.0
1337618026.6 0.0
1337618026.6 0.0
1337618026.61 0.0
1337618026.61 0.0
1337618026.61 0.0
1337618026.61 0.0
1337618026.62 0.0
1337618026.62 0.0
1337618026.63 0.0
1337618026.63 0.0
1337618026.65 0.0
1337618026.65 0.0
1337618026.66 0.0
1337618026.82 0.0
1337618026.82 0.0
1337618026.82 0.0
1337618026.83 0.0
1337618026.83 0.0
1337618026.83 0.0
1337618026.83 0.0
1337618026.83 0.0
1337618026.83 0.0
1337618026.83 0.0
1337618026.83 0.0
1337618026.84 0.0
1337618026.84 0.0
1337618026.84 0.0
1337618026.84 0.0
1337618026.84 0.0
1337618026.84 0.0
1337618026.84 0.0
1337618026.84 0.0
1337618026.84 0.0
1337618026.85 0.0
1337618026.85 0.0
1337618026.85 0.0
1337618026.85 0.0
1337618026.85 0.0
1337618026.85 0.0
1337618026.85 0.0
1337618026.85 0.0
1337618026.87 0.0
1337618026.87 0.0
1337618026.87 0.0
1337618026.87 0.0
1337618026.87 0.0
1337618026.87 0.0
1337618026.87 0.0
1337618026.87 0.0
1337618026.87 0.0
1337618026.88 0.0
1337618026.88 0.0
1337618026.88 0.0
1337618026.88 0.0
1337618026.88 0.0
1337618026.88 0.0
1337618026.88 0.0
1337618026.88 0.0
1337618026.88 0.0
1337618026.88 0.0
1337618026.88 0.0
1337618026.88 0.0
1337618026.89 0.0
1337618026.89 0.0
1337618026.9 0.0
1337618026.9 0.0
1337618026.91 0.0
1337618026.91 0.0
1337618026.92 0.0
1337618026.92 0.0
1337618026.93 0.0
1337618026.93 0.0
1337618026.94 0.0
1337618026.94 0.0
1337618026.95 0.0
1337618026.95 0.0
1337618026.96 0.0
1337618026.96 0.0
1337618026.98 0.0
1337618026.98 0.0
1337618026.98 0.0
1337618026.99 0.0
1337618026.99 0.0
1337618026.99 0.0
1337618027.0 0.0
1337618027.0 0.0
1337618027.01 0.0
1337618027.01 0.0
1337618027.02 0.0
1337618027.02 -1.0
1337618027.03 -1.0
1337618027.03 -1.0
1337618027.04 -1.0
1337618027.04 -1.0
1337618027.06 -1.0
1337618027.06 -1.0
1337618027.06 -1.0
1337618027.07 -1.0
1337618027.07 -1.0
1337618027.08 -1.0
1337618027.08 -1.0
1337618027.08 -1.0
1337618027.09 -1.0
1337618027.09 -1.0
1337618027.1 -1.0
1337618027.1 -1.0
1337618027.11 -1.0
1337618027.11 -1.0
1337618027.12 -1.0
1337618027.12 -1.0
1337618027.13 -1.0
1337618027.14 -1.0
1337618027.14 -1.0
1337618027.15 -1.0
1337618027.15 -1.0
1337618027.15 -1.0
1337618027.16 -1.0
1337618027.16 -1.0
1337618027.17 -1.0
1337618027.17 -1.0
1337618027.18 -1.0
1337618027.18 -1.0
1337618027.19 -1.0
1337618027.19 -1.0
1337618027.2 -1.0
1337618027.2 -1.0
1337618027.21 -1.0
1337618027.21 -1.0
1337618027.22 -1.0
1337618027.22 -1.0
1337618027.24 -1.0
1337618027.24 -1.0
1337618027.24 -1.0
1337618027.24 -1.0
1337618027.25 -1.0
1337618027.25 -1.0
1337618027.26 -1.0
1337618027.26 -1.0
1337618027.27 -1.0
1337618027.27 -1.0
1337618027.28 -1.0
1337618027.28 -1.0
1337618027.29 -1.0
1337618027.29 -1.0
1337618027.31 -1.0
1337618027.31 -1.0
1337618027.31 -1.0
1337618027.31 -1.0
1337618027.32 -1.0
1337618027.32 -1.0
1337618027.33 -1.0
1337618027.33 -1.0
1337618027.34 -1.0
1337618027.34 -1.0
1337618027.35 -1.0
1337618027.35 -1.0
1337618027.36 -1.0
1337618027.37 -1.0
1337618027.37 -1.0
1337618027.37 -1.0
1337618027.38 -1.0
1337618027.38 -1.0
1337618027.39 -1.0
1337618027.39 -1.0
1337618027.4 -1.0
1337618027.4 -1.0
1337618027.41 -1.0
1337618027.41 -1.0
1337618027.43 -1.0
1337618027.43 -1.0
1337618027.43 -1.0
1337618027.43 -1.0
1337618027.44 -1.0
1337618027.44 -1.0
1337618027.45 -1.0
1337618027.45 -1.0
1337618027.46 -1.0
1337618027.48 -1.0
1337618027.48 -1.0
1337618027.48 -1.0
1337618027.48 -1.0
1337618027.48 -1.0
1337618027.49 -1.0
1337618027.49 -1.0
1337618027.5 -1.0
1337618027.5 -1.0
1337618027.51 -1.0
1337618027.52 -1.0
1337618027.53 -1.0
1337618027.53 -1.0
1337618027.53 -1.0
1337618027.53 -1.0
1337618027.54 -1.0
1337618027.54 -1.0
1337618027.55 -1.0
1337618027.55 -1.0
1337618027.56 -1.0
1337618027.57 -1.0
1337618027.58 -1.0
1337618027.58 -1.0
1337618027.58 -1.0
1337618027.58 -1.0
1337618027.59 -1.0
1337618027.59 -1.0
1337618027.6 -1.0
1337618027.6 -1.0
1337618027.61 -1.0
1337618027.62 -1.0
1337618027.62 -1.0
1337618027.62 -1.0
1337618027.63 -1.0
1337618027.63 -1.0
1337618027.64 -1.0
1337618027.64 -1.0
1337618027.65 -1.0
1337618027.65 -1.0
1337618027.66 -1.0
1337618027.67 -1.0
1337618027.67 -1.0
1337618027.67 -1.0
1337618027.68 -1.0
1337618027.68 -1.0
1337618027.69 -1.0
1337618027.69 -1.0
1337618027.7 -1.0
1337618027.7 -1.0
1337618027.71 -1.0
1337618027.71 -1.0
1337618027.72 -1.0
1337618027.72 -1.0
1337618027.74 -1.0
1337618027.74 -1.0
1337618027.74 -1.0
1337618027.74 -1.0
1337618027.75 -1.0
1337618027.75 -1.0
1337618027.76 -1.0
1337618027.76 -1.0
1337618027.77 -1.0
1337618027.77 -1.0
1337618027.78 -1.0
1337618027.79 -1.0
1337618027.79 -1.0
1337618027.8 -1.0
1337618027.8 -1.0
1337618027.8 -1.0
1337618027.81 -1.0
1337618027.81 -1.0
1337618027.82 -1.0
1337618027.82 -1.0
1337618027.84 -1.0
1337618027.89 -1.0
1337618027.89 -1.0
1337618027.89 -1.0
1337618027.89 -1.0
1337618027.9 -1.0
1337618027.9 -1.0
1337618027.9 -1.0
1337618027.9 -1.0
1337618027.9 -1.0
1337618027.9 -1.0
1337618027.9 -1.0
1337618027.9 -1.0
1337618027.95 -1.0
1337618027.95 -1.0
1337618027.95 -1.0
1337618027.95 -1.0
1337618027.96 -1.0
1337618027.96 -1.0
1337618027.96 -1.0
1337618027.96 -1.0
1337618027.97 -1.0
1337618027.98 -1.0
1337618027.98 -1.0
1337618027.98 -1.0
1337618027.98 -1.0
1337618027.98 -1.0
1337618027.98 -1.0
1337618027.98 -1.0
1337618027.99 -1.0
1337618027.99 -1.0
1337618027.99 -1.0
1337618027.99 -1.0
1337618027.99 -1.0
1337618028.0 -1.0
1337618028.0 -1.0
1337618028.01 -1.0
1337618028.01 -1.0
1337618028.02 -1.0
1337618028.02 -1.0
1337618028.04 0.0
1337618028.04 0.0
1337618028.05 0.0
1337618028.05 0.0
1337618028.05 0.0
1337618028.05 0.0
1337618028.06 0.0
1337618028.06 0.0
1337618028.07 0.0
1337618028.07 0.0
1337618028.07 0.0
1337618028.09 0.0
1337618028.09 0.0
1337618028.1 0.0
1337618028.11 0.0
1337618028.11 0.0
1337618028.12 0.0
1337618028.12 0.0
1337618028.12 0.0
1337618028.12 0.0
1337618028.12 0.0
1337618028.13 0.0
1337618028.15 0.0
1337618028.15 0.0
1337618028.16 0.0
1337618028.17 0.0
1337618028.17 0.0
1337618028.17 0.0
1337618028.17 0.0
1337618028.17 0.0
1337618028.18 0.0
1337618028.18 0.0
1337618028.19 0.0
1337618028.22 0.0
1337618028.23 0.0
1337618028.23 0.0
1337618028.23 0.0
1337618028.23 0.0
1337618028.23 0.0
1337618028.23 0.0
1337618028.24 0.0
1337618028.24 0.0
1337618028.24 0.0
1337618028.24 0.0
1337618028.25 0.0
1337618028.26 0.0
1337618028.26 0.0
1337618028.26 0.0
1337618028.27 0.0
1337618028.27 0.0
1337618028.27 0.0
1337618028.29 0.0
1337618028.29 0.0
1337618028.29 0.0
1337618028.29 0.0
1337618028.3 0.0
1337618028.3 0.0
1337618028.31 0.0
1337618028.31 0.0
1337618028.32 0.0
1337618028.33 0.0
1337618028.33 0.0
1337618028.33 0.0
1337618028.34 0.0
1337618028.34 0.0
1337618028.35 0.0
1337618028.35 0.0
1337618028.37 0.0
1337618028.37 0.0
1337618028.37 0.0
1337618028.37 0.0
1337618028.38 0.0
1337618028.38 0.0
1337618028.39 0.0
1337618028.39 0.0
1337618028.4 0.0
1337618028.4 0.0
1337618028.41 0.0
1337618028.41 0.0
1337618028.42 0.0
1337618028.43 0.0
1337618028.43 0.0
1337618028.44 0.0
1337618028.44 0.0
1337618028.44 0.0
1337618028.45 0.0
1337618028.45 0.0
1337618028.46 0.0
1337618028.46 0.0
1337618028.47 0.0
1337618028.48 0.0
1337618028.48 0.0
1337618028.49 0.0
1337618028.49 0.0
1337618028.49 0.0
1337618028.5 0.0
1337618028.5 0.0
1337618028.51 0.0
1337618028.51 0.0
1337618028.52 0.0
1337618028.53 0.0
1337618028.53 0.0
1337618028.54 0.0
1337618028.54 0.0
1337618028.54 0.0
1337618028.55 0.0
1337618028.55 0.0
1337618028.56 0.0
1337618028.56 0.0
1337618028.57 0.0
1337618028.58 0.0
1337618028.59 0.0
1337618028.59 0.0
1337618028.59 0.0
1337618028.59 0.0
1337618028.6 0.0
1337618028.6 0.0
1337618028.61 0.0
1337618028.61 0.0
1337618028.62 0.0
1337618028.62 0.0
1337618028.63 0.0
1337618028.63 0.0
1337618028.64 0.0
1337618028.64 0.0
1337618028.65 0.0
1337618028.66 0.0
1337618028.66 0.0
1337618028.67 0.0
1337618028.67 0.0
1337618028.67 0.0
1337618028.68 0.0
1337618028.68 0.0
1337618028.69 0.0
1337618028.69 0.0
1337618028.7 0.0
1337618028.7 0.0
1337618028.71 0.0
1337618028.71 0.0
1337618028.72 0.0
1337618028.72 0.0
1337618028.73 0.0
1337618028.73 0.0
1337618028.74 0.0
1337618028.74 0.0
1337618028.75 0.0
1337618028.76 0.0
1337618028.76 0.0
1337618028.76 0.0
1337618028.77 0.0
1337618028.78 0.0
1337618028.78 0.0
1337618028.78 0.0
1337618028.79 0.0
1337618028.79 0.0
1337618028.8 0.0
1337618028.8 0.0
1337618028.81 0.0
1337618028.81 0.0
1337618028.82 0.0
1337618028.82 0.0
1337618028.83 0.0
1337618028.83 0.0
1337618028.84 0.0
1337618028.85 0.0
1337618028.85 0.0
1337618028.85 0.0
1337618028.86 0.0
1337618028.86 0.0
1337618028.87 0.0
1337618028.87 0.0
1337618028.88 0.0
1337618028.88 0.0
1337618028.89 0.0
1337618028.89 0.0
1337618028.9 0.0
1337618028.9 0.0
1337618028.91 0.0
1337618028.92 0.0
1337618028.92 0.0
1337618028.92 0.0
1337618028.93 0.0
1337618028.93 0.0
1337618028.94 0.0
1337618028.94 0.0
1337618028.95 0.0
1337618028.95 0.0
1337618028.96 0.0
1337618028.96 0.0
1337618028.97 0.0
1337618028.97 0.0
1337618028.98 0.0
1337618028.98 0.0
1337618028.99 0.0
1337618029.0 0.0
1337618029.0 0.0
1337618029.0 0.0
1337618029.01 0.0
1337618029.01 0.0
1337618029.02 0.0
1337618029.02 0.0
1337618029.03 0.0
1337618029.03 0.0
1337618029.05 0.0
1337618029.05 0.0
1337618029.05 0.0
1337618029.05 0.0
1337618029.06 0.0
1337618029.06 0.0
1337618029.07 0.0
1337618029.08 0.0
1337618029.08 0.0
1337618029.08 0.0
1337618029.09 0.0
1337618029.09 0.0
1337618029.1 0.0
1337618029.1 0.0
1337618029.11 0.0
1337618029.11 0.0
1337618029.12 0.0
1337618029.13 0.0
1337618029.13 0.0
1337618029.13 0.0
1337618029.14 0.0
1337618029.14 0.0
1337618029.15 0.0
1337618029.15 0.0
1337618029.18 0.0
1337618029.18 0.0
1337618029.18 0.0
1337618029.2 0.0
1337618029.2 0.0
1337618029.2 0.0
1337618029.21 0.0
1337618029.21 0.0
1337618029.21 0.0
1337618029.21 0.0
1337618029.21 0.0
1337618029.21 0.0
1337618029.23 0.0
1337618029.24 0.0
1337618029.24 0.0
1337618029.24 0.0
1337618029.24 0.0
1337618029.25 0.0
1337618029.25 0.0
1337618029.27 0.0
1337618029.27 0.0
1337618029.27 0.0
1337618029.28 0.0
1337618029.28 0.0
1337618029.28 0.0
1337618029.29 0.0
1337618029.29 0.0
1337618029.29 0.0
1337618029.3 0.0
1337618029.32 0.0
1337618029.32 0.0
1337618029.32 0.0
1337618029.32 0.0
1337618029.32 0.0
1337618029.33 0.0
1337618029.33 0.0
1337618029.35 0.0
1337618029.37 0.0
1337618029.37 0.0
1337618029.38 0.0
1337618029.38 0.0
1337618029.38 0.0
1337618029.38 0.0
1337618029.38 0.0
1337618029.38 0.0
1337618029.38 0.0
1337618029.4 0.0
1337618029.4 0.0
1337618029.41 0.0
1337618029.41 0.0
1337618029.41 0.0
1337618029.41 0.0
1337618029.42 0.0
1337618029.42 0.0
1337618029.42 0.0
1337618029.44 0.0
1337618029.44 0.0
1337618029.46 0.0
1337618029.46 0.0
1337618029.46 0.0
1337618029.46 0.0
1337618029.47 0.0
1337618029.47 0.0
1337618029.47 0.0
1337618029.47 0.0
1337618029.48 0.0
1337618029.49 0.0
1337618029.49 0.0
1337618029.5 0.0
1337618029.5 0.0
1337618029.5 0.0
1337618029.51 0.0
1337618029.52 0.0
1337618029.53 0.0
1337618029.53 0.0
1337618029.53 0.0
1337618029.54 0.0
1337618029.54 0.0
1337618029.54 0.0
1337618029.55 0.0
1337618029.55 0.0
1337618029.56 0.0
1337618029.57 0.0
1337618029.58 0.0
1337618029.58 0.0
1337618029.58 0.0
1337618029.58 0.0
1337618029.59 0.0
1337618029.6 0.0
1337618029.6 0.0
1337618029.61 0.0
1337618029.61 0.0
1337618029.62 0.0
1337618029.62 0.0
1337618029.63 0.0
1337618029.63 0.0
1337618029.64 0.0
1337618029.64 0.0
1337618029.64 0.0
1337618029.65 0.0
1337618029.66 0.0
1337618029.66 0.0
1337618029.66 0.0
1337618029.67 0.0
1337618029.68 0.0
1337618029.68 0.0
1337618029.68 0.0
1337618029.69 0.0
1337618029.69 0.0
1337618029.7 0.0
1337618029.71 0.0
1337618029.71 0.0
1337618029.71 0.0
1337618029.72 0.0
1337618029.73 0.0
1337618029.73 0.0
1337618029.73 0.0
1337618029.74 0.0
1337618029.74 0.0
1337618029.75 0.0
1337618029.75 0.0
1337618029.76 0.0
1337618029.77 0.0
1337618029.77 0.0
1337618029.78 0.0
1337618029.78 0.0
1337618029.78 0.0
1337618029.79 0.0
1337618029.79 0.0
1337618029.8 0.0
1337618029.8 0.0
1337618029.81 0.0
1337618029.82 0.0
1337618029.82 0.0
1337618029.82 0.0
1337618029.83 0.0
1337618029.83 0.0
1337618029.84 0.0
1337618029.84 0.0
1337618029.85 0.0
1337618029.85 0.0
1337618029.86 0.0
1337618029.86 0.0
1337618029.87 0.0
1337618029.87 0.0
1337618029.88 0.0
1337618029.88 0.0
1337618029.89 0.0
1337618029.89 0.0
1337618029.9 0.0
1337618029.9 0.0
1337618029.91 0.0
1337618029.91 0.0
1337618029.92 0.0
1337618029.93 0.0
1337618029.93 0.0
1337618029.94 0.0
1337618029.94 0.0
1337618029.94 0.0
1337618029.95 0.0
1337618029.95 0.0
1337618029.96 0.0
1337618029.96 0.0
1337618029.97 0.0
1337618029.97 0.0
1337618029.98 0.0
1337618029.99 0.0
1337618029.99 0.0
1337618029.99 0.0
1337618030.0 0.0
1337618030.01 0.0
1337618030.01 0.0
1337618030.01 0.0
1337618030.02 0.0
1337618030.02 0.0
1337618030.03 0.0
1337618030.04 0.0
1337618030.04 0.0
1337618030.04 0.0
1337618030.05 0.0
1337618030.05 0.0
1337618030.06 0.0
1337618030.06 0.0
1337618030.07 0.0
1337618030.07 0.0
1337618030.08 0.0
1337618030.08 0.0
1337618030.1 0.0
1337618030.1 0.0
1337618030.1 0.0
1337618030.1 0.0
1337618030.11 0.0
1337618030.11 0.0
1337618030.12 0.0
1337618030.12 0.0
1337618030.13 0.0
1337618030.13 0.0
1337618030.14 0.0
1337618030.14 0.0
1337618030.15 0.0
1337618030.16 0.0
1337618030.16 0.0
1337618030.16 0.0
1337618030.17 0.0
1337618030.17 0.0
1337618030.18 0.0
1337618030.18 0.0
1337618030.19 0.0
1337618030.19 0.0
1337618030.2 0.0
1337618030.21 0.0
1337618030.21 0.0
1337618030.21 0.0
1337618030.22 0.0
1337618030.22 0.0
1337618030.23 0.0
1337618030.23 0.0
1337618030.24 0.0
1337618030.24 0.0
1337618030.25 0.0
1337618030.26 0.0
1337618030.26 0.0
1337618030.26 0.0
1337618030.27 0.0
1337618030.27 0.0
1337618030.28 0.0
1337618030.28 0.0
1337618030.29 0.0
1337618030.29 0.0
1337618030.3 0.0
1337618030.31 0.0
1337618030.31 0.0
1337618030.32 0.0
1337618030.32 0.0
1337618030.32 0.0
1337618030.33 0.0
1337618030.33 0.0
1337618030.34 0.0
1337618030.34 0.0
1337618030.35 0.0
1337618030.36 0.0
1337618030.36 0.0
1337618030.36 0.0
1337618030.37 0.0
1337618030.37 0.0
1337618030.38 0.0
1337618030.38 0.0
1337618030.39 0.0
1337618030.39 0.0
1337618030.4 0.0
1337618030.41 0.0
1337618030.41 0.0
1337618030.42 0.0
1337618030.42 0.0
1337618030.42 0.0
1337618030.43 0.0
1337618030.43 0.0
1337618030.44 0.0
1337618030.44 0.0
1337618030.45 0.0
1337618030.45 0.0
1337618030.46 0.0
1337618030.46 0.0
1337618030.47 0.0
1337618030.47 0.0
1337618030.48 0.0
1337618030.48 0.0
1337618030.49 0.0
1337618030.49 0.0
1337618030.5 0.0
1337618030.5 0.0
1337618030.51 0.0
1337618030.51 0.0
1337618030.52 0.0
1337618030.52 0.0
1337618030.53 0.0
1337618030.53 0.0
1337618030.54 0.0
1337618030.54 0.0
1337618030.56 0.0
1337618030.56 0.0
1337618030.56 0.0
1337618030.58 0.0
1337618030.58 0.0
1337618030.58 0.0
1337618030.58 0.0
1337618030.58 0.0
1337618030.59 0.0
1337618030.6 0.0
1337618030.6 0.0
1337618030.62 0.0
1337618030.62 0.0
1337618030.62 0.0
1337618030.64 0.0
1337618030.64 0.0
1337618030.64 0.0
1337618030.64 0.0
1337618030.64 0.0
1337618030.64 0.0
1337618030.65 0.0
1337618030.65 0.0
1337618030.66 0.0
1337618030.66 0.0
1337618030.69 0.0
1337618030.69 0.0
1337618030.69 0.0
1337618030.71 0.0
1337618030.72 0.0
1337618030.72 0.0
1337618030.72 0.0
1337618030.72 0.0
1337618030.72 0.0
1337618030.72 0.0
1337618030.72 0.0
1337618030.72 0.0
1337618030.73 0.0
1337618030.74 0.0
1337618030.74 0.0
1337618030.74 0.0
1337618030.75 0.0
1337618030.75 0.0
1337618030.76 0.0
1337618030.76 0.0
1337618030.77 0.0
1337618030.77 0.0
1337618030.78 0.0
1337618030.78 0.0
1337618030.79 0.0
1337618030.79 0.0
1337618030.8 0.0
1337618030.81 0.0
1337618030.81 0.0
1337618030.81 0.0
1337618030.82 0.0
1337618030.82 0.0
1337618030.83 0.0
1337618030.83 0.0
1337618030.84 0.0
1337618030.84 0.0
1337618030.85 0.0
1337618030.85 0.0
1337618030.86 0.0
1337618030.86 0.0
1337618030.87 0.0
1337618030.87 0.0
1337618030.88 0.0
1337618030.88 0.0
1337618030.89 0.0
1337618030.89 0.0
1337618030.9 0.0
1337618030.9 0.0
1337618030.91 0.0
1337618030.91 0.0
1337618030.92 0.0
1337618030.92 0.0
1337618030.92 0.0
1337618030.93 0.0
1337618030.94 0.0
1337618030.94 0.0
1337618030.95 0.0
1337618030.95 0.0
1337618030.96 0.0
1337618030.96 0.0
1337618030.97 0.0
1337618030.97 0.0
1337618030.97 0.0
1337618030.98 0.0
1337618030.99 0.0
1337618030.99 0.0
1337618031.0 0.0
1337618031.0 0.0
1337618031.01 0.0
1337618031.01 0.0
1337618031.02 0.0
1337618031.02 0.0
1337618031.02 0.0
1337618031.03 0.0
1337618031.03 0.0
1337618031.04 0.0
1337618031.05 0.0
1337618031.05 0.0
1337618031.05 0.0
1337618031.06 0.0
1337618031.07 0.0
1337618031.07 0.0
1337618031.07 0.0
1337618031.08 0.0
1337618031.08 0.0
1337618031.09 0.0
1337618031.09 0.0
1337618031.1 0.0
1337618031.1 0.0
1337618031.11 0.0
1337618031.12 0.0
1337618031.12 0.0
1337618031.13 0.0
1337618031.13 0.0
1337618031.13 0.0
1337618031.14 0.0
1337618031.14 0.0
1337618031.15 0.0
1337618031.15 0.0
1337618031.16 0.0
1337618031.17 0.0
1337618031.17 0.0
1337618031.17 0.0
1337618031.18 0.0
1337618031.19 0.0
1337618031.19 0.0
1337618031.19 0.0
1337618031.2 0.0
1337618031.2 0.0
1337618031.21 0.0
1337618031.22 0.0
1337618031.22 0.0
1337618031.22 0.0
1337618031.23 0.0
1337618031.24 0.0
1337618031.24 0.0
1337618031.24 0.0
1337618031.25 0.0
1337618031.25 0.0
1337618031.26 0.0
1337618031.27 0.0
1337618031.27 0.0
1337618031.27 0.0
1337618031.28 0.0
1337618031.29 0.0
1337618031.29 0.0
1337618031.29 0.0
1337618031.3 0.0
1337618031.3 0.0
1337618031.31 0.0
1337618031.31 0.0
1337618031.32 0.0
1337618031.32 0.0
1337618031.33 0.0
1337618031.33 0.0
1337618031.35 0.0
1337618031.35 0.0
1337618031.35 0.0
1337618031.35 0.0
1337618031.36 0.0
1337618031.36 0.0
1337618031.37 0.0
1337618031.37 0.0
1337618031.38 0.0
1337618031.39 0.0
1337618031.39 0.0
1337618031.39 0.0
1337618031.4 0.0
1337618031.4 0.0
1337618031.41 0.0
1337618031.41 0.0
1337618031.42 0.0
1337618031.42 0.0
1337618031.43 0.0
1337618031.44 0.0
1337618031.44 0.0
1337618031.44 0.0
1337618031.45 0.0
1337618031.45 0.0
1337618031.46 0.0
1337618031.46 0.0
1337618031.47 0.0
1337618031.47 0.0
1337618031.49 0.0
1337618031.49 0.0
1337618031.49 0.0
1337618031.49 0.0
1337618031.5 0.0
1337618031.5 0.0
1337618031.51 0.0
1337618031.51 0.0
1337618031.52 0.0
1337618031.52 0.0
1337618031.53 0.0
1337618031.54 0.0
1337618031.54 0.0
1337618031.56 0.0
1337618031.56 0.0
1337618031.56 0.0
1337618031.56 0.0
1337618031.56 0.0
1337618031.57 0.0
1337618031.57 0.0
1337618031.58 0.0
1337618031.6 0.0
1337618031.6 0.0
1337618031.61 0.0
1337618031.61 0.0
1337618031.62 0.0
1337618031.62 0.0
1337618031.62 0.0
1337618031.62 0.0
1337618031.62 0.0
1337618031.63 0.0
1337618031.65 0.0
1337618031.65 0.0
1337618031.65 0.0
1337618031.67 0.0
1337618031.67 0.0
1337618031.67 0.0
1337618031.67 0.0
1337618031.67 0.0
1337618031.67 0.0
1337618031.68 0.0
1337618031.68 0.0
1337618031.69 0.0
1337618031.69 0.0
1337618031.7 0.0
1337618031.71 0.0
1337618031.71 0.0
1337618031.71 0.0
1337618031.72 0.0
1337618031.72 0.0
1337618031.73 0.0
1337618031.73 0.0
1337618031.74 0.0
1337618031.75 0.0
1337618031.75 0.0
1337618031.76 0.0
1337618031.76 0.0
1337618031.76 0.0
1337618031.77 0.0
1337618031.77 0.0
1337618031.78 0.0
1337618031.78 0.0
1337618031.79 0.0
1337618031.8 0.0
1337618031.8 0.0
1337618031.82 0.0
1337618031.83 0.0
1337618031.83 0.0
1337618031.83 0.0
1337618031.83 0.0
1337618031.83 0.0
1337618031.83 0.0
1337618031.84 0.0
1337618031.84 0.0
1337618031.85 0.0
1337618031.85 0.0
1337618031.86 0.0
1337618031.86 0.0
1337618031.87 0.0
1337618031.87 0.0
1337618031.88 0.0
1337618031.88 0.0
1337618031.89 0.0
1337618031.89 0.0
1337618031.9 0.0
1337618031.9 0.0
1337618031.91 0.0
1337618031.91 0.0
1337618031.92 0.0
1337618031.93 0.0
1337618031.93 0.0
1337618031.93 0.0
1337618031.94 0.0
1337618031.94 0.0
1337618031.95 0.0
1337618031.95 0.0
1337618031.96 0.0
1337618031.96 0.0
1337618031.97 0.0
1337618031.97 0.0
1337618031.98 0.0
1337618031.98 0.0
1337618031.99 0.0
1337618031.99 0.0
1337618032.0 0.0
1337618032.0 0.0
1337618032.01 0.0
1337618032.01 0.0
1337618032.02 0.0
1337618032.02 0.0
1337618032.03 0.0
1337618032.03 0.0
1337618032.04 0.0
1337618032.04 0.0
1337618032.05 0.0
1337618032.05 0.0
1337618032.06 0.0
1337618032.06 0.0
1337618032.07 0.0
1337618032.07 0.0
1337618032.08 0.0
1337618032.08 0.0
1337618032.09 0.0
1337618032.1 0.0
1337618032.1 0.0
1337618032.1 0.0
1337618032.11 0.0
1337618032.11 0.0
1337618032.12 0.0
1337618032.12 0.0
1337618032.13 0.0
1337618032.13 0.0
1337618032.14 0.0
1337618032.14 0.0
1337618032.15 0.0
1337618032.15 0.0
1337618032.16 0.0
1337618032.16 0.0
1337618032.17 0.0
1337618032.17 0.0
1337618032.18 0.0
1337618032.19 0.0
1337618032.19 0.0
1337618032.19 0.0
1337618032.2 0.0
1337618032.2 0.0
1337618032.21 0.0
1337618032.21 0.0
1337618032.22 0.0
1337618032.22 0.0
1337618032.23 0.0
1337618032.23 0.0
1337618032.24 0.0
1337618032.25 0.0
1337618032.25 0.0
1337618032.25 0.0
1337618032.26 0.0
1337618032.26 0.0
1337618032.27 0.0
1337618032.27 0.0
1337618032.28 0.0
1337618032.28 0.0
1337618032.29 0.0
1337618032.3 0.0
1337618032.3 0.0
1337618032.3 0.0
1337618032.31 0.0
1337618032.31 0.0
1337618032.32 0.0
1337618032.32 0.0
1337618032.33 0.0
1337618032.33 0.0
1337618032.34 0.0
1337618032.35 0.0
1337618032.35 0.0
1337618032.35 0.0
1337618032.36 0.0
1337618032.36 0.0
1337618032.37 0.0
1337618032.37 0.0
1337618032.38 0.0
1337618032.38 0.0
1337618032.39 0.0
1337618032.4 0.0
1337618032.4 0.0
1337618032.4 0.0
1337618032.41 0.0
1337618032.41 0.0
1337618032.42 0.0
1337618032.42 0.0
1337618032.43 0.0
1337618032.43 0.0
1337618032.44 0.0
1337618032.44 0.0
1337618032.45 0.0
1337618032.45 0.0
1337618032.46 0.0
1337618032.46 0.0
1337618032.47 0.0
1337618032.47 0.0
1337618032.48 0.0
1337618032.48 0.0
1337618032.49 0.0
1337618032.49 0.0
1337618032.49 0.0
1337618032.5 0.0
1337618032.5 0.0
1337618032.51 0.0
1337618032.51 0.0
1337618032.52 0.0
1337618032.52 0.0
1337618032.54 0.0
1337618032.54 0.0
1337618032.54 0.0
1337618032.55 0.0
1337618032.55 0.0
1337618032.56 0.0
1337618032.57 0.0
1337618032.57 0.0
1337618032.57 0.0
1337618032.57 0.0
1337618032.58 0.0
1337618032.59 0.0
1337618032.59 0.0
1337618032.59 0.0
1337618032.6 0.0
1337618032.6 0.0
1337618032.61 0.0
1337618032.61 0.0
1337618032.62 0.0
1337618032.62 0.0
1337618032.63 0.0
1337618032.66 0.0
1337618032.66 0.0
1337618032.66 0.0
1337618032.66 0.0
1337618032.68 0.0
1337618032.68 0.0
1337618032.68 0.0
1337618032.68 0.0
1337618032.68 0.0
1337618032.68 0.0
1337618032.69 0.0
1337618032.69 0.0
1337618032.69 0.0
1337618032.7 0.0
1337618032.72 0.0
1337618032.73 0.0
1337618032.73 0.0
1337618032.73 0.0
1337618032.75 0.0
1337618032.75 0.0
1337618032.75 0.0
1337618032.76 0.0
1337618032.76 0.0
1337618032.76 0.0
1337618032.77 0.0
1337618032.77 0.0
1337618032.77 0.0
1337618032.77 0.0
1337618032.78 0.0
1337618032.78 0.0
1337618032.79 0.0
1337618032.79 0.0
1337618032.79 0.0
1337618032.8 0.0
1337618032.83 0.0
1337618032.83 0.0
1337618032.83 0.0
1337618032.83 0.0
1337618032.83 0.0
1337618032.83 0.0
1337618032.84 0.0
1337618032.84 0.0
1337618032.86 0.0
1337618032.86 0.0
1337618032.86 0.0
1337618032.86 0.0
1337618032.86 0.0
1337618032.87 0.0
1337618032.87 0.0
1337618032.88 0.0
1337618032.89 0.0
1337618032.89 0.0
1337618032.9 0.0
1337618032.9 0.0
1337618032.91 0.0
1337618032.91 0.0
1337618032.92 0.0
1337618032.92 0.0
1337618032.92 0.0
1337618032.93 0.0
1337618032.93 0.0
1337618032.94 0.0
1337618032.95 0.0
1337618032.95 0.0
1337618032.96 0.0
1337618032.96 0.0
1337618032.96 0.0
1337618032.97 0.0
1337618032.97 0.0
1337618032.98 0.0
1337618032.98 0.0
1337618032.99 0.0
1337618033.0 0.0
1337618033.0 0.0
1337618033.0 0.0
1337618033.01 0.0
1337618033.01 0.0
1337618033.02 0.0
1337618033.02 0.0
1337618033.03 0.0
1337618033.03 0.0
1337618033.04 0.0
1337618033.05 0.0
1337618033.05 0.0
1337618033.06 0.0
1337618033.06 0.0
1337618033.06 0.0
1337618033.07 0.0
1337618033.07 0.0
1337618033.08 0.0
1337618033.08 0.0
1337618033.09 0.0
1337618033.09 0.0
1337618033.1 0.0
1337618033.1 0.0
1337618033.11 0.0
1337618033.11 0.0
1337618033.12 0.0
1337618033.12 0.0
1337618033.13 0.0
1337618033.13 0.0
1337618033.14 0.0
1337618033.14 0.0
1337618033.15 0.0
1337618033.15 0.0
1337618033.16 0.0
1337618033.16 0.0
1337618033.17 0.0
1337618033.17 0.0
1337618033.18 0.0
1337618033.18 0.0
1337618033.19 0.0
1337618033.19 0.0
1337618033.2 0.0
1337618033.2 0.0
1337618033.21 0.0
1337618033.22 0.0
1337618033.22 0.0
1337618033.23 0.0
1337618033.23 0.0
1337618033.23 0.0
1337618033.24 0.0
1337618033.24 0.0
1337618033.25 0.0
1337618033.25 0.0
1337618033.26 0.0
1337618033.27 0.0
1337618033.27 0.0
1337618033.27 0.0
1337618033.28 0.0
1337618033.28 0.0
1337618033.29 0.0
1337618033.29 0.0
1337618033.3 0.0
1337618033.3 0.0
1337618033.31 0.0
1337618033.31 0.0
1337618033.32 0.0
1337618033.32 0.0
1337618033.33 0.0
1337618033.33 0.0
1337618033.34 0.0
1337618033.34 0.0
1337618033.35 0.0
1337618033.35 0.0
1337618033.36 0.0
1337618033.37 0.0
1337618033.37 0.0
1337618033.37 0.0
1337618033.38 0.0
1337618033.38 0.0
1337618033.39 0.0
1337618033.39 0.0
1337618033.4 0.0
1337618033.4 0.0
1337618033.41 0.0
1337618033.41 0.0
1337618033.42 0.0
1337618033.43 0.0
1337618033.43 0.0
1337618033.43 0.0
1337618033.44 0.0
1337618033.44 0.0
1337618033.45 0.0
1337618033.45 0.0
1337618033.46 0.0
1337618033.46 0.0
1337618033.47 0.0
1337618033.48 0.0
1337618033.48 0.0
1337618033.48 0.0
1337618033.49 0.0
1337618033.49 0.0
1337618033.5 0.0
1337618033.5 0.0
1337618033.51 0.0
1337618033.51 0.0
1337618033.52 0.0
1337618033.53 0.0
1337618033.53 0.0
1337618033.53 0.0
1337618033.54 0.0
1337618033.54 0.0
1337618033.55 0.0
1337618033.55 0.0
1337618033.56 0.0
1337618033.56 0.0
1337618033.57 0.0
1337618033.57 0.0
1337618033.58 0.0
1337618033.58 0.0
1337618033.59 0.0
1337618033.6 0.0
1337618033.6 0.0
1337618033.6 0.0
1337618033.61 0.0
1337618033.61 0.0
1337618033.62 0.0
1337618033.62 0.0
1337618033.63 0.0
1337618033.63 0.0
1337618033.64 0.0
1337618033.64 0.0
1337618033.65 0.0
1337618033.65 0.0
1337618033.66 0.0
1337618033.66 0.0
1337618033.67 0.0
1337618033.67 0.0
1337618033.68 0.0
1337618033.68 0.0
1337618033.69 0.0
1337618033.69 0.0
1337618033.7 0.0
1337618033.7 0.0
1337618033.71 0.0
1337618033.71 0.0
1337618033.72 0.0
1337618033.72 0.0
1337618033.73 0.0
1337618033.73 0.0
1337618033.74 0.0
1337618033.75 0.0
1337618033.76 0.0
1337618033.76 0.0
1337618033.76 0.0
1337618033.76 0.0
1337618033.77 0.0
1337618033.77 0.0
1337618033.78 0.0
1337618033.78 0.0
1337618033.79 0.0
1337618033.8 0.0
1337618033.8 0.0
1337618033.81 0.0
1337618033.81 0.0
1337618033.81 0.0
1337618033.82 0.0
1337618033.82 0.0
1337618033.83 0.0
1337618033.83 0.0
1337618033.84 0.0
1337618033.84 0.0
1337618033.85 0.0
1337618033.85 0.0
1337618033.87 0.0
1337618033.87 0.0
1337618033.87 0.0
1337618033.88 0.0
1337618033.88 0.0
1337618033.88 0.0
1337618033.9 0.0
1337618033.9 0.0
1337618033.9 0.0
1337618033.9 0.0
1337618033.91 0.0
1337618033.92 0.0
1337618033.92 0.0
