1337618023.03 3799.0
1337618023.03 3729.0
1337618023.04 3695.0
1337618023.05 3591.0
1337618023.05 3532.0
1337618023.05 3511.0
1337618023.06 3425.0
1337618023.06 3362.0
1337618023.07 3346.0
1337618023.07 3290.0
1337618023.08 3214.0
1337618023.08 3208.0
1337618023.09 3136.0
1337618023.1 3064.0
1337618023.1 3068.0
1337618023.1 2988.0
1337618023.11 2926.0
1337618023.11 2908.0
1337618023.12 2830.0
1337618023.12 2756.0
1337618023.13 2751.0
1337618023.13 2685.0
1337618023.14 2592.0
1337618023.15 2585.0
1337618023.15 2506.0
1337618023.15 2429.0
1337618023.16 2402.0
1337618023.16 2325.0
1337618023.17 2259.0
1337618023.17 2231.0
1337618023.18 2153.0
1337618023.18 2076.0
1337618023.19 2037.0
1337618023.19 1966.0
1337618023.2 1877.0
1337618023.2 1854.0
1337618023.22 1804.0
1337618023.22 1702.0
1337618023.22 1683.0
1337618023.22 1628.0
1337618023.23 1551.0
1337618023.23 1497.0
1337618023.24 1438.0
1337618023.24 1358.0
1337618023.25 1324.0
1337618023.26 1269.0
1337618023.31 1169.0
1337618023.31 1150.0
1337618023.31 1086.0
1337618023.31 998.0
1337618023.32 974.0
1337618023.32 907.0
1337618023.32 825.0
1337618023.32 765.0
1337618023.32 717.0
1337618023.45 644.0
1337618023.45 578.0
1337618023.47 528.0
1337618023.47 434.0
1337618023.47 396.0
1337618023.47 341.0
1337618023.47 240.0
1337618023.48 189.0
1337618023.48 106.0
1337618023.48 26.0
1337618023.48 -14.0
1337618023.53 -58.0
1337618023.53 -120.0
1337618023.54 -196.0
1337618023.54 -247.0
1337618023.55 -316.0
1337618023.55 -360.0
1337618023.55 -405.0
1337618023.55 -492.0
1337618023.56 -549.0
1337618023.56 -618.0
1337618023.56 -682.0
1337618023.57 -723.0
1337618023.6 -785.0
1337618023.6 -853.0
1337618023.6 -928.0
1337618023.6 -973.0
1337618023.6 -1036.0
1337618023.6 -1082.0
1337618023.6 -1151.0
1337618023.6 -1234.0
1337618023.61 -1271.0
1337618023.61 -1348.0
1337618023.61 -1395.0
1337618023.61 -1430.0
1337618023.61 -1510.0
1337618023.61 -1558.0
1337618023.61 -1608.0
1337618023.61 -1672.0
1337618023.62 -1714.0
1337618023.63 -1762.0
1337618023.63 -1830.0
1337618023.63 -1877.0
1337618023.64 -1896.0
1337618023.64 -1967.0
1337618023.64 -1996.0
1337618023.64 -2018.0
1337618023.64 -2092.0
1337618023.64 -2126.0
1337618023.64 -2148.0
1337618023.65 -2222.0
1337618023.65 -2260.0
1337618023.65 -2278.0
1337618023.65 -2355.0
1337618023.66 -2377.0
1337618023.66 -2393.0
1337618023.66 -2474.0
1337618023.66 -2479.0
1337618023.66 -2481.0
1337618023.66 -2554.0
1337618023.66 -2564.0
1337618023.66 -2563.0
1337618023.67 -2621.0
1337618023.67 -2626.0
1337618023.67 -2633.0
1337618023.67 -2708.0
1337618023.67 -2721.0
1337618023.67 -2729.0
1337618023.67 -2795.0
1337618023.67 -2802.0
1337618023.67 -2796.0
1337618023.67 -2863.0
1337618023.67 -2884.0
1337618023.67 -2882.0
1337618023.68 -2923.0
1337618023.68 -2917.0
1337618023.68 -2899.0
1337618023.68 -2947.0
1337618023.69 -2940.0
1337618023.7 -2899.0
1337618023.7 -2920.0
1337618023.7 -2911.0
1337618023.71 -2869.0
1337618023.72 -2886.0
1337618023.72 -2874.0
1337618023.72 -2821.0
1337618023.73 -2823.0
1337618023.74 -2806.0
1337618023.76 -2739.0
1337618023.76 -2736.0
1337618023.76 -2720.0
1337618023.76 -2645.0
1337618023.76 -2625.0
1337618023.76 -2591.0
1337618023.77 -2500.0
1337618023.77 -2470.0
1337618023.78 -2447.0
1337618023.78 -2349.0
1337618023.79 -2313.0
1337618023.79 -2268.0
1337618023.81 -2158.0
1337618023.81 -2122.0
1337618023.81 -2095.0
1337618023.82 -1998.0
1337618023.82 -1949.0
1337618023.82 -1905.0
1337618023.83 -1805.0
1337618023.84 -1745.0
1337618023.85 -1707.0
1337618023.85 -1605.0
1337618023.85 -1539.0
1337618023.85 -1502.0
1337618023.86 -1413.0
1337618023.86 -1354.0
1337618023.87 -1321.0
1337618023.87 -1227.0
1337618023.88 -1151.0
1337618023.88 -1130.0
1337618023.9 -1045.0
1337618023.9 -989.0
1337618023.9 -955.0
1337618023.9 -885.0
1337618023.91 -814.0
1337618023.92 -783.0
1337618023.92 -728.0
1337618023.92 -639.0
1337618023.93 -610.0
1337618023.93 -543.0
1337618023.95 -462.0
1337618023.95 -447.0
1337618023.95 -378.0
1337618023.95 -304.0
1337618023.96 -282.0
1337618023.96 -237.0
1337618023.97 -171.0
1337618023.97 -144.0
1337618023.98 -112.0
1337618023.98 -31.0
1337618024.0 -7.0
1337618024.0 28.0
1337618024.0 92.0
1337618024.0 99.0
1337618024.01 121.0
1337618024.01 162.0
1337618024.02 184.0
1337618024.02 204.0
1337618024.03 259.0
1337618024.03 293.0
1337618024.05 286.0
1337618024.05 351.0
1337618024.05 373.0
1337618024.05 381.0
1337618024.06 429.0
1337618024.06 452.0
1337618024.07 469.0
1337618024.07 510.0
1337618024.08 546.0
1337618024.08 550.0
1337618024.1 596.0
1337618024.1 631.0
1337618024.1 629.0
1337618024.1 680.0
1337618024.11 700.0
1337618024.11 699.0
1337618024.12 730.0
1337618024.12 745.0
1337618024.13 760.0
1337618024.13 769.0
1337618024.15 789.0
1337618024.15 781.0
1337618024.15 798.0
1337618024.15 809.0
1337618024.16 788.0
1337618024.16 810.0
1337618024.17 789.0
1337618024.17 769.0
1337618024.18 785.0
1337618024.18 763.0
1337618024.19 767.0
1337618024.19 743.0
1337618024.2 715.0
1337618024.2 721.0
1337618024.22 703.0
1337618024.22 669.0
1337618024.22 657.0
1337618024.22 635.0
1337618024.23 588.0
1337618024.23 579.0
1337618024.24 572.0
1337618024.24 522.0
1337618024.25 492.0
1337618024.25 485.0
1337618024.26 433.0
1337618024.27 445.0
1337618024.28 426.0
1337618024.28 366.0
1337618024.28 393.0
1337618024.28 372.0
1337618024.29 317.0
1337618024.29 335.0
1337618024.3 328.0
1337618024.31 287.0
1337618024.31 293.0
1337618024.31 304.0
1337618024.32 261.0
1337618024.32 263.0
1337618024.33 266.0
1337618024.33 219.0
1337618024.34 226.0
1337618024.34 223.0
1337618024.35 182.0
1337618024.36 193.0
1337618024.36 202.0
1337618024.36 152.0
1337618024.37 168.0
1337618024.37 187.0
1337618024.38 146.0
1337618024.38 150.0
1337618024.39 169.0
1337618024.4 142.0
1337618024.4 130.0
1337618024.42 154.0
1337618024.42 128.0
1337618024.42 122.0
1337618024.42 157.0
1337618024.42 114.0
1337618024.43 117.0
1337618024.43 149.0
1337618024.44 117.0
1337618024.44 122.0
1337618024.45 163.0
1337618024.45 150.0
1337618024.47 135.0
1337618024.47 190.0
1337618024.47 195.0
1337618024.47 183.0
1337618024.48 238.0
1337618024.48 224.0
1337618024.49 207.0
1337618024.49 256.0
1337618024.5 222.0
1337618024.5 205.0
1337618024.52 248.0
1337618024.52 221.0
1337618024.52 200.0
1337618024.52 251.0
1337618024.54 238.0
1337618024.54 216.0
1337618024.54 257.0
1337618024.59 258.0
1337618024.6 248.0
1337618024.71 277.0
1337618024.71 267.0
1337618024.71 245.0
1337618024.72 281.0
1337618024.72 284.0
1337618024.73 268.0
1337618024.73 312.0
1337618024.73 312.0
1337618024.74 283.0
1337618025.09 317.0
1337618025.1 325.0
1337618025.1 304.0
1337618025.1 312.0
1337618025.1 329.0
1337618025.1 311.0
1337618025.1 329.0
1337618025.1 339.0
1337618025.1 297.0
1337618025.11 316.0
1337618025.11 327.0
1337618025.11 294.0
1337618025.11 319.0
1337618025.11 315.0
1337618025.11 293.0
1337618025.11 306.0
1337618025.11 326.0
1337618025.12 320.0
1337618025.12 318.0
1337618025.12 322.0
1337618025.12 272.0
1337618025.12 294.0
1337618025.12 282.0
1337618025.12 268.0
1337618025.12 306.0
1337618025.12 273.0
1337618025.12 274.0
1337618025.13 279.0
1337618025.13 268.0
1337618025.13 285.0
1337618025.13 277.0
1337618025.13 255.0
1337618025.13 255.0
1337618025.13 258.0
1337618025.13 222.0
1337618025.13 239.0
1337618025.13 250.0
1337618025.13 223.0
1337618025.13 229.0
1337618025.13 221.0
1337618025.13 198.0
1337618025.13 176.0
1337618025.13 170.0
1337618025.13 144.0
1337618025.13 97.0
1337618025.13 80.0
1337618025.13 46.0
1337618025.13 17.0
1337618025.13 47.0
1337618025.13 -5.0
1337618025.13 -38.0
1337618025.13 -1.0
1337618025.13 -49.0
1337618025.14 -79.0
1337618025.14 -53.0
1337618025.14 -87.0
1337618025.14 -127.0
1337618025.14 -91.0
1337618025.14 -106.0
1337618025.14 -136.0
1337618025.14 -104.0
1337618025.17 -127.0
1337618025.17 -144.0
1337618025.18 -108.0
1337618025.18 -125.0
1337618025.18 -139.0
1337618025.18 -97.0
1337618025.18 -95.0
1337618025.18 -122.0
1337618025.18 -79.0
1337618025.18 -64.0
1337618025.19 -90.0
1337618025.19 -48.0
1337618025.19 -34.0
1337618025.19 182.0
1337618025.19 182.0
1337618025.19 185.0
1337618025.2 151.0
1337618025.21 154.0
1337618025.21 127.0
1337618025.21 102.0
1337618025.21 99.0
1337618025.21 87.0
1337618025.21 74.0
1337618025.21 58.0
1337618025.21 51.0
1337618025.21 32.0
1337618025.21 7.0
1337618025.21 1.0
1337618025.21 -10.0
1337618025.22 -7.0
1337618025.22 -47.0
1337618025.24 -59.0
1337618025.24 -60.0
1337618025.24 -93.0
1337618025.24 -100.0
1337618025.24 -130.0
1337618025.24 -142.0
1337618025.24 -165.0
1337618025.25 -173.0
1337618025.25 -168.0
1337618025.25 -203.0
1337618025.25 -204.0
1337618025.26 -219.0
1337618025.28 -255.0
1337618025.28 -221.0
1337618025.28 -253.0
1337618025.28 -286.0
1337618025.28 -256.0
1337618025.29 -279.0
1337618025.29 -308.0
1337618025.3 -281.0
1337618025.3 -283.0
1337618025.31 -314.0
1337618025.32 -296.0
1337618025.33 -307.0
1337618025.33 -327.0
1337618025.33 -296.0
1337618025.34 -298.0
1337618025.34 -331.0
1337618025.34 -305.0
1337618025.35 -322.0
1337618025.35 -367.0
1337618025.36 -337.0
1337618025.36 -335.0
1337618025.37 -389.0
1337618025.37 -371.0
1337618025.38 -363.0
1337618025.38 -416.0
1337618025.39 -406.0
1337618025.39 -404.0
1337618025.4 -431.0
1337618025.4 -436.0
1337618025.41 -439.0
1337618025.41 -461.0
1337618025.42 -456.0
1337618025.43 -437.0
1337618025.43 -486.0
1337618025.43 -489.0
1337618025.44 -460.0
1337618025.46 -517.0
1337618025.46 -509.0
1337618025.46 -477.0
1337618025.47 -521.0
1337618025.47 -519.0
1337618025.47 -488.0
1337618025.47 -509.0
1337618025.48 -522.0
1337618025.48 -505.0
1337618025.49 -531.0
1337618025.49 -529.0
1337618025.5 -506.0
1337618025.5 -552.0
1337618025.52 -555.0
1337618025.53 -543.0
1337618025.53 -583.0
1337618025.53 -570.0
1337618025.53 -552.0
1337618025.53 -580.0
1337618025.54 -593.0
1337618025.54 -574.0
1337618025.55 -565.0
1337618025.55 -566.0
1337618025.56 -582.0
1337618025.57 -610.0
1337618025.57 -634.0
1337618025.57 -656.0
1337618025.58 -670.0
1337618025.58 -685.0
1337618025.59 -699.0
1337618025.59 -713.0
1337618025.6 -732.0
1337618025.61 -725.0
1337618025.61 -733.0
1337618025.62 -761.0
1337618025.62 -773.0
1337618025.62 -792.0
1337618025.63 -793.0
1337618025.63 -832.0
1337618025.64 -856.0
1337618025.64 -856.0
1337618025.65 -889.0
1337618025.66 -910.0
1337618025.66 -928.0
1337618025.67 -946.0
1337618025.67 -978.0
1337618025.67 -976.0
1337618025.68 -983.0
1337618025.68 -1022.0
1337618025.69 -1013.0
1337618025.69 -1032.0
1337618025.7 -1063.0
1337618025.71 -1030.0
1337618025.71 -1050.0
1337618025.72 -1087.0
1337618025.72 -1043.0
1337618025.72 -1057.0
1337618025.73 -1078.0
1337618025.73 -1054.0
1337618025.74 -1052.0
1337618025.74 -1075.0
1337618025.75 -1071.0
1337618025.76 -1059.0
1337618025.77 -1093.0
1337618025.77 -1082.0
1337618025.77 -1059.0
1337618025.77 -1086.0
1337618025.78 -1074.0
1337618025.78 -1050.0
1337618025.79 -1075.0
1337618025.79 -1079.0
1337618025.8 -1030.0
1337618025.81 -1051.0
1337618025.81 -1042.0
1337618025.81 -979.0
1337618025.82 -1024.0
1337618025.82 -1025.0
1337618025.83 -983.0
1337618025.83 -1009.0
1337618025.84 -1015.0
1337618025.84 -986.0
1337618025.85 -1000.0
1337618025.87 -1007.0
1337618025.87 -968.0
1337618025.87 -964.0
1337618025.87 -964.0
1337618025.87 -934.0
1337618025.88 -927.0
1337618025.88 -931.0
1337618025.89 -899.0
1337618025.89 -880.0
1337618025.9 -889.0
1337618025.91 -853.0
1337618025.91 -831.0
1337618025.91 -848.0
1337618025.92 -810.0
1337618025.92 -770.0
1337618025.93 -773.0
1337618025.93 -746.0
1337618025.94 -700.0
1337618025.94 -700.0
1337618025.95 -685.0
1337618025.95 -641.0
1337618025.96 -650.0
1337618025.96 -622.0
1337618025.97 -598.0
1337618025.97 -612.0
1337618025.98 -567.0
1337618025.99 -564.0
1337618026.0 -570.0
1337618026.0 -529.0
1337618026.0 -530.0
1337618026.0 -518.0
1337618026.01 -505.0
1337618026.01 -508.0
1337618026.02 -487.0
1337618026.02 -477.0
1337618026.03 -475.0
1337618026.03 -435.0
1337618026.04 -407.0
1337618026.04 -435.0
1337618026.05 -389.0
1337618026.05 -356.0
1337618026.06 -381.0
1337618026.06 -355.0
1337618026.08 -335.0
1337618026.08 -345.0
1337618026.08 -322.0
1337618026.08 -311.0
1337618026.09 -338.0
1337618026.09 -326.0
1337618026.1 -313.0
1337618026.1 -336.0
1337618026.11 -321.0
1337618026.11 -295.0
1337618026.12 -326.0
1337618026.12 -308.0
1337618026.13 -259.0
1337618026.13 -283.0
1337618026.14 -279.0
1337618026.14 -215.0
1337618026.16 -222.0
1337618026.16 -220.0
1337618026.16 -159.0
1337618026.16 -181.0
1337618026.17 -161.0
1337618026.17 -98.0
1337618026.18 -121.0
1337618026.18 -90.0
1337618026.19 -49.0
1337618026.19 -71.0
1337618026.2 -47.0
1337618026.2 5.0
1337618026.21 -1.0
1337618026.21 10.0
1337618026.22 46.0
1337618026.22 37.0
1337618026.23 48.0
1337618026.24 61.0
1337618026.24 53.0
1337618026.25 61.0
1337618026.25 67.0
1337618026.25 77.0
1337618026.26 106.0
1337618026.26 118.0
1337618026.27 139.0
1337618026.27 166.0
1337618026.27 170.0
1337618026.28 204.0
1337618026.29 225.0
1337618026.29 220.0
1337618026.3 240.0
1337618026.3 261.0
1337618026.31 255.0
1337618026.31 273.0
1337618026.33 292.0
1337618026.33 270.0
1337618026.33 274.0
1337618026.33 309.0
1337618026.34 285.0
1337618026.34 283.0
1337618026.35 325.0
1337618026.35 298.0
1337618026.36 289.0
1337618026.36 339.0
1337618026.37 311.0
1337618026.37 289.0
1337618026.38 344.0
1337618026.38 307.0
1337618026.39 305.0
1337618026.39 357.0
1337618026.41 315.0
1337618026.41 311.0
1337618026.41 335.0
1337618026.41 298.0
1337618026.42 290.0
1337618026.42 324.0
1337618026.42 313.0
1337618026.43 285.0
1337618026.44 318.0
1337618026.44 299.0
1337618026.44 280.0
1337618026.45 286.0
1337618026.46 265.0
1337618026.46 258.0
1337618026.46 258.0
1337618026.47 274.0
1337618026.48 267.0
1337618026.5 283.0
1337618026.5 297.0
1337618026.5 289.0
1337618026.5 312.0
1337618026.5 305.0
1337618026.51 295.0
1337618026.51 299.0
1337618026.52 291.0
1337618026.52 284.0
1337618026.53 266.0
1337618026.53 240.0
1337618026.53 247.0
1337618026.54 233.0
1337618026.55 204.0
1337618026.55 227.0
1337618026.56 212.0
1337618026.56 180.0
1337618026.59 208.0
1337618026.59 195.0
1337618026.6 166.0
1337618026.6 204.0
1337618026.6 200.0
1337618026.61 172.0
1337618026.61 226.0
1337618026.61 208.0
1337618026.61 185.0
1337618026.61 237.0
1337618026.62 228.0
1337618026.63 215.0
1337618026.63 244.0
1337618026.64 253.0
1337618026.65 241.0
1337618026.66 282.0
1337618026.82 306.0
1337618026.82 303.0
1337618026.82 351.0
1337618026.83 397.0
1337618026.83 383.0
1337618026.83 407.0
1337618026.83 455.0
1337618026.83 461.0
1337618026.83 495.0
1337618026.83 553.0
1337618026.83 548.0
1337618026.84 575.0
1337618026.84 633.0
1337618026.84 613.0
1337618026.84 655.0
1337618026.84 682.0
1337618026.84 659.0
1337618026.84 689.0
1337618026.84 694.0
1337618026.84 697.0
1337618026.85 722.0
1337618026.85 722.0
1337618026.85 737.0
1337618026.85 757.0
1337618026.85 745.0
1337618026.85 767.0
1337618026.85 789.0
1337618026.85 773.0
1337618026.87 787.0
1337618026.87 808.0
1337618026.87 803.0
1337618026.87 824.0
1337618026.87 839.0
1337618026.87 827.0
1337618026.87 824.0
1337618026.87 855.0
1337618026.87 833.0
1337618026.87 814.0
1337618026.88 858.0
1337618026.88 824.0
1337618026.88 808.0
1337618026.88 860.0
1337618026.88 814.0
1337618026.88 783.0
1337618026.88 827.0
1337618026.88 785.0
1337618026.88 782.0
1337618026.88 794.0
1337618026.88 754.0
1337618026.89 731.0
1337618026.89 729.0
1337618026.9 716.0
1337618026.9 683.0
1337618026.91 700.0
1337618026.91 690.0
1337618026.92 648.0
1337618026.92 661.0
1337618026.93 654.0
1337618026.93 619.0
1337618026.94 616.0
1337618026.94 619.0
1337618026.95 593.0
1337618026.95 589.0
1337618026.96 587.0
1337618026.96 568.0
1337618026.98 583.0
1337618026.98 572.0
1337618026.98 562.0
1337618026.98 576.0
1337618026.99 543.0
1337618026.99 556.0
1337618027.0 565.0
1337618027.0 542.0
1337618027.01 546.0
1337618027.01 534.0
1337618027.02 515.0
1337618027.02 522.0
1337618027.03 524.0
1337618027.03 498.0
1337618027.04 484.0
1337618027.04 496.0
1337618027.06 467.0
1337618027.06 443.0
1337618027.06 454.0
1337618027.07 367.0
1337618027.07 267.0
1337618027.08 144.0
1337618027.08 -38.0
1337618027.08 -243.0
1337618027.09 -476.0
1337618027.09 -759.0
1337618027.1 -1065.0
1337618027.1 -1363.0
1337618027.11 -1677.0
1337618027.11 -2042.0
1337618027.12 -2376.0
1337618027.12 -2729.0
1337618027.13 -3144.0
1337618027.14 -3464.0
1337618027.14 -3853.0
1337618027.15 -4261.0
1337618027.15 -4595.0
1337618027.15 -5009.0
1337618027.16 -5347.0
1337618027.16 -5719.0
1337618027.17 -6118.0
1337618027.17 -6434.0
1337618027.18 -6798.0
1337618027.18 -7122.0
1337618027.19 -7447.0
1337618027.19 -7746.0
1337618027.2 -8062.0
1337618027.2 -8384.0
1337618027.21 -8628.0
1337618027.21 -8930.0
1337618027.22 -9199.0
1337618027.22 -9423.0
1337618027.24 -9711.0
1337618027.24 -9944.0
1337618027.24 -10149.0
1337618027.24 -10414.0
1337618027.25 -10602.0
1337618027.25 -10799.0
1337618027.26 -11030.0
1337618027.26 -11207.0
1337618027.27 -11379.0
1337618027.27 -11552.0
1337618027.28 -11726.0
1337618027.28 -11857.0
1337618027.29 -12002.0
1337618027.29 -12139.0
1337618027.31 -12249.0
1337618027.31 -12358.0
1337618027.31 -12470.0
1337618027.31 -12560.0
1337618027.32 -12622.0
1337618027.32 -12729.0
1337618027.33 -12772.0
1337618027.33 -12825.0
1337618027.34 -12912.0
1337618027.34 -12939.0
1337618027.35 -12993.0
1337618027.35 -13033.0
1337618027.36 -13067.0
1337618027.37 -13103.0
1337618027.37 -13112.0
1337618027.37 -13130.0
1337618027.38 -13157.0
1337618027.38 -13163.0
1337618027.39 -13170.0
1337618027.39 -13186.0
1337618027.4 -13176.0
1337618027.4 -13171.0
1337618027.41 -13161.0
1337618027.41 -13159.0
1337618027.43 -13167.0
1337618027.43 -13148.0
1337618027.43 -13167.0
1337618027.43 -13138.0
1337618027.44 -13136.0
1337618027.44 -13129.0
1337618027.45 -13071.0
1337618027.45 -13090.0
1337618027.46 -13064.0
1337618027.47 -13009.0
1337618027.48 -13002.0
1337618027.48 -13000.0
1337618027.48 -12955.0
1337618027.48 -12932.0
1337618027.49 -12900.0
1337618027.49 -12850.0
1337618027.5 -12797.0
1337618027.5 -12771.0
1337618027.51 -12753.0
1337618027.52 -12669.0
1337618027.53 -12648.0
1337618027.53 -12591.0
1337618027.53 -12512.0
1337618027.53 -12508.0
1337618027.54 -12456.0
1337618027.54 -12368.0
1337618027.55 -12350.0
1337618027.55 -12295.0
1337618027.56 -12208.0
1337618027.57 -12190.0
1337618027.58 -12151.0
1337618027.58 -12072.0
1337618027.58 -12027.0
1337618027.58 -12004.0
1337618027.59 -11923.0
1337618027.59 -11861.0
1337618027.6 -11833.0
1337618027.6 -11774.0
1337618027.61 -11708.0
1337618027.62 -11689.0
1337618027.62 -11631.0
1337618027.62 -11542.0
1337618027.63 -11534.0
1337618027.63 -11470.0
1337618027.64 -11400.0
1337618027.64 -11408.0
1337618027.65 -11347.0
1337618027.65 -11281.0
1337618027.66 -11284.0
1337618027.67 -11231.0
1337618027.67 -11157.0
1337618027.67 -11160.0
1337618027.68 -11118.0
1337618027.68 -11072.0
1337618027.69 -11082.0
1337618027.69 -11039.0
1337618027.7 -10998.0
1337618027.7 -10995.0
1337618027.71 -10959.0
1337618027.71 -10932.0
1337618027.72 -10914.0
1337618027.72 -10888.0
1337618027.74 -10852.0
1337618027.74 -10830.0
1337618027.74 -10807.0
1337618027.74 -10774.0
1337618027.75 -10751.0
1337618027.75 -10731.0
1337618027.76 -10710.0
1337618027.76 -10678.0
1337618027.77 -10664.0
1337618027.77 -10641.0
1337618027.78 -10625.0
1337618027.79 -10626.0
1337618027.79 -10611.0
1337618027.8 -10608.0
1337618027.8 -10611.0
1337618027.8 -10600.0
1337618027.81 -10596.0
1337618027.81 -10611.0
1337618027.82 -10605.0
1337618027.82 -10599.0
1337618027.84 -10602.0
1337618027.89 -10605.0
1337618027.89 -10616.0
1337618027.89 -10602.0
1337618027.89 -10630.0
1337618027.89 -10634.0
1337618027.9 -10645.0
1337618027.9 -10676.0
1337618027.9 -10707.0
1337618027.9 -10713.0
1337618027.9 -10735.0
1337618027.9 -10784.0
1337618027.9 -10789.0
1337618027.95 -10822.0
1337618027.95 -10839.0
1337618027.95 -10840.0
1337618027.95 -10866.0
1337618027.96 -10885.0
1337618027.96 -10885.0
1337618027.96 -10899.0
1337618027.96 -10937.0
1337618027.97 -10897.0
1337618027.97 -10895.0
1337618027.98 -10936.0
1337618027.98 -10870.0
1337618027.98 -10871.0
1337618027.98 -10891.0
1337618027.98 -10793.0
1337618027.98 -10791.0
1337618027.99 -10768.0
1337618027.99 -10693.0
1337618027.99 -10700.0
1337618027.99 -10671.0
1337618027.99 -10592.0
1337618028.0 -10599.0
1337618028.0 -10595.0
1337618028.01 -10514.0
1337618028.01 -10538.0
1337618028.02 -10520.0
1337618028.02 -10437.0
1337618028.04 -10463.0
1337618028.04 -10440.0
1337618028.05 -10379.0
1337618028.05 -10410.0
1337618028.05 -10358.0
1337618028.05 -10334.0
1337618028.06 -10354.0
1337618028.06 -10291.0
1337618028.07 -10284.0
1337618028.07 -10277.0
1337618028.07 -10216.0
1337618028.09 -10164.0
1337618028.09 -10064.0
1337618028.1 -9920.0
1337618028.11 -9814.0
1337618028.11 -9591.0
1337618028.11 -9377.0
1337618028.12 -9187.0
1337618028.12 -8887.0
1337618028.12 -8645.0
1337618028.12 -8377.0
1337618028.13 -8041.0
1337618028.15 -7724.0
1337618028.15 -7436.0
1337618028.16 -7070.0
1337618028.17 -6745.0
1337618028.17 -6432.0
1337618028.17 -6022.0
1337618028.17 -5684.0
1337618028.17 -5376.0
1337618028.18 -4951.0
1337618028.18 -4608.0
1337618028.19 -4275.0
1337618028.22 -3853.0
1337618028.23 -3530.0
1337618028.23 -3196.0
1337618028.23 -2796.0
1337618028.23 -2450.0
1337618028.23 -2109.0
1337618028.23 -1702.0
1337618028.24 -1381.0
1337618028.24 -1073.0
1337618028.24 -681.0
1337618028.24 -422.0
1337618028.25 -104.0
1337618028.26 254.0
1337618028.26 516.0
1337618028.26 827.0
1337618028.27 1140.0
1337618028.27 1404.0
1337618028.27 1667.0
1337618028.28 1954.0
1337618028.29 2187.0
1337618028.29 2450.0
1337618028.29 2713.0
1337618028.3 2905.0
1337618028.3 3149.0
1337618028.31 3340.0
1337618028.31 3509.0
1337618028.32 3736.0
1337618028.33 3899.0
1337618028.33 4051.0
1337618028.33 4250.0
1337618028.34 4383.0
1337618028.34 4507.0
1337618028.35 4706.0
1337618028.35 4773.0
1337618028.37 4922.0
1337618028.37 5064.0
1337618028.37 5123.0
1337618028.37 5266.0
1337618028.38 5349.0
1337618028.38 5396.0
1337618028.39 5513.0
1337618028.39 5586.0
1337618028.4 5649.0
1337618028.4 5733.0
1337618028.41 5766.0
1337618028.41 5846.0
1337618028.42 5892.0
1337618028.43 5917.0
1337618028.43 5989.0
1337618028.44 6016.0
1337618028.44 6034.0
1337618028.44 6082.0
1337618028.45 6107.0
1337618028.45 6117.0
1337618028.46 6137.0
1337618028.46 6176.0
1337618028.47 6139.0
1337618028.48 6187.0
1337618028.48 6198.0
1337618028.49 6174.0
1337618028.49 6214.0
1337618028.49 6212.0
1337618028.5 6217.0
1337618028.5 6250.0
1337618028.51 6201.0
1337618028.51 6182.0
1337618028.52 6208.0
1337618028.53 6136.0
1337618028.53 6190.0
1337618028.54 6145.0
1337618028.54 6105.0
1337618028.54 6142.0
1337618028.55 6060.0
1337618028.55 6048.0
1337618028.56 6067.0
1337618028.56 5984.0
1337618028.57 5968.0
1337618028.58 5933.0
1337618028.58 5837.0
1337618028.59 5846.0
1337618028.59 5780.0
1337618028.59 5740.0
1337618028.6 5678.0
1337618028.6 5611.0
1337618028.61 5574.0
1337618028.61 5518.0
1337618028.62 5443.0
1337618028.62 5383.0
1337618028.63 5350.0
1337618028.63 5267.0
1337618028.64 5229.0
1337618028.64 5176.0
1337618028.65 5100.0
1337618028.66 5036.0
1337618028.66 5012.0
1337618028.67 4915.0
1337618028.67 4896.0
1337618028.67 4850.0
1337618028.68 4750.0
1337618028.68 4744.0
1337618028.69 4685.0
1337618028.69 4603.0
1337618028.7 4581.0
1337618028.7 4498.0
1337618028.71 4421.0
1337618028.71 4405.0
1337618028.72 4291.0
1337618028.72 4291.0
1337618028.73 4228.0
1337618028.73 4146.0
1337618028.74 4144.0
1337618028.74 4076.0
1337618028.75 4011.0
1337618028.75 4020.0
1337618028.76 3959.0
1337618028.76 3905.0
1337618028.77 3873.0
1337618028.78 3809.0
1337618028.78 3768.0
1337618028.78 3732.0
1337618028.79 3702.0
1337618028.79 3632.0
1337618028.8 3613.0
1337618028.8 3568.0
1337618028.81 3497.0
1337618028.81 3502.0
1337618028.82 3461.0
1337618028.82 3416.0
1337618028.83 3401.0
1337618028.83 3344.0
1337618028.84 3327.0
1337618028.85 3294.0
1337618028.85 3238.0
1337618028.85 3236.0
1337618028.86 3170.0
1337618028.86 3122.0
1337618028.87 3146.0
1337618028.87 3086.0
1337618028.88 3062.0
1337618028.88 3082.0
1337618028.89 3023.0
1337618028.89 3005.0
1337618028.9 3012.0
1337618028.9 2946.0
1337618028.91 2941.0
1337618028.92 2924.0
1337618028.92 2881.0
1337618028.92 2853.0
1337618028.93 2819.0
1337618028.93 2762.0
1337618028.94 2741.0
1337618028.94 2731.0
1337618028.95 2691.0
1337618028.95 2663.0
1337618028.96 2631.0
1337618028.96 2574.0
1337618028.97 2544.0
1337618028.97 2502.0
1337618028.98 2443.0
1337618028.98 2441.0
1337618028.99 2363.0
1337618029.0 2319.0
1337618029.0 2344.0
1337618029.0 2269.0
1337618029.01 2236.0
1337618029.01 2251.0
1337618029.02 2178.0
1337618029.02 2158.0
1337618029.03 2179.0
1337618029.03 2106.0
1337618029.05 2107.0
1337618029.05 2085.0
1337618029.05 2031.0
1337618029.05 2031.0
1337618029.06 1998.0
1337618029.06 1956.0
1337618029.07 1958.0
1337618029.08 1952.0
1337618029.08 1931.0
1337618029.08 1915.0
1337618029.09 1891.0
1337618029.09 1862.0
1337618029.1 1848.0
1337618029.1 1827.0
1337618029.11 1792.0
1337618029.11 1811.0
1337618029.12 1763.0
1337618029.13 1744.0
1337618029.13 1766.0
1337618029.13 1712.0
1337618029.14 1682.0
1337618029.14 1710.0
1337618029.15 1653.0
1337618029.15 1636.0
1337618029.17 1634.0
1337618029.18 1577.0
1337618029.18 1561.0
1337618029.2 1542.0
1337618029.2 1504.0
1337618029.2 1474.0
1337618029.21 1468.0
1337618029.21 1430.0
1337618029.21 1377.0
1337618029.21 1390.0
1337618029.21 1338.0
1337618029.21 1302.0
1337618029.23 1296.0
1337618029.24 1236.0
1337618029.24 1244.0
1337618029.24 1220.0
1337618029.24 1181.0
1337618029.24 1173.0
1337618029.25 1147.0
1337618029.27 1122.0
1337618029.27 1101.0
1337618029.27 1081.0
1337618029.28 1050.0
1337618029.28 1014.0
1337618029.28 1034.0
1337618029.29 984.0
1337618029.29 972.0
1337618029.29 953.0
1337618029.29 896.0
1337618029.32 890.0
1337618029.32 873.0
1337618029.32 845.0
1337618029.32 812.0
1337618029.32 806.0
1337618029.33 774.0
1337618029.33 736.0
1337618029.35 746.0
1337618029.37 692.0
1337618029.37 642.0
1337618029.38 656.0
1337618029.38 595.0
1337618029.38 598.0
1337618029.38 571.0
1337618029.38 543.0
1337618029.38 532.0
1337618029.38 495.0
1337618029.4 492.0
1337618029.4 467.0
1337618029.41 474.0
1337618029.41 476.0
1337618029.41 413.0
1337618029.41 460.0
1337618029.42 437.0
1337618029.42 396.0
1337618029.42 440.0
1337618029.44 385.0
1337618029.44 374.0
1337618029.46 376.0
1337618029.46 360.0
1337618029.46 349.0
1337618029.46 351.0
1337618029.47 346.0
1337618029.47 312.0
1337618029.47 339.0
1337618029.47 349.0
1337618029.48 301.0
1337618029.49 342.0
1337618029.49 354.0
1337618029.5 323.0
1337618029.5 380.0
1337618029.5 383.0
1337618029.51 363.0
1337618029.51 370.0
1337618029.53 372.0
1337618029.53 367.0
1337618029.53 372.0
1337618029.54 377.0
1337618029.54 361.0
1337618029.54 374.0
1337618029.55 371.0
1337618029.55 357.0
1337618029.56 367.0
1337618029.57 381.0
1337618029.58 342.0
1337618029.58 391.0
1337618029.58 398.0
1337618029.58 370.0
1337618029.59 412.0
1337618029.59 394.0
1337618029.6 396.0
1337618029.61 431.0
1337618029.61 397.0
1337618029.62 390.0
1337618029.62 417.0
1337618029.63 404.0
1337618029.63 376.0
1337618029.64 395.0
1337618029.64 404.0
1337618029.64 356.0
1337618029.65 381.0
1337618029.66 387.0
1337618029.66 342.0
1337618029.66 357.0
1337618029.67 367.0
1337618029.68 323.0
1337618029.68 343.0
1337618029.68 319.0
1337618029.69 280.0
1337618029.69 305.0
1337618029.7 298.0
1337618029.71 267.0
1337618029.71 286.0
1337618029.71 268.0
1337618029.72 259.0
1337618029.73 281.0
1337618029.73 275.0
1337618029.73 278.0
1337618029.74 266.0
1337618029.74 256.0
1337618029.75 255.0
1337618029.75 272.0
1337618029.76 252.0
1337618029.77 231.0
1337618029.77 247.0
1337618029.78 216.0
1337618029.78 191.0
1337618029.78 235.0
1337618029.79 213.0
1337618029.79 181.0
1337618029.8 231.0
1337618029.8 176.0
1337618029.81 167.0
1337618029.82 184.0
1337618029.82 117.0
1337618029.82 89.0
1337618029.83 80.0
1337618029.83 20.0
1337618029.84 -12.0
1337618029.84 -9.0
1337618029.85 -52.0
1337618029.85 -106.0
1337618029.86 -118.0
1337618029.86 -147.0
1337618029.87 -197.0
1337618029.87 -205.0
1337618029.88 -234.0
1337618029.88 -263.0
1337618029.89 -286.0
1337618029.89 -320.0
1337618029.9 -363.0
1337618029.9 -377.0
1337618029.91 -424.0
1337618029.91 -455.0
1337618029.92 -478.0
1337618029.93 -514.0
1337618029.93 -540.0
1337618029.94 -561.0
1337618029.94 -616.0
1337618029.94 -601.0
1337618029.95 -629.0
1337618029.95 -683.0
1337618029.96 -655.0
1337618029.96 -693.0
1337618029.97 -732.0
1337618029.97 -714.0
1337618029.98 -754.0
1337618029.99 -803.0
1337618029.99 -800.0
1337618029.99 -832.0
1337618030.0 -876.0
1337618030.01 -896.0
1337618030.01 -914.0
1337618030.01 -973.0
1337618030.02 -970.0
1337618030.02 -978.0
1337618030.03 -1044.0
1337618030.04 -1050.0
1337618030.04 -1050.0
1337618030.04 -1106.0
1337618030.05 -1117.0
1337618030.05 -1100.0
1337618030.06 -1168.0
1337618030.06 -1193.0
1337618030.07 -1179.0
1337618030.07 -1250.0
1337618030.08 -1262.0
1337618030.08 -1260.0
1337618030.09 -1322.0
1337618030.1 -1331.0
1337618030.1 -1354.0
1337618030.1 -1402.0
1337618030.11 -1408.0
1337618030.11 -1410.0
1337618030.12 -1458.0
1337618030.12 -1471.0
1337618030.13 -1472.0
1337618030.13 -1506.0
1337618030.14 -1514.0
1337618030.14 -1540.0
1337618030.15 -1554.0
1337618030.16 -1557.0
1337618030.16 -1580.0
1337618030.16 -1586.0
1337618030.17 -1580.0
1337618030.17 -1622.0
1337618030.18 -1628.0
1337618030.18 -1635.0
1337618030.19 -1670.0
1337618030.19 -1676.0
1337618030.2 -1695.0
1337618030.21 -1725.0
1337618030.21 -1744.0
1337618030.21 -1773.0
1337618030.22 -1801.0
1337618030.22 -1840.0
1337618030.23 -1836.0
1337618030.23 -1875.0
1337618030.24 -1913.0
1337618030.24 -1890.0
1337618030.25 -1935.0
1337618030.26 -1971.0
1337618030.26 -1950.0
1337618030.26 -1987.0
1337618030.27 -2026.0
1337618030.27 -2002.0
1337618030.28 -2025.0
1337618030.28 -2056.0
1337618030.29 -2025.0
1337618030.29 -2044.0
1337618030.3 -2076.0
1337618030.31 -2036.0
1337618030.31 -2055.0
1337618030.31 -2090.0
1337618030.32 -2043.0
1337618030.32 -2049.0
1337618030.33 -2089.0
1337618030.33 -2033.0
1337618030.34 -2040.0
1337618030.34 -2063.0
1337618030.35 -2037.0
1337618030.36 -2039.0
1337618030.36 -2044.0
1337618030.36 -2015.0
1337618030.37 -1991.0
1337618030.37 -2003.0
1337618030.38 -1972.0
1337618030.38 -1942.0
1337618030.39 -1958.0
1337618030.39 -1918.0
1337618030.4 -1882.0
1337618030.41 -1889.0
1337618030.41 -1860.0
1337618030.42 -1814.0
1337618030.42 -1806.0
1337618030.42 -1774.0
1337618030.43 -1723.0
1337618030.43 -1725.0
1337618030.44 -1693.0
1337618030.44 -1656.0
1337618030.45 -1667.0
1337618030.45 -1621.0
1337618030.46 -1599.0
1337618030.46 -1585.0
1337618030.47 -1541.0
1337618030.47 -1539.0
1337618030.48 -1515.0
1337618030.48 -1480.0
1337618030.49 -1466.0
1337618030.49 -1408.0
1337618030.5 -1368.0
1337618030.5 -1355.0
1337618030.51 -1299.0
1337618030.51 -1269.0
1337618030.52 -1264.0
1337618030.52 -1212.0
1337618030.53 -1166.0
1337618030.53 -1163.0
1337618030.54 -1118.0
1337618030.54 -1081.0
1337618030.56 -1074.0
1337618030.56 -1023.0
1337618030.56 -973.0
1337618030.58 -966.0
1337618030.58 -925.0
1337618030.58 -851.0
1337618030.58 -862.0
1337618030.58 -804.0
1337618030.59 -749.0
1337618030.6 -772.0
1337618030.6 -733.0
1337618030.62 -713.0
1337618030.62 -714.0
1337618030.62 -678.0
1337618030.64 -679.0
1337618030.64 -692.0
1337618030.64 -666.0
1337618030.64 -673.0
1337618030.64 -655.0
1337618030.64 -643.0
1337618030.65 -667.0
1337618030.65 -639.0
1337618030.66 -647.0
1337618030.66 -678.0
1337618030.69 -678.0
1337618030.69 -685.0
1337618030.69 -720.0
1337618030.71 -705.0
1337618030.72 -706.0
1337618030.72 -752.0
1337618030.72 -739.0
1337618030.72 -755.0
1337618030.72 -803.0
1337618030.72 -799.0
1337618030.72 -806.0
1337618030.72 -860.0
1337618030.73 -850.0
1337618030.74 -871.0
1337618030.74 -890.0
1337618030.74 -886.0
1337618030.75 -947.0
1337618030.75 -962.0
1337618030.76 -977.0
1337618030.76 -1020.0
1337618030.76 -1002.0
1337618030.77 -1052.0
1337618030.78 -1079.0
1337618030.78 -1054.0
1337618030.79 -1111.0
1337618030.79 -1154.0
1337618030.8 -1135.0
1337618030.81 -1194.0
1337618030.81 -1232.0
1337618030.81 -1214.0
1337618030.82 -1272.0
1337618030.82 -1301.0
1337618030.83 -1282.0
1337618030.83 -1357.0
1337618030.84 -1384.0
1337618030.84 -1381.0
1337618030.85 -1443.0
1337618030.85 -1457.0
1337618030.86 -1482.0
1337618030.86 -1519.0
1337618030.87 -1530.0
1337618030.87 -1559.0
1337618030.88 -1579.0
1337618030.88 -1586.0
1337618030.89 -1628.0
1337618030.89 -1626.0
1337618030.9 -1636.0
1337618030.9 -1685.0
1337618030.91 -1678.0
1337618030.91 -1698.0
1337618030.91 -1767.0
1337618030.92 -1761.0
1337618030.92 -1779.0
1337618030.93 -1842.0
1337618030.94 -1818.0
1337618030.94 -1838.0
1337618030.95 -1903.0
1337618030.95 -1879.0
1337618030.96 -1903.0
1337618030.96 -1965.0
1337618030.97 -1946.0
1337618030.97 -1971.0
1337618030.97 -2004.0
1337618030.98 -1975.0
1337618030.98 -1985.0
1337618030.99 -2025.0
1337618031.0 -1990.0
1337618031.0 -1988.0
1337618031.01 -1995.0
1337618031.01 -1974.0
1337618031.02 -2000.0
1337618031.02 -1999.0
1337618031.02 -1971.0
1337618031.03 -1954.0
1337618031.03 -1930.0
1337618031.04 -1898.0
1337618031.05 -1870.0
1337618031.05 -1835.0
1337618031.05 -1793.0
1337618031.06 -1763.0
1337618031.07 -1710.0
1337618031.07 -1685.0
1337618031.07 -1668.0
1337618031.08 -1605.0
1337618031.08 -1589.0
1337618031.09 -1541.0
1337618031.09 -1511.0
1337618031.1 -1520.0
1337618031.1 -1491.0
1337618031.11 -1449.0
1337618031.12 -1455.0
1337618031.12 -1442.0
1337618031.13 -1411.0
1337618031.13 -1437.0
1337618031.13 -1418.0
1337618031.14 -1379.0
1337618031.14 -1393.0
1337618031.15 -1372.0
1337618031.15 -1351.0
1337618031.16 -1383.0
1337618031.17 -1369.0
1337618031.17 -1326.0
1337618031.17 -1346.0
1337618031.18 -1336.0
1337618031.19 -1299.0
1337618031.19 -1313.0
1337618031.19 -1285.0
1337618031.2 -1244.0
1337618031.2 -1264.0
1337618031.21 -1245.0
1337618031.22 -1194.0
1337618031.22 -1202.0
1337618031.22 -1163.0
1337618031.23 -1130.0
1337618031.24 -1137.0
1337618031.24 -1087.0
1337618031.24 -1068.0
1337618031.25 -1043.0
1337618031.25 -997.0
1337618031.26 -991.0
1337618031.27 -963.0
1337618031.27 -921.0
1337618031.27 -922.0
1337618031.28 -860.0
1337618031.28 -819.0
1337618031.29 -824.0
1337618031.29 -749.0
1337618031.3 -719.0
1337618031.3 -716.0
1337618031.31 -645.0
1337618031.31 -627.0
1337618031.32 -617.0
1337618031.32 -571.0
1337618031.33 -531.0
1337618031.33 -520.0
1337618031.35 -476.0
1337618031.35 -418.0
1337618031.35 -419.0
1337618031.35 -366.0
1337618031.36 -299.0
1337618031.36 -323.0
1337618031.37 -274.0
1337618031.37 -224.0
1337618031.38 -253.0
1337618031.39 -207.0
1337618031.39 -182.0
1337618031.39 -191.0
1337618031.4 -142.0
1337618031.4 -145.0
1337618031.41 -132.0
1337618031.41 -95.0
1337618031.42 -88.0
1337618031.42 -61.0
1337618031.43 -36.0
1337618031.44 -33.0
1337618031.44 -2.0
1337618031.44 25.0
1337618031.45 30.0
1337618031.45 53.0
1337618031.46 64.0
1337618031.46 56.0
1337618031.47 64.0
1337618031.47 111.0
1337618031.49 73.0
1337618031.49 79.0
1337618031.49 122.0
1337618031.49 73.0
1337618031.5 97.0
1337618031.5 122.0
1337618031.51 76.0
1337618031.51 102.0
1337618031.52 118.0
1337618031.52 74.0
1337618031.53 83.0
1337618031.54 90.0
1337618031.54 55.0
1337618031.56 69.0
1337618031.56 70.0
1337618031.56 46.0
1337618031.56 54.0
1337618031.56 43.0
1337618031.57 42.0
1337618031.57 67.0
1337618031.58 43.0
1337618031.6 49.0
1337618031.6 53.0
1337618031.61 41.0
1337618031.61 65.0
1337618031.62 76.0
1337618031.62 63.0
1337618031.62 57.0
1337618031.62 87.0
1337618031.62 83.0
1337618031.63 71.0
1337618031.65 111.0
1337618031.65 82.0
1337618031.65 76.0
1337618031.67 128.0
1337618031.67 89.0
1337618031.67 78.0
1337618031.67 122.0
1337618031.67 62.0
1337618031.67 59.0
1337618031.68 87.0
1337618031.68 42.0
1337618031.69 21.0
1337618031.69 20.0
1337618031.7 10.0
1337618031.71 -14.0
1337618031.71 7.0
1337618031.71 5.0
1337618031.72 -21.0
1337618031.72 -23.0
1337618031.73 -40.0
1337618031.73 -61.0
1337618031.74 -54.0
1337618031.75 -58.0
1337618031.75 -93.0
1337618031.76 -88.0
1337618031.76 -118.0
1337618031.76 -159.0
1337618031.77 -133.0
1337618031.77 -182.0
1337618031.78 -196.0
1337618031.78 -213.0
1337618031.79 -267.0
1337618031.8 -266.0
1337618031.8 -309.0
1337618031.82 -354.0
1337618031.83 -375.0
1337618031.83 -412.0
1337618031.83 -473.0
1337618031.83 -505.0
1337618031.83 -515.0
1337618031.83 -581.0
1337618031.84 -634.0
1337618031.84 -627.0
1337618031.85 -681.0
1337618031.85 -724.0
1337618031.86 -718.0
1337618031.86 -773.0
1337618031.87 -810.0
1337618031.87 -799.0
1337618031.88 -864.0
1337618031.88 -908.0
1337618031.89 -912.0
1337618031.89 -1000.0
1337618031.9 -1041.0
1337618031.9 -1045.0
1337618031.91 -1095.0
1337618031.91 -1167.0
1337618031.92 -1172.0
1337618031.92 -1195.0
1337618031.93 -1249.0
1337618031.93 -1251.0
1337618031.94 -1268.0
1337618031.94 -1310.0
1337618031.95 -1329.0
1337618031.95 -1330.0
1337618031.96 -1368.0
1337618031.96 -1351.0
1337618031.97 -1347.0
1337618031.97 -1401.0
1337618031.98 -1398.0
1337618031.98 -1404.0
1337618031.99 -1445.0
1337618031.99 -1441.0
1337618032.0 -1436.0
1337618032.0 -1467.0
1337618032.01 -1487.0
1337618032.01 -1485.0
1337618032.02 -1500.0
1337618032.02 -1498.0
1337618032.03 -1524.0
1337618032.03 -1544.0
1337618032.04 -1550.0
1337618032.04 -1572.0
1337618032.05 -1557.0
1337618032.05 -1560.0
1337618032.06 -1569.0
1337618032.06 -1576.0
1337618032.07 -1611.0
1337618032.07 -1614.0
1337618032.08 -1628.0
1337618032.08 -1636.0
1337618032.09 -1663.0
1337618032.09 -1693.0
1337618032.1 -1678.0
1337618032.1 -1716.0
1337618032.11 -1735.0
1337618032.11 -1734.0
1337618032.12 -1775.0
1337618032.12 -1807.0
1337618032.13 -1801.0
1337618032.13 -1812.0
1337618032.14 -1833.0
1337618032.14 -1843.0
1337618032.15 -1862.0
1337618032.15 -1900.0
1337618032.16 -1906.0
1337618032.16 -1926.0
1337618032.17 -1998.0
1337618032.17 -2011.0
1337618032.18 -2019.0
1337618032.19 -2089.0
1337618032.19 -2099.0
1337618032.19 -2109.0
1337618032.2 -2172.0
1337618032.2 -2199.0
1337618032.21 -2206.0
1337618032.21 -2261.0
1337618032.21 -2301.0
1337618032.22 -2289.0
1337618032.23 -2343.0
1337618032.23 -2381.0
1337618032.24 -2378.0
1337618032.25 -2458.0
1337618032.25 -2499.0
1337618032.25 -2486.0
1337618032.26 -2546.0
1337618032.26 -2606.0
1337618032.27 -2587.0
1337618032.27 -2640.0
1337618032.28 -2712.0
1337618032.28 -2697.0
1337618032.29 -2755.0
1337618032.3 -2803.0
1337618032.3 -2800.0
1337618032.3 -2853.0
1337618032.31 -2901.0
1337618032.31 -2898.0
1337618032.31 -2934.0
1337618032.32 -2965.0
1337618032.33 -2945.0
1337618032.33 -2960.0
1337618032.34 -2997.0
1337618032.35 -2967.0
1337618032.35 -2953.0
1337618032.35 -2974.0
1337618032.36 -2938.0
1337618032.36 -2914.0
1337618032.37 -2920.0
1337618032.37 -2890.0
1337618032.37 -2848.0
1337618032.38 -2825.0
1337618032.39 -2798.0
1337618032.4 -2737.0
1337618032.4 -2729.0
1337618032.4 -2705.0
1337618032.41 -2642.0
1337618032.41 -2652.0
1337618032.42 -2617.0
1337618032.42 -2558.0
1337618032.42 -2558.0
1337618032.43 -2523.0
1337618032.43 -2462.0
1337618032.44 -2448.0
1337618032.44 -2424.0
1337618032.45 -2355.0
1337618032.45 -2333.0
1337618032.46 -2329.0
1337618032.47 -2239.0
1337618032.47 -2225.0
1337618032.47 -2210.0
1337618032.48 -2155.0
1337618032.49 -2146.0
1337618032.49 -2125.0
1337618032.49 -2083.0
1337618032.5 -2062.0
1337618032.5 -2048.0
1337618032.51 -1998.0
1337618032.51 -1977.0
1337618032.52 -1968.0
1337618032.52 -1919.0
1337618032.54 -1893.0
1337618032.54 -1890.0
1337618032.54 -1830.0
1337618032.54 -1783.0
1337618032.55 -1771.0
1337618032.56 -1738.0
1337618032.57 -1674.0
1337618032.57 -1654.0
1337618032.57 -1627.0
1337618032.57 -1564.0
1337618032.58 -1559.0
1337618032.59 -1525.0
1337618032.59 -1485.0
1337618032.59 -1494.0
1337618032.6 -1453.0
1337618032.6 -1419.0
1337618032.61 -1431.0
1337618032.61 -1391.0
1337618032.62 -1355.0
1337618032.62 -1347.0
1337618032.63 -1316.0
1337618032.66 -1260.0
1337618032.66 -1235.0
1337618032.66 -1210.0
1337618032.66 -1167.0
1337618032.68 -1131.0
1337618032.68 -1080.0
1337618032.68 -1062.0
1337618032.68 -1019.0
1337618032.68 -985.0
1337618032.68 -953.0
1337618032.69 -899.0
1337618032.69 -862.0
1337618032.69 -801.0
1337618032.7 -760.0
1337618032.72 -731.0
1337618032.73 -670.0
1337618032.73 -632.0
1337618032.73 -579.0
1337618032.75 -538.0
1337618032.75 -504.0
1337618032.75 -443.0
1337618032.76 -436.0
1337618032.76 -413.0
1337618032.76 -349.0
1337618032.77 -311.0
1337618032.77 -294.0
1337618032.77 -236.0
1337618032.77 -206.0
1337618032.78 -200.0
1337618032.78 -124.0
1337618032.79 -105.0
1337618032.79 -100.0
1337618032.79 -41.0
1337618032.8 -39.0
1337618032.82 -37.0
1337618032.83 26.0
1337618032.83 22.0
1337618032.83 18.0
1337618032.83 66.0
1337618032.83 82.0
1337618032.84 82.0
1337618032.84 98.0
1337618032.86 121.0
1337618032.86 108.0
1337618032.86 140.0
1337618032.86 189.0
1337618032.86 186.0
1337618032.87 231.0
1337618032.87 262.0
1337618032.88 266.0
1337618032.89 317.0
1337618032.89 345.0
1337618032.9 351.0
1337618032.9 389.0
1337618032.91 403.0
1337618032.91 411.0
1337618032.92 446.0
1337618032.92 454.0
1337618032.92 494.0
1337618032.93 520.0
1337618032.93 500.0
1337618032.94 567.0
1337618032.95 599.0
1337618032.95 584.0
1337618032.96 652.0
1337618032.96 654.0
1337618032.96 651.0
1337618032.97 715.0
1337618032.97 721.0
1337618032.98 717.0
1337618032.98 741.0
1337618032.99 740.0
1337618033.0 720.0
1337618033.0 738.0
1337618033.0 761.0
1337618033.01 731.0
1337618033.01 758.0
1337618033.02 783.0
1337618033.02 736.0
1337618033.03 759.0
1337618033.03 778.0
1337618033.04 751.0
1337618033.05 767.0
1337618033.05 770.0
1337618033.06 740.0
1337618033.06 760.0
1337618033.06 746.0
1337618033.07 751.0
1337618033.07 769.0
1337618033.08 723.0
1337618033.08 741.0
1337618033.09 761.0
1337618033.09 741.0
1337618033.1 780.0
1337618033.1 771.0
1337618033.11 764.0
1337618033.11 802.0
1337618033.12 784.0
1337618033.12 765.0
1337618033.13 771.0
1337618033.13 790.0
1337618033.14 750.0
1337618033.14 758.0
1337618033.15 786.0
1337618033.15 731.0
1337618033.16 737.0
1337618033.16 765.0
1337618033.17 724.0
1337618033.17 756.0
1337618033.18 763.0
1337618033.18 718.0
1337618033.19 751.0
1337618033.19 738.0
1337618033.2 721.0
1337618033.2 754.0
1337618033.21 733.0
1337618033.22 731.0
1337618033.22 752.0
1337618033.23 738.0
1337618033.23 757.0
1337618033.23 756.0
1337618033.24 735.0
1337618033.24 750.0
1337618033.25 753.0
1337618033.25 729.0
1337618033.26 719.0
1337618033.27 744.0
1337618033.27 715.0
1337618033.27 704.0
1337618033.28 738.0
1337618033.28 692.0
1337618033.29 687.0
1337618033.29 714.0
1337618033.3 659.0
1337618033.3 658.0
1337618033.31 660.0
1337618033.31 602.0
1337618033.32 601.0
1337618033.32 599.0
1337618033.33 560.0
1337618033.33 545.0
1337618033.34 518.0
1337618033.34 482.0
1337618033.35 457.0
1337618033.35 419.0
1337618033.36 392.0
1337618033.37 332.0
1337618033.37 287.0
1337618033.37 253.0
1337618033.38 208.0
1337618033.38 163.0
1337618033.39 86.0
1337618033.39 64.0
1337618033.4 8.0
1337618033.4 -3.0
1337618033.41 -3.0
1337618033.41 -89.0
1337618033.42 -76.0
1337618033.43 -110.0
1337618033.43 -135.0
1337618033.43 -132.0
1337618033.44 -168.0
1337618033.44 -164.0
1337618033.45 -190.0
1337618033.45 -181.0
1337618033.46 -181.0
1337618033.46 -196.0
1337618033.47 -195.0
1337618033.48 -199.0
1337618033.48 -210.0
1337618033.48 -189.0
1337618033.49 -185.0
1337618033.49 -197.0
1337618033.5 -198.0
1337618033.5 -200.0
1337618033.51 -200.0
1337618033.51 -229.0
1337618033.52 -200.0
1337618033.53 -227.0
1337618033.53 -263.0
1337618033.53 -240.0
1337618033.54 -300.0
1337618033.54 -310.0
1337618033.55 -324.0
1337618033.55 -349.0
1337618033.56 -363.0
1337618033.56 -389.0
1337618033.57 -395.0
1337618033.57 -434.0
1337618033.58 -425.0
1337618033.58 -438.0
1337618033.59 -433.0
1337618033.6 -405.0
1337618033.6 -409.0
1337618033.6 -402.0
1337618033.61 -381.0
1337618033.61 -355.0
1337618033.62 -332.0
1337618033.62 -282.0
1337618033.63 -251.0
1337618033.63 -222.0
1337618033.64 -170.0
1337618033.64 -127.0
1337618033.65 -108.0
1337618033.65 -74.0
1337618033.66 -40.0
1337618033.66 -8.0
1337618033.67 39.0
1337618033.67 83.0
1337618033.68 122.0
1337618033.68 155.0
1337618033.69 195.0
1337618033.69 212.0
1337618033.7 246.0
1337618033.7 279.0
1337618033.71 304.0
1337618033.71 325.0
1337618033.72 353.0
1337618033.72 362.0
1337618033.73 378.0
1337618033.73 411.0
1337618033.74 415.0
1337618033.75 422.0
1337618033.76 419.0
1337618033.76 440.0
1337618033.76 432.0
1337618033.76 438.0
1337618033.77 440.0
1337618033.77 422.0
1337618033.78 400.0
1337618033.78 380.0
1337618033.79 363.0
1337618033.8 324.0
1337618033.8 332.0
1337618033.81 329.0
1337618033.81 308.0
1337618033.81 279.0
1337618033.82 265.0
1337618033.82 247.0
1337618033.83 224.0
1337618033.83 213.0
1337618033.84 177.0
1337618033.84 107.0
1337618033.85 87.0
1337618033.85 49.0
1337618033.86 3.0
1337618033.87 -26.0
1337618033.87 -89.0
1337618033.88 -127.0
1337618033.88 -173.0
1337618033.88 -187.0
1337618033.9 -223.0
1337618033.9 -256.0
1337618033.9 -261.0
1337618033.9 -300.0
1337618033.91 -331.0
1337618033.91 -349.0
1337618033.92 -374.0
