1337618023.03 -102.327651978
1337618023.03 -103.289726257
1337618023.04 -104.720565796
1337618023.05 -107.249313354
1337618023.05 -108.650878906
1337618023.05 -112.314231873
1337618023.06 -115.911827087
1337618023.06 -115.815895081
1337618023.07 -117.843078613
1337618023.07 -122.145606995
1337618023.08 -123.07106781
1337618023.08 -118.233016968
1337618023.09 -115.508903503
1337618023.1 -109.670585632
1337618023.1 -107.04813385
1337618023.1 -104.326049805
1337618023.11 -99.3030776978
1337618023.11 -94.6644592285
1337618023.12 -92.6534957886
1337618023.12 -89.281211853
1337618023.13 -85.9395065308
1337618023.13 -90.442237854
1337618023.14 -90.7686386108
1337618023.15 -90.4669570923
1337618023.15 -98.2771682739
1337618023.15 -100.683357239
1337618023.16 -101.953292847
1337618023.16 -105.814422607
1337618023.17 -105.83190155
1337618023.17 -105.417121887
1337618023.18 -109.88344574
1337618023.18 -110.017738342
1337618023.19 -108.628234863
1337618023.19 -111.607620239
1337618023.2 -118.692054749
1337618023.2 -125.315757751
1337618023.22 -134.820571899
1337618023.22 -140.746444702
1337618023.22 -146.07383728
1337618023.22 -156.787139893
1337618023.23 -161.966705322
1337618023.23 -164.572402954
1337618023.24 -171.468505859
1337618023.24 -176.369400024
1337618023.25 -178.971420288
1337618023.26 -187.091567993
1337618023.31 -188.591506958
1337618023.31 -187.020187378
1337618023.31 -190.732543945
1337618023.31 -190.327484131
1337618023.32 -192.156112671
1337618023.32 -201.394515991
1337618023.32 -204.382843018
1337618023.32 -205.437866211
1337618023.32 -212.579849243
1337618023.45 -217.624801636
1337618023.45 -218.23109436
1337618023.47 -222.197219849
1337618023.47 -222.971679688
1337618023.47 -222.47315979
1337618023.47 -227.073059082
1337618023.47 -227.16897583
1337618023.48 -224.999633789
1337618023.48 -224.610046387
1337618023.48 -221.428527832
1337618023.48 -219.11026001
1337618023.53 -222.486236572
1337618023.53 -225.992599487
1337618023.54 -224.996185303
1337618023.54 -226.025039673
1337618023.55 -226.863235474
1337618023.55 -224.834243774
1337618023.55 -225.932434082
1337618023.55 -226.551315308
1337618023.56 -227.97026062
1337618023.56 -231.990936279
1337618023.56 -236.284622192
1337618023.57 -236.545227051
1337618023.6 -238.313293457
1337618023.6 -237.881469727
1337618023.6 -234.36491394
1337618023.6 -233.617141724
1337618023.6 -233.615722656
1337618023.6 -230.621200562
1337618023.6 -227.26109314
1337618023.6 -223.991912842
1337618023.61 -220.632904053
1337618023.61 -220.164047241
1337618023.61 -217.900787354
1337618023.61 -212.025848389
1337618023.61 -207.633453369
1337618023.61 -209.041152954
1337618023.61 -210.60899353
1337618023.61 -215.274475098
1337618023.62 -218.048370361
1337618023.63 -216.61491394
1337618023.63 -215.574645996
1337618023.63 -213.002227783
1337618023.64 -211.470779419
1337618023.64 -212.72946167
1337618023.64 -213.217514038
1337618023.64 -217.816574097
1337618023.64 -222.902511597
1337618023.64 -225.980880737
1337618023.64 -222.679824829
1337618023.65 -221.683120728
1337618023.65 -217.219940186
1337618023.65 -212.836593628
1337618023.65 -211.110519409
1337618023.66 -208.330169678
1337618023.66 -206.74407959
1337618023.66 -205.401077271
1337618023.66 -201.563034058
1337618023.66 -199.077285767
1337618023.66 -198.388580322
1337618023.66 -201.39050293
1337618023.66 -204.657714844
1337618023.67 -209.097045898
1337618023.67 -209.007232666
1337618023.67 -208.49508667
1337618023.67 -209.300888062
1337618023.67 -205.306793213
1337618023.67 -204.821289062
1337618023.67 -198.839141846
1337618023.67 -190.393615723
1337618023.67 -186.097747803
1337618023.67 -181.503982544
1337618023.67 -173.809692383
1337618023.67 -175.051376343
1337618023.68 -178.6743927
1337618023.68 -178.905731201
1337618023.68 -169.322174072
1337618023.68 -161.352844238
1337618023.69 -150.801055908
1337618023.7 -144.994659424
1337618023.7 -141.717269897
1337618023.7 -134.091400146
1337618023.71 -128.164993286
1337618023.72 -128.016479492
1337618023.72 -124.252937317
1337618023.72 -124.859909058
1337618023.73 -122.922080994
1337618023.74 -115.538955688
1337618023.76 -111.295372009
1337618023.76 -109.442581177
1337618023.76 -104.344573975
1337618023.76 -102.073532104
1337618023.76 -101.79699707
1337618023.76 -97.3299407959
1337618023.77 -95.4090881348
1337618023.77 -95.2122573853
1337618023.78 -89.6251449585
1337618023.78 -84.8200378418
1337618023.79 -83.5242614746
1337618023.79 -83.1877441406
1337618023.81 -83.3093795776
1337618023.81 -86.0232925415
1337618023.81 -83.6137924194
1337618023.82 -80.6490631104
1337618023.82 -83.1623382568
1337618023.82 -82.794708252
1337618023.83 -79.996421814
1337618023.84 -80.3102722168
1337618023.85 -76.5546798706
1337618023.85 -71.4221420288
1337618023.85 -73.2338409424
1337618023.85 -72.3966903687
1337618023.86 -68.4147644043
1337618023.86 -69.3724060059
1337618023.87 -66.4718017578
1337618023.87 -64.2282409668
1337618023.88 -65.1717987061
1337618023.88 -62.9470672607
1337618023.9 -57.8719367981
1337618023.9 -55.0785636902
1337618023.9 -49.8521575928
1337618023.9 -44.5444641113
1337618023.91 -44.5256996155
1337618023.92 -45.4121017456
1337618023.92 -42.2290458679
1337618023.92 -43.9088783264
1337618023.93 -45.6237564087
1337618023.93 -45.3692436218
1337618023.95 -48.6360816956
1337618023.95 -48.2249526978
1337618023.95 -45.9183578491
1337618023.95 -46.9230613708
1337618023.96 -48.3141860962
1337618023.96 -45.7861671448
1337618023.97 -44.9731674194
1337618023.97 -45.7768135071
1337618023.98 -40.5690116882
1337618023.98 -38.6427574158
1337618024.0 -39.4749450684
1337618024.0 -35.7981758118
1337618024.0 -34.5333023071
1337618024.0 -35.2285614014
1337618024.01 -32.5071411133
1337618024.01 -29.8972797394
1337618024.02 -30.1477203369
1337618024.02 -27.0104370117
1337618024.03 -26.5988368988
1337618024.03 -29.6392040253
1337618024.05 -28.6176280975
1337618024.05 -32.0823669434
1337618024.05 -38.4154586792
1337618024.05 -38.8133735657
1337618024.06 -38.5850486755
1337618024.06 -39.0879707336
1337618024.07 -37.4780693054
1337618024.07 -36.5622825623
1337618024.08 -37.5026817322
1337618024.08 -35.8819084167
1337618024.1 -32.5550308228
1337618024.1 -33.2252998352
1337618024.1 -31.6065406799
1337618024.1 -30.708568573
1337618024.11 -32.455909729
1337618024.11 -33.0306282043
1337618024.12 -32.0489997864
1337618024.12 -33.9064102173
1337618024.13 -35.6046409607
1337618024.13 -34.4822769165
1337618024.15 -35.4212989807
1337618024.15 -36.2460899353
1337618024.15 -37.6427536011
1337618024.15 -43.0102233887
1337618024.16 -46.7220001221
1337618024.16 -47.897857666
1337618024.17 -48.6237487793
1337618024.17 -46.2835655212
1337618024.18 -46.3454093933
1337618024.18 -48.5164146423
1337618024.19 -49.5236968994
1337618024.19 -49.9615211487
1337618024.2 -45.2615737915
1337618024.2 -43.6790962219
1337618024.22 -40.8466949463
1337618024.22 -38.2534370422
1337618024.22 -37.6405982971
1337618024.22 -34.0466384888
1337618024.23 -31.2437324524
1337618024.23 -28.4762878418
1337618024.24 -27.4080028534
1337618024.24 -28.1525287628
1337618024.25 -25.8517017365
1337618024.25 -25.8189201355
1337618024.26 -27.1931705475
1337618024.27 -27.3092632294
1337618024.28 -28.6422481537
1337618024.28 -29.0110912323
1337618024.28 -31.6781749725
1337618024.28 -36.1580810547
1337618024.29 -38.8457984924
1337618024.29 -40.8141517639
1337618024.3 -42.1734619141
1337618024.31 -42.4823188782
1337618024.31 -42.1343994141
1337618024.31 -45.9250946045
1337618024.32 -48.7326278687
1337618024.32 -46.3342208862
1337618024.33 -47.7624435425
1337618024.33 -48.6651954651
1337618024.34 -47.8440322876
1337618024.34 -44.9576301575
1337618024.35 -41.8193473816
1337618024.36 -37.6472320557
1337618024.36 -35.1903839111
1337618024.36 -35.2421035767
1337618024.37 -33.2328033447
1337618024.37 -33.959777832
1337618024.38 -34.853313446
1337618024.38 -31.7113857269
1337618024.39 -32.7037887573
1337618024.4 -34.4538002014
1337618024.4 -31.444355011
1337618024.42 -31.6077899933
1337618024.42 -33.3743438721
1337618024.42 -30.4629611969
1337618024.42 -30.5741901398
1337618024.42 -30.796163559
1337618024.43 -29.9818019867
1337618024.43 -31.4724998474
1337618024.44 -32.8398666382
1337618024.44 -35.7894706726
1337618024.45 -40.4211120605
1337618024.45 -46.094417572
1337618024.47 -47.5376281738
1337618024.47 -47.4952468872
1337618024.47 -51.1437950134
1337618024.47 -49.6779747009
1337618024.48 -46.5207099915
1337618024.48 -47.0277938843
1337618024.49 -43.2223320007
1337618024.49 -39.0756492615
1337618024.5 -39.2383422852
1337618024.5 -34.9781913757
1337618024.52 -31.3462944031
1337618024.52 -31.4390468597
1337618024.52 -29.7521915436
1337618024.52 -30.5310344696
1337618024.54 -37.767578125
1337618024.54 -40.199420929
1337618024.54 -39.5815544128
1337618024.59 -43.3140029907
1337618024.6 -43.2148208618
1337618024.71 -41.814655304
1337618024.71 -46.6909408569
1337618024.71 -48.5666503906
1337618024.72 -48.4652786255
1337618024.72 -53.7242927551
1337618024.73 -50.0757102966
1337618024.73 -46.4665145874
1337618024.73 -46.0722732544
1337618024.74 -44.9710197449
1337618025.09 -44.3656616211
1337618025.1 -48.7195510864
1337618025.1 -48.2913665771
1337618025.1 -39.9153671265
1337618025.1 -37.6509284973
1337618025.1 -34.1050300598
1337618025.1 -30.086025238
1337618025.1 -31.6624603271
1337618025.1 -29.2193069458
1337618025.11 -26.4775180817
1337618025.11 -28.3066921234
1337618025.11 -29.5712909698
1337618025.11 -29.6495418549
1337618025.11 -33.4763145447
1337618025.11 -34.1306533813
1337618025.11 -33.1520614624
1337618025.11 -37.0175971985
1337618025.12 -40.577293396
1337618025.12 -38.50365448
1337618025.12 -37.2370681763
1337618025.12 -34.9861488342
1337618025.12 -30.4458827972
1337618025.12 -33.2986450195
1337618025.12 -31.1246852875
1337618025.12 -27.2954444885
1337618025.12 -24.5347671509
1337618025.12 -22.7171630859
1337618025.13 -22.3983039856
1337618025.13 -25.251783371
1337618025.13 -28.9420928955
1337618025.13 -27.3911762238
1337618025.13 -26.8831691742
1337618025.13 -25.1046104431
1337618025.13 -28.9256343842
1337618025.13 -35.9348182678
1337618025.13 -41.2666778564
1337618025.13 -46.0309371948
1337618025.13 -46.8851699829
1337618025.13 -45.1986808777
1337618025.13 -44.9775772095
1337618025.13 -47.3183860779
1337618025.13 -47.3959541321
1337618025.13 -48.5254478455
1337618025.13 -50.3624649048
1337618025.13 -47.0079193115
1337618025.13 -43.8202514648
1337618025.13 -39.8700866699
1337618025.13 -35.9249916077
1337618025.13 -34.8173828125
1337618025.13 -32.7702140808
1337618025.13 -28.7873516083
1337618025.13 -27.1511535645
1337618025.13 -27.5838298798
1337618025.14 -28.3423519135
1337618025.14 -28.8230247498
1337618025.14 -29.9631404877
1337618025.14 -26.8558578491
1337618025.14 -25.0659008026
1337618025.14 -29.4287166595
1337618025.14 -30.9363155365
1337618025.14 -29.0118103027
1337618025.17 -31.272102356
1337618025.17 -31.307516098
1337618025.18 -30.6463108063
1337618025.18 -34.761177063
1337618025.18 -35.0882415771
1337618025.18 -33.7112579346
1337618025.18 -37.2582550049
1337618025.18 -36.7968444824
1337618025.18 -37.0174179077
1337618025.18 -41.9145431519
1337618025.19 -41.2378425598
1337618025.19 -40.5580444336
1337618025.19 -45.6491737366
1337618025.19 -54.3403968811
1337618025.19 -52.5406303406
1337618025.19 -49.887802124
1337618025.2 -47.2981452942
1337618025.21 -41.6239776611
1337618025.21 -38.6516914368
1337618025.21 -35.6064834595
1337618025.21 -30.5953044891
1337618025.21 -26.0399570465
1337618025.21 -23.0005207062
1337618025.21 -18.7012462616
1337618025.21 -18.4188365936
1337618025.21 -18.47108078
1337618025.21 -20.8794307709
1337618025.21 -25.9450798035
1337618025.21 -30.6719055176
1337618025.22 -33.1352157593
1337618025.22 -34.2262458801
1337618025.24 -34.968044281
1337618025.24 -36.9401741028
1337618025.24 -39.2373390198
1337618025.24 -41.0503997803
1337618025.24 -43.0297279358
1337618025.24 -42.1464080811
1337618025.24 -40.6096458435
1337618025.25 -38.9120368958
1337618025.25 -40.2121391296
1337618025.25 -39.0732421875
1337618025.25 -36.7041435242
1337618025.26 -37.1818313599
1337618025.28 -36.1694946289
1337618025.28 -37.234752655
1337618025.28 -38.8632087708
1337618025.28 -34.8440208435
1337618025.28 -32.7548980713
1337618025.29 -29.9350547791
1337618025.29 -26.7998447418
1337618025.3 -25.5810966492
1337618025.3 -27.0794277191
1337618025.31 -31.4467277527
1337618025.32 -31.3460845947
1337618025.33 -35.7034873962
1337618025.33 -37.4523468018
1337618025.33 -35.3360862732
1337618025.34 -39.0865707397
1337618025.34 -39.7484130859
1337618025.34 -39.0635032654
1337618025.35 -41.0731163025
1337618025.35 -45.435749054
1337618025.36 -48.7290840149
1337618025.36 -54.9233551025
1337618025.37 -57.2578086853
1337618025.37 -58.0623016357
1337618025.38 -64.2840270996
1337618025.38 -64.9069747925
1337618025.39 -63.0048904419
1337618025.39 -66.3176651001
1337618025.4 -68.0875549316
1337618025.4 -67.25
1337618025.41 -63.2297554016
1337618025.41 -60.9312744141
1337618025.42 -57.4106941223
1337618025.43 -55.8908691406
1337618025.43 -55.109790802
1337618025.43 -50.2296676636
1337618025.44 -49.8943786621
1337618025.46 -46.8206138611
1337618025.46 -41.8735389709
1337618025.46 -42.3438301086
1337618025.47 -41.1019096375
1337618025.47 -37.6880989075
1337618025.47 -38.4098320007
1337618025.47 -39.7560272217
1337618025.48 -37.1136894226
1337618025.48 -35.3194198608
1337618025.49 -36.8925056458
1337618025.49 -35.8549919128
1337618025.5 -38.3556404114
1337618025.5 -40.7315101624
1337618025.52 -39.691493988
1337618025.53 -40.8639945984
1337618025.53 -42.6754264832
1337618025.53 -43.2012901306
1337618025.53 -45.64661026
1337618025.53 -46.9526367188
1337618025.54 -44.5407562256
1337618025.54 -42.1381454468
1337618025.55 -43.6686477661
1337618025.55 -41.5330429077
1337618025.56 -38.1031723022
1337618025.57 -36.4072761536
1337618025.57 -30.4160861969
1337618025.57 -24.5328083038
1337618025.58 -21.6195392609
1337618025.58 -17.5914535522
1337618025.59 -14.911781311
1337618025.59 -14.022731781
1337618025.6 -10.8713293076
1337618025.61 -12.0840749741
1337618025.61 -15.1600980759
1337618025.62 -15.7101602554
1337618025.62 -18.5466060638
1337618025.62 -19.9144477844
1337618025.63 -22.2129745483
1337618025.63 -24.4901008606
1337618025.64 -25.0716400146
1337618025.64 -27.3962364197
1337618025.65 -27.5737724304
1337618025.66 -27.3517913818
1337618025.66 -26.4386959076
1337618025.67 -25.2363567352
1337618025.67 -23.3508663177
1337618025.67 -19.0007781982
1337618025.68 -17.5207042694
1337618025.68 -14.2175512314
1337618025.69 -10.2429552078
1337618025.69 -9.83506011963
1337618025.7 -7.03649616241
1337618025.71 -5.38996171951
1337618025.71 -2.45646858215
1337618025.72 1.72053933144
1337618025.72 4.29282903671
1337618025.72 4.05855131149
1337618025.73 4.83188152313
1337618025.73 6.55162334442
1337618025.74 4.15460968018
1337618025.74 0.257083296776
1337618025.75 0.571622610092
1337618025.76 -3.91610836983
1337618025.77 -6.1264295578
1337618025.77 -3.89661073685
1337618025.77 -6.80929899216
1337618025.77 -7.11821460724
1337618025.78 -4.70157432556
1337618025.78 -4.76136636734
1337618025.79 -5.08079767227
1337618025.79 -2.90496444702
1337618025.8 -2.82391691208
1337618025.81 -5.03767347336
1337618025.81 -3.08079743385
1337618025.81 -2.39214015007
1337618025.82 -5.02488946915
1337618025.82 -4.84246826172
1337618025.83 -7.33825922012
1337618025.83 -13.8499717712
1337618025.84 -14.384344101
1337618025.84 -12.4319982529
1337618025.85 -13.0122108459
1337618025.87 -7.75176429749
1337618025.87 -4.38283205032
1337618025.87 -7.60141992569
1337618025.87 -7.72280073166
1337618025.87 -6.28701639175
1337618025.88 -9.77589797974
1337618025.88 -8.82268810272
1337618025.89 -6.49560213089
1337618025.89 -8.17609405518
1337618025.9 -4.99004888535
1337618025.91 -2.51273059845
1337618025.91 -4.34938430786
1337618025.91 -2.98590779305
1337618025.92 -1.90783905983
1337618025.92 -3.47140693665
1337618025.93 -3.73121070862
1337618025.93 -2.94765758514
1337618025.94 -5.29565238953
1337618025.94 -5.60462999344
1337618025.95 -0.403489053249
1337618025.95 0.691062569618
1337618025.96 0.702179551125
1337618025.96 1.66306352615
1337618025.97 -0.447833389044
1337618025.97 -1.56417095661
1337618025.98 0.57523226738
1337618025.99 0.426908969879
1337618026.0 0.788810908794
1337618026.0 1.65526556969
1337618026.0 1.25031328201
1337618026.0 2.10458397865
1337618026.01 4.02178144455
1337618026.01 3.40816903114
1337618026.02 3.39253091812
1337618026.02 5.55844497681
1337618026.03 7.16378688812
1337618026.03 8.66815376282
1337618026.04 10.7564325333
1337618026.04 13.8212146759
1337618026.05 16.4061203003
1337618026.05 15.3757858276
1337618026.06 15.3895759583
1337618026.06 18.0674629211
1337618026.08 19.881565094
1337618026.08 22.0715198517
1337618026.08 26.195022583
1337618026.08 26.2962818146
1337618026.09 25.3169155121
1337618026.09 29.4120349884
1337618026.1 30.9831123352
1337618026.1 31.7663230896
1337618026.11 32.8736534119
1337618026.11 29.7808246613
1337618026.12 29.5604953766
1337618026.12 29.8875293732
1337618026.13 26.3238067627
1337618026.13 24.1798477173
1337618026.14 25.462594986
1337618026.14 24.9309196472
1337618026.16 23.4389724731
1337618026.16 25.9586734772
1337618026.16 25.1834163666
1337618026.16 20.3323459625
1337618026.17 21.0192604065
1337618026.17 19.3277168274
1337618026.18 15.9263525009
1337618026.18 17.5185527802
1337618026.19 17.1784496307
1337618026.19 15.905292511
1337618026.2 18.3956813812
1337618026.2 17.9190254211
1337618026.21 15.8478450775
1337618026.21 19.4634037018
1337618026.22 21.3542690277
1337618026.22 21.8138599396
1337618026.23 26.257932663
1337618026.24 27.6902942657
1337618026.24 27.381937027
1337618026.25 29.8834457397
1337618026.25 31.4059028625
1337618026.25 31.2710056305
1337618026.26 31.9124031067
1337618026.26 31.8921413422
1337618026.27 30.8265666962
1337618026.27 30.6463375092
1337618026.27 30.6843338013
1337618026.28 30.3659744263
1337618026.29 30.6617527008
1337618026.29 30.5857620239
1337618026.3 31.8880634308
1337618026.3 32.411190033
1337618026.31 32.8619041443
1337618026.31 35.0220527649
1337618026.33 36.1704521179
1337618026.33 37.6435890198
1337618026.33 38.9752731323
1337618026.33 37.8514633179
1337618026.34 36.3590049744
1337618026.34 38.1413574219
1337618026.35 38.225063324
1337618026.35 38.0798034668
1337618026.36 40.7168235779
1337618026.36 39.7766304016
1337618026.37 38.4966964722
1337618026.37 41.0516548157
1337618026.38 42.1318206787
1337618026.38 39.9136199951
1337618026.39 39.6469306946
1337618026.39 39.0088386536
1337618026.41 34.2407302856
1337618026.41 34.3616371155
1337618026.41 35.3680343628
1337618026.41 32.7004013062
1337618026.42 34.937953949
1337618026.42 35.1816444397
1337618026.43 30.7385673523
1337618026.43 35.5708084106
1337618026.44 39.0599365234
1337618026.44 39.3716964722
1337618026.45 41.0258331299
1337618026.45 41.3935127258
1337618026.46 38.4230232239
1337618026.46 35.5814857483
1337618026.46 32.7587585449
1337618026.47 28.2290534973
1337618026.48 24.2028541565
1337618026.5 22.0012130737
1337618026.5 18.2497901917
1337618026.5 15.2761592865
1337618026.5 13.0207452774
1337618026.5 10.5076322556
1337618026.51 10.3391313553
1337618026.51 10.6648740768
1337618026.52 10.9221906662
1337618026.52 10.1721477509
1337618026.53 10.4975357056
1337618026.53 13.1411390305
1337618026.53 14.412610054
1337618026.54 17.1839427948
1337618026.55 19.9212398529
1337618026.55 20.7154006958
1337618026.56 21.3127765656
1337618026.56 23.6001682281
1337618026.59 26.1958503723
1337618026.59 27.4133281708
1337618026.6 30.602481842
1337618026.6 31.6268787384
1337618026.6 28.0948562622
1337618026.61 27.5863628387
1337618026.61 29.7711410522
1337618026.61 29.5378684998
1337618026.61 32.3044891357
1337618026.61 32.9945335388
1337618026.62 29.4289283752
1337618026.63 28.935836792
1337618026.63 30.2611465454
1337618026.64 27.8319644928
1337618026.65 28.0450019836
1337618026.66 30.0074462891
1337618026.82 27.0454998016
1337618026.82 27.9851398468
1337618026.82 29.7828197479
1337618026.83 26.4606342316
1337618026.83 26.5316619873
1337618026.83 29.2257442474
1337618026.83 29.2015323639
1337618026.83 29.1074390411
1337618026.83 30.7444534302
1337618026.83 29.3391284943
1337618026.83 29.3097610474
1337618026.84 33.2531776428
1337618026.84 34.5377502441
1337618026.84 33.2859382629
1337618026.84 34.2787742615
1337618026.84 33.2790756226
1337618026.84 32.2976646423
1337618026.84 33.7029151917
1337618026.84 33.4375495911
1337618026.84 31.7813014984
1337618026.85 34.0697669983
1337618026.85 34.408996582
1337618026.85 33.0496063232
1337618026.85 35.5808105469
1337618026.85 36.4952430725
1337618026.85 37.566619873
1337618026.85 37.3990402222
1337618026.85 36.4719200134
1337618026.87 36.7684364319
1337618026.87 35.295627594
1337618026.87 32.0523223877
1337618026.87 31.3575744629
1337618026.87 29.3545341492
1337618026.87 29.678276062
1337618026.87 31.4914340973
1337618026.87 31.7825660706
1337618026.87 31.5459079742
1337618026.88 33.4588241577
1337618026.88 34.1291007996
1337618026.88 33.853603363
1337618026.88 35.51197052
1337618026.88 33.8702163696
1337618026.88 32.2159957886
1337618026.88 34.6824684143
1337618026.88 39.2868156433
1337618026.88 37.4317131042
1337618026.88 38.0542182922
1337618026.88 39.1390533447
1337618026.88 35.8559074402
1337618026.89 37.8929634094
1337618026.89 39.1199684143
1337618026.9 34.0750389099
1337618026.9 34.2565231323
1337618026.91 35.6170387268
1337618026.91 33.0188369751
1337618026.92 35.0544815063
1337618026.92 34.2027435303
1337618026.93 30.532207489
1337618026.93 29.7585487366
1337618026.94 30.889793396
1337618026.94 31.2401866913
1337618026.95 30.9517002106
1337618026.95 33.2867431641
1337618026.96 32.2084770203
1337618026.96 29.2286281586
1337618026.98 29.6849975586
1337618026.98 27.4315128326
1337618026.98 26.3048839569
1337618026.99 26.3577423096
1337618026.99 26.3985118866
1337618026.99 25.9830169678
1337618027.0 23.8702507019
1337618027.0 20.8932437897
1337618027.01 20.771982193
1337618027.01 21.0393123627
1337618027.02 19.9195346832
1337618027.02 19.8141117096
1337618027.03 16.4249801636
1337618027.03 13.8098812103
1337618027.04 15.8880844116
1337618027.04 18.8318462372
1337618027.06 20.3599834442
1337618027.06 21.9737262726
1337618027.06 21.3474006653
1337618027.07 20.9661979675
1337618027.07 26.1078891754
1337618027.08 32.5762825012
1337618027.08 33.2795219421
1337618027.08 38.5895004272
1337618027.09 46.7542152405
1337618027.09 51.3899612427
1337618027.1 62.1820259094
1337618027.1 70.5453872681
1337618027.11 74.0288696289
1337618027.11 83.872215271
1337618027.12 91.2022399902
1337618027.12 96.7981338501
1337618027.13 93.6798095703
1337618027.14 90.4470901489
1337618027.14 85.2696609497
1337618027.15 81.891418457
1337618027.15 81.5426712036
1337618027.15 75.1930999756
1337618027.16 68.1152801514
1337618027.16 62.9961166382
1337618027.17 58.5668258667
1337618027.17 56.1168746948
1337618027.18 51.6524810791
1337618027.18 45.9741592407
1337618027.19 41.4811172485
1337618027.19 35.6806297302
1337618027.2 33.0641746521
1337618027.2 34.0941352844
1337618027.21 28.9723396301
1337618027.21 31.76212883
1337618027.22 35.1596870422
1337618027.22 34.3420791626
1337618027.24 39.0424079895
1337618027.24 42.4138870239
1337618027.24 47.6746482849
1337618027.24 57.9689712524
1337618027.25 67.335899353
1337618027.25 78.3733291626
1337618027.26 82.6017303467
1337618027.26 86.8068389893
1337618027.27 88.6575775146
1337618027.27 85.6769561768
1337618027.28 95.7817459106
1337618027.28 101.44719696
1337618027.29 104.598999023
1337618027.29 111.985610962
1337618027.31 115.016822815
1337618027.31 116.28881073
1337618027.31 123.396408081
1337618027.31 129.882064819
1337618027.32 134.537826538
1337618027.32 139.572906494
1337618027.33 151.826278687
1337618027.33 160.34954834
1337618027.34 169.417037964
1337618027.34 181.506317139
1337618027.35 189.843536377
1337618027.35 207.577835083
1337618027.36 226.125717163
1337618027.37 240.988601685
1337618027.37 252.831375122
1337618027.37 268.301757812
1337618027.38 279.900268555
1337618027.38 289.700744629
1337618027.39 303.883361816
1337618027.39 313.731872559
1337618027.4 325.821746826
1337618027.4 338.86315918
1337618027.41 349.328674316
1337618027.41 361.065338135
1337618027.43 368.5597229
1337618027.43 387.234069824
1337618027.43 406.490692139
1337618027.43 423.794525146
1337618027.44 442.648468018
1337618027.44 459.071777344
1337618027.45 473.093475342
1337618027.45 488.316131592
1337618027.46 502.410919189
1337618027.47 514.131225586
1337618027.48 524.330749512
1337618027.48 537.77746582
1337618027.48 551.565917969
1337618027.48 561.025817871
1337618027.49 570.566650391
1337618027.49 579.560791016
1337618027.5 580.301330566
1337618027.5 586.27734375
1337618027.51 595.720153809
1337618027.52 599.015441895
1337618027.53 603.435119629
1337618027.53 625.87902832
1337618027.53 641.692016602
1337618027.53 658.358215332
1337618027.54 668.849487305
1337618027.54 675.829406738
1337618027.55 680.570495605
1337618027.55 694.252441406
1337618027.56 707.297851562
1337618027.57 716.435058594
1337618027.58 729.069091797
1337618027.58 738.979431152
1337618027.58 743.313659668
1337618027.58 753.325500488
1337618027.59 766.921447754
1337618027.59 773.78326416
1337618027.6 784.77142334
1337618027.6 803.387878418
1337618027.61 815.356567383
1337618027.62 830.183532715
1337618027.62 845.333374023
1337618027.62 851.592224121
1337618027.63 857.865234375
1337618027.63 867.170227051
1337618027.64 874.972961426
1337618027.64 881.617248535
1337618027.65 891.925537109
1337618027.65 908.12701416
1337618027.66 923.505554199
1337618027.67 941.937438965
1337618027.67 945.006896973
1337618027.67 946.334594727
1337618027.68 952.114135742
1337618027.68 953.223632812
1337618027.69 962.091247559
1337618027.69 973.873352051
1337618027.7 980.160949707
1337618027.7 984.34387207
1337618027.71 989.211120605
1337618027.71 992.105895996
1337618027.72 995.032470703
1337618027.72 1001.76525879
1337618027.74 1004.4395752
1337618027.74 1005.80163574
1337618027.74 1021.86694336
1337618027.74 1032.40637207
1337618027.75 1041.04406738
1337618027.75 1052.53198242
1337618027.76 1060.07519531
1337618027.76 1067.08984375
1337618027.77 1073.14941406
1337618027.77 1077.30151367
1337618027.78 1081.32739258
1337618027.79 1086.8001709
1337618027.79 1103.76806641
1337618027.8 1119.14770508
1337618027.8 1133.33789062
1337618027.8 1138.85961914
1337618027.81 1145.60192871
1337618027.81 1151.21569824
1337618027.82 1154.4486084
1337618027.82 1167.95581055
1337618027.84 1179.04943848
1337618027.89 1190.15332031
1337618027.89 1196.30175781
1337618027.89 1199.39318848
1337618027.89 1204.34802246
1337618027.89 1207.78869629
1337618027.9 1209.35668945
1337618027.9 1215.63269043
1337618027.9 1220.77185059
1337618027.9 1224.51647949
1337618027.9 1240.72766113
1337618027.9 1255.90039062
1337618027.9 1270.49951172
1337618027.95 1277.88623047
1337618027.95 1284.50134277
1337618027.95 1287.53637695
1337618027.95 1297.90710449
1337618027.96 1306.63037109
1337618027.96 1315.92321777
1337618027.96 1326.03613281
1337618027.96 1331.99084473
1337618027.97 1345.57580566
1337618027.97 1356.76416016
1337618027.98 1362.42272949
1337618027.98 1366.79223633
1337618027.98 1367.52197266
1337618027.98 1369.36669922
1337618027.98 1388.82556152
1337618027.98 1404.78442383
1337618027.99 1422.14331055
1337618027.99 1438.32226562
1337618027.99 1431.88659668
1337618027.99 1424.42407227
1337618027.99 1419.11535645
1337618028.0 1408.02612305
1337618028.0 1402.84204102
1337618028.01 1400.79284668
1337618028.01 1414.50646973
1337618028.02 1430.14807129
1337618028.02 1439.3671875
1337618028.04 1442.64147949
1337618028.04 1452.18395996
1337618028.05 1461.16320801
1337618028.05 1471.7890625
1337618028.05 1481.64916992
1337618028.05 1490.89172363
1337618028.06 1518.30126953
1337618028.06 1544.49926758
1337618028.07 1569.86657715
1337618028.07 1588.30834961
1337618028.07 1605.74169922
1337618028.09 1610.45922852
1337618028.09 1609.29052734
1337618028.1 1634.05834961
1337618028.11 1653.96691895
1337618028.11 1665.56323242
1337618028.12 1677.58044434
1337618028.12 1668.70678711
1337618028.12 1658.98425293
1337618028.12 1661.21704102
1337618028.12 1662.55554199
1337618028.13 1661.94250488
1337618028.15 1654.60620117
1337618028.15 1645.76391602
1337618028.16 1642.4642334
1337618028.17 1637.40905762
1337618028.17 1634.85192871
1337618028.17 1632.62304688
1337618028.17 1627.67663574
1337618028.17 1628.1003418
1337618028.18 1628.23339844
1337618028.18 1626.92041016
1337618028.19 1627.39001465
1337618028.22 1627.61694336
1337618028.23 1625.26171875
1337618028.23 1626.28259277
1337618028.23 1628.51330566
1337618028.23 1624.70922852
1337618028.23 1624.38793945
1337618028.23 1625.50952148
1337618028.24 1623.29345703
1337618028.24 1626.6307373
1337618028.24 1629.34448242
1337618028.24 1628.03686523
1337618028.25 1632.4888916
1337618028.26 1634.75476074
1337618028.26 1635.71362305
1337618028.26 1638.85180664
1337618028.27 1639.67614746
1337618028.27 1638.05895996
1337618028.27 1638.97314453
1337618028.29 1642.98706055
1337618028.29 1643.64221191
1337618028.29 1646.49377441
1337618028.29 1649.32080078
1337618028.3 1648.45471191
1337618028.3 1649.45593262
1337618028.31 1651.9822998
1337618028.31 1654.32617188
1337618028.32 1655.65014648
1337618028.33 1658.28625488
1337618028.33 1658.75708008
1337618028.33 1659.52038574
1337618028.34 1661.4074707
1337618028.34 1660.90893555
1337618028.35 1661.29711914
1337618028.35 1660.19067383
1337618028.37 1660.34643555
1337618028.37 1662.15673828
1337618028.37 1661.71899414
1337618028.37 1659.99902344
1337618028.38 1659.78393555
1337618028.38 1685.27587891
1337618028.39 1710.71899414
1337618028.39 1734.91906738
1337618028.4 1752.06347656
1337618028.4 1768.43139648
1337618028.41 1779.9744873
1337618028.41 1787.51611328
1337618028.42 1785.22094727
1337618028.43 1781.94348145
1337618028.43 1779.14611816
1337618028.44 1774.421875
1337618028.44 1771.58886719
1337618028.44 1767.8927002
1337618028.45 1761.99890137
1337618028.45 1774.53662109
1337618028.46 1784.69921875
1337618028.46 1792.11340332
1337618028.47 1784.3269043
1337618028.48 1775.65393066
1337618028.48 1767.32946777
1337618028.49 1765.39770508
1337618028.49 1763.64196777
1337618028.49 1764.12390137
1337618028.5 1758.53222656
1337618028.5 1738.73205566
1337618028.51 1722.58898926
1337618028.51 1706.10144043
1337618028.52 1699.20654297
1337618028.53 1691.83496094
1337618028.53 1682.08886719
1337618028.54 1682.31884766
1337618028.54 1680.77026367
1337618028.54 1679.24401855
1337618028.55 1680.01245117
1337618028.55 1668.14245605
1337618028.56 1656.61340332
1337618028.56 1646.03063965
1337618028.57 1628.51184082
1337618028.58 1614.88305664
1337618028.59 1601.60522461
1337618028.59 1598.75415039
1337618028.59 1594.19421387
1337618028.59 1588.35473633
1337618028.6 1583.50891113
1337618028.6 1572.62194824
1337618028.61 1560.79260254
1337618028.61 1550.0670166
1337618028.62 1544.48852539
1337618028.62 1537.3581543
1337618028.63 1529.54406738
1337618028.63 1525.19372559
1337618028.64 1518.87084961
1337618028.64 1505.15307617
1337618028.65 1498.64746094
1337618028.66 1489.42810059
1337618028.66 1477.93066406
1337618028.67 1466.90466309
1337618028.67 1456.69238281
1337618028.67 1458.1583252
1337618028.68 1458.42175293
1337618028.68 1459.09960938
1337618028.69 1458.44042969
1337618028.69 1438.84973145
1337618028.7 1422.9317627
1337618028.7 1409.74597168
1337618028.71 1397.23425293
1337618028.71 1388.8918457
1337618028.72 1378.91638184
1337618028.72 1362.10778809
1337618028.73 1349.1784668
1337618028.73 1337.34887695
1337618028.74 1323.03161621
1337618028.74 1311.72497559
1337618028.75 1302.04101562
1337618028.75 1292.81945801
1337618028.76 1284.95751953
1337618028.76 1278.58544922
1337618028.77 1275.63537598
1337618028.78 1265.47753906
1337618028.78 1260.04748535
1337618028.78 1253.95458984
1337618028.79 1246.55859375
1337618028.79 1242.67565918
1337618028.8 1239.24304199
1337618028.8 1236.85717773
1337618028.81 1235.17858887
1337618028.81 1230.21447754
1337618028.82 1227.31835938
1337618028.82 1216.55444336
1337618028.83 1210.19335938
1337618028.83 1206.79614258
1337618028.84 1196.92211914
1337618028.85 1187.1574707
1337618028.85 1176.75
1337618028.85 1166.62536621
1337618028.86 1164.93078613
1337618028.86 1159.40759277
1337618028.87 1151.6895752
1337618028.87 1135.80932617
1337618028.88 1123.32080078
1337618028.88 1113.93164062
1337618028.89 1116.73986816
1337618028.89 1121.53540039
1337618028.9 1123.22949219
1337618028.9 1113.83447266
1337618028.91 1111.08837891
1337618028.92 1106.91113281
1337618028.92 1102.32995605
1337618028.92 1097.06298828
1337618028.93 1091.19946289
1337618028.93 1086.37194824
1337618028.94 1082.10961914
1337618028.94 1072.32629395
1337618028.95 1063.32775879
1337618028.95 1054.03527832
1337618028.96 1053.54174805
1337618028.96 1054.69348145
1337618028.97 1053.17407227
1337618028.97 1050.24511719
1337618028.98 1044.91210938
1337618028.98 1039.83007812
1337618028.99 1032.06848145
1337618029.0 1023.16070557
1337618029.0 1010.81158447
1337618029.0 1000.36859131
1337618029.01 991.539306641
1337618029.01 984.099060059
1337618029.02 978.273193359
1337618029.02 975.162719727
1337618029.03 972.52355957
1337618029.03 955.524963379
1337618029.05 946.619995117
1337618029.05 937.744934082
1337618029.05 927.14465332
1337618029.05 920.900817871
1337618029.06 914.171630859
1337618029.06 907.364257812
1337618029.07 909.647277832
1337618029.08 909.888549805
1337618029.08 909.32611084
1337618029.08 901.755310059
1337618029.09 895.387329102
1337618029.09 891.248474121
1337618029.1 886.010070801
1337618029.1 882.017578125
1337618029.11 876.694885254
1337618029.11 871.537536621
1337618029.12 875.963378906
1337618029.13 878.814086914
1337618029.13 880.019897461
1337618029.13 874.346618652
1337618029.14 869.645202637
1337618029.14 865.668395996
1337618029.15 860.279541016
1337618029.15 865.646728516
1337618029.17 871.66418457
1337618029.18 871.836730957
1337618029.18 870.440551758
1337618029.2 865.620910645
1337618029.2 859.149841309
1337618029.2 840.224853516
1337618029.21 821.945129395
1337618029.21 805.531982422
1337618029.21 792.234680176
1337618029.21 795.782165527
1337618029.21 799.544494629
1337618029.21 804.313354492
1337618029.23 804.061706543
1337618029.24 802.696655273
1337618029.24 800.902893066
1337618029.24 799.654541016
1337618029.24 790.670593262
1337618029.25 785.484558105
1337618029.25 779.757263184
1337618029.27 784.162109375
1337618029.27 788.647644043
1337618029.27 789.869873047
1337618029.28 792.634277344
1337618029.28 795.8984375
1337618029.28 795.756225586
1337618029.29 787.043457031
1337618029.29 780.797485352
1337618029.29 775.303100586
1337618029.29 770.039123535
1337618029.32 771.293273926
1337618029.32 768.968688965
1337618029.32 765.784179688
1337618029.32 759.487243652
1337618029.32 752.468078613
1337618029.33 744.970703125
1337618029.33 739.251647949
1337618029.35 727.524536133
1337618029.37 717.758911133
1337618029.37 723.644714355
1337618029.38 728.314147949
1337618029.38 730.844299316
1337618029.38 732.296691895
1337618029.38 746.251403809
1337618029.38 754.847106934
1337618029.38 764.178100586
1337618029.38 746.25769043
1337618029.4 726.680175781
1337618029.4 711.897949219
1337618029.41 727.141235352
1337618029.41 738.428833008
1337618029.41 752.069946289
1337618029.41 762.341308594
1337618029.42 771.773864746
1337618029.42 781.145202637
1337618029.42 789.436889648
1337618029.44 789.333068848
1337618029.44 791.015136719
1337618029.46 793.865966797
1337618029.46 790.145568848
1337618029.46 794.591125488
1337618029.46 801.754821777
1337618029.47 804.821228027
1337618029.47 821.975769043
1337618029.47 835.16595459
1337618029.47 842.357788086
1337618029.48 853.422485352
1337618029.49 860.595947266
1337618029.49 865.157714844
1337618029.5 867.365600586
1337618029.5 861.952087402
1337618029.5 852.456848145
1337618029.51 846.223815918
1337618029.51 847.52142334
1337618029.53 825.042175293
1337618029.53 802.680908203
1337618029.53 786.212219238
1337618029.54 764.341369629
1337618029.54 746.863647461
1337618029.54 734.9921875
1337618029.55 721.059936523
1337618029.55 709.071289062
1337618029.56 697.846191406
1337618029.57 689.246459961
1337618029.58 677.702636719
1337618029.58 666.918884277
1337618029.58 639.756774902
1337618029.58 617.1796875
1337618029.59 600.218078613
1337618029.59 593.91192627
1337618029.6 589.04284668
1337618029.61 584.666015625
1337618029.61 576.739501953
1337618029.62 563.97479248
1337618029.62 555.611999512
1337618029.63 544.43951416
1337618029.63 537.853942871
1337618029.64 535.068603516
1337618029.64 527.241455078
1337618029.64 525.495910645
1337618029.65 523.920349121
1337618029.66 518.937072754
1337618029.66 519.24041748
1337618029.66 519.398254395
1337618029.67 517.107543945
1337618029.68 513.387451172
1337618029.68 514.000793457
1337618029.68 513.640136719
1337618029.69 511.335449219
1337618029.69 514.278381348
1337618029.7 509.907043457
1337618029.71 505.279846191
1337618029.71 503.894256592
1337618029.71 493.725097656
1337618029.72 486.500823975
1337618029.73 481.0965271
1337618029.73 475.881713867
1337618029.73 473.6484375
1337618029.74 471.851745605
1337618029.74 466.994110107
1337618029.75 462.436706543
1337618029.75 457.100463867
1337618029.76 453.203979492
1337618029.77 455.599639893
1337618029.77 457.288970947
1337618029.78 459.723052979
1337618029.78 458.611358643
1337618029.78 454.695068359
1337618029.79 451.577667236
1337618029.79 449.683929443
1337618029.8 448.886291504
1337618029.8 444.215118408
1337618029.81 443.11340332
1337618029.82 441.040313721
1337618029.82 436.15713501
1337618029.82 436.847747803
1337618029.83 440.597045898
1337618029.83 439.41305542
1337618029.84 442.245697021
1337618029.84 424.02142334
1337618029.85 406.015930176
1337618029.85 395.824432373
1337618029.86 383.779449463
1337618029.86 370.00012207
1337618029.87 359.525878906
1337618029.87 350.420776367
1337618029.88 343.076934814
1337618029.88 337.095947266
1337618029.89 334.369934082
1337618029.89 330.478637695
1337618029.9 325.619537354
1337618029.9 323.733428955
1337618029.91 320.428375244
1337618029.91 317.007263184
1337618029.92 315.505401611
1337618029.93 313.905639648
1337618029.93 314.062469482
1337618029.94 313.982269287
1337618029.94 313.308868408
1337618029.94 310.844909668
1337618029.95 308.196044922
1337618029.95 306.833679199
1337618029.96 305.983520508
1337618029.96 304.751342773
1337618029.97 303.977630615
1337618029.97 302.91619873
1337618029.98 298.734588623
1337618029.99 297.809814453
1337618029.99 299.781036377
1337618029.99 293.811553955
1337618030.0 290.408081055
1337618030.01 289.165435791
1337618030.01 283.872924805
1337618030.01 280.437713623
1337618030.02 277.78515625
1337618030.02 270.997741699
1337618030.03 270.675354004
1337618030.04 272.653137207
1337618030.04 271.175262451
1337618030.04 271.845336914
1337618030.05 275.995819092
1337618030.05 275.316101074
1337618030.06 275.610229492
1337618030.06 277.378082275
1337618030.07 274.930603027
1337618030.07 272.594146729
1337618030.08 273.666412354
1337618030.08 275.78012085
1337618030.09 276.691925049
1337618030.1 281.377258301
1337618030.1 285.01260376
1337618030.1 285.358337402
1337618030.11 287.837524414
1337618030.11 289.162963867
1337618030.12 287.884063721
1337618030.12 291.684967041
1337618030.13 292.288970947
1337618030.13 296.361877441
1337618030.14 304.236053467
1337618030.14 309.105926514
1337618030.15 304.385131836
1337618030.16 301.732391357
1337618030.16 297.560668945
1337618030.16 284.651275635
1337618030.17 274.644775391
1337618030.17 265.263214111
1337618030.18 258.018218994
1337618030.18 247.743331909
1337618030.19 238.875
1337618030.19 235.584671021
1337618030.2 231.543930054
1337618030.21 225.317382812
1337618030.21 221.375335693
1337618030.21 222.275878906
1337618030.22 222.689086914
1337618030.22 224.862564087
1337618030.23 225.998275757
1337618030.23 224.86869812
1337618030.24 227.012207031
1337618030.24 227.26675415
1337618030.25 228.991622925
1337618030.26 233.861282349
1337618030.26 235.454818726
1337618030.26 232.989624023
1337618030.27 232.660675049
1337618030.27 231.601608276
1337618030.28 229.958190918
1337618030.28 230.339263916
1337618030.29 230.647827148
1337618030.29 225.039077759
1337618030.3 220.80696106
1337618030.31 218.442565918
1337618030.31 213.12071228
1337618030.31 210.185012817
1337618030.32 209.70664978
1337618030.32 204.557922363
1337618030.33 203.568878174
1337618030.33 204.507522583
1337618030.34 199.522476196
1337618030.34 204.665878296
1337618030.35 212.392272949
1337618030.36 213.016708374
1337618030.36 216.492752075
1337618030.36 222.221237183
1337618030.37 222.003662109
1337618030.37 225.544204712
1337618030.38 220.896331787
1337618030.38 212.485244751
1337618030.39 208.191467285
1337618030.39 200.838150024
1337618030.4 191.141159058
1337618030.41 185.363265991
1337618030.41 180.254165649
1337618030.42 171.943618774
1337618030.42 165.053146362
1337618030.42 161.477355957
1337618030.43 159.533355713
1337618030.43 157.565765381
1337618030.44 156.94078064
1337618030.44 153.46244812
1337618030.45 149.820129395
1337618030.45 149.003967285
1337618030.46 148.202453613
1337618030.46 152.566116333
1337618030.47 155.427993774
1337618030.47 158.566574097
1337618030.48 170.756713867
1337618030.48 183.535247803
1337618030.49 195.115158081
1337618030.49 202.01159668
1337618030.5 191.020050049
1337618030.5 181.873214722
1337618030.51 173.900390625
1337618030.51 162.543197632
1337618030.52 152.057250977
1337618030.52 142.871551514
1337618030.53 152.437606812
1337618030.53 162.812759399
1337618030.54 175.426818848
1337618030.54 183.382232666
1337618030.56 182.566696167
1337618030.56 181.05430603
1337618030.56 176.01499939
1337618030.58 182.298019409
1337618030.58 187.742263794
1337618030.58 191.919464111
1337618030.58 187.329055786
1337618030.58 182.104629517
1337618030.59 177.454025269
1337618030.6 172.796142578
1337618030.6 160.383773804
1337618030.62 148.809448242
1337618030.62 135.052505493
1337618030.62 134.119354248
1337618030.64 134.291702271
1337618030.64 131.987365723
1337618030.64 133.78314209
1337618030.64 131.382247925
1337618030.64 127.215362549
1337618030.64 125.760368347
1337618030.65 130.547943115
1337618030.65 134.616790771
1337618030.66 136.553543091
1337618030.66 127.899993896
1337618030.69 120.374267578
1337618030.69 114.43989563
1337618030.69 109.190971375
1337618030.71 104.278312683
1337618030.72 96.8078079224
1337618030.72 92.5732803345
1337618030.72 88.2461471558
1337618030.72 82.6649398804
1337618030.72 80.3600006104
1337618030.72 76.977142334
1337618030.72 72.3355026245
1337618030.72 68.6720809937
1337618030.73 66.8467178345
1337618030.74 66.1539993286
1337618030.74 62.2274017334
1337618030.74 60.3368110657
1337618030.75 64.4700241089
1337618030.75 63.7650413513
1337618030.76 66.0100479126
1337618030.76 69.0209503174
1337618030.76 68.3194274902
1337618030.77 72.8930969238
1337618030.78 75.3839950562
1337618030.78 74.4467391968
1337618030.79 75.4254684448
1337618030.79 76.4456634521
1337618030.8 84.1094207764
1337618030.81 91.2828674316
1337618030.81 97.9982452393
1337618030.81 106.148040771
1337618030.82 111.729148865
1337618030.82 120.861747742
1337618030.83 132.923446655
1337618030.83 140.591903687
1337618030.84 149.173446655
1337618030.84 156.898086548
1337618030.85 160.412628174
1337618030.85 165.301681519
1337618030.86 170.258178711
1337618030.86 171.976531982
1337618030.87 175.847808838
1337618030.87 180.663101196
1337618030.88 179.320327759
1337618030.88 180.305206299
1337618030.89 182.363708496
1337618030.89 181.701904297
1337618030.9 181.021499634
1337618030.9 181.760421753
1337618030.91 181.578887939
1337618030.91 182.457473755
1337618030.91 183.630233765
1337618030.92 184.304397583
1337618030.92 185.64680481
1337618030.93 188.911148071
1337618030.94 192.907073975
1337618030.94 193.933990479
1337618030.95 196.368103027
1337618030.95 200.017700195
1337618030.96 199.712463379
1337618030.96 203.464996338
1337618030.97 209.374984741
1337618030.97 209.260681152
1337618030.97 211.249557495
1337618030.98 208.626571655
1337618030.98 202.819625854
1337618030.99 202.938858032
1337618031.0 200.720809937
1337618031.0 193.964294434
1337618031.01 189.854736328
1337618031.01 185.157012939
1337618031.02 181.065658569
1337618031.02 180.812011719
1337618031.02 184.471298218
1337618031.03 184.604446411
1337618031.03 186.94039917
1337618031.04 190.158279419
1337618031.05 185.76449585
1337618031.05 183.53527832
1337618031.05 178.06401062
1337618031.06 169.352401733
1337618031.07 164.206970215
1337618031.07 158.6434021
1337618031.07 155.224411011
1337618031.08 150.108551025
1337618031.08 144.606582642
1337618031.09 141.806274414
1337618031.09 139.223861694
1337618031.1 138.560699463
1337618031.1 138.169372559
1337618031.11 133.719955444
1337618031.12 129.546157837
1337618031.12 128.377227783
1337618031.13 132.77557373
1337618031.13 138.084457397
1337618031.13 145.414230347
1337618031.14 145.580825806
1337618031.14 148.299591064
1337618031.15 153.368972778
1337618031.15 155.206253052
1337618031.16 157.742507935
1337618031.17 159.240341187
1337618031.17 156.973632812
1337618031.17 155.614868164
1337618031.18 155.25604248
1337618031.19 153.005233765
1337618031.19 152.109313965
1337618031.19 149.157592773
1337618031.2 144.982833862
1337618031.2 142.499771118
1337618031.21 139.166625977
1337618031.22 135.814880371
1337618031.22 131.696716309
1337618031.22 128.269515991
1337618031.23 127.036186218
1337618031.24 123.925163269
1337618031.24 121.476844788
1337618031.24 122.190620422
1337618031.25 121.372764587
1337618031.25 122.038482666
1337618031.26 123.750572205
1337618031.27 124.125480652
1337618031.27 123.926315308
1337618031.27 125.557891846
1337618031.28 126.271156311
1337618031.28 128.111755371
1337618031.29 131.301330566
1337618031.29 131.63973999
1337618031.3 130.56463623
1337618031.3 131.718185425
1337618031.31 133.684997559
1337618031.31 134.017730713
1337618031.32 135.120529175
1337618031.32 135.951385498
1337618031.33 133.315307617
1337618031.33 131.929321289
1337618031.35 132.536697388
1337618031.35 129.814849854
1337618031.35 128.497207642
1337618031.35 127.574401855
1337618031.36 124.499755859
1337618031.36 123.209098816
1337618031.37 123.104263306
1337618031.37 120.243171692
1337618031.38 115.453178406
1337618031.39 114.759788513
1337618031.39 112.378189087
1337618031.39 102.969055176
1337618031.4 98.7578353882
1337618031.4 92.9050292969
1337618031.41 86.9958648682
1337618031.41 83.5312957764
1337618031.42 78.8722229004
1337618031.42 72.1649627686
1337618031.43 66.7269363403
1337618031.44 62.8889846802
1337618031.44 59.9258537292
1337618031.44 57.5283851624
1337618031.45 54.5833511353
1337618031.45 53.0783233643
1337618031.46 48.8469657898
1337618031.46 47.8510475159
1337618031.47 47.7822380066
1337618031.47 45.01171875
1337618031.49 45.3775482178
1337618031.49 47.1170387268
1337618031.49 46.3425064087
1337618031.49 50.345489502
1337618031.5 52.9201889038
1337618031.5 54.127281189
1337618031.51 55.0597877502
1337618031.51 58.0635147095
1337618031.52 60.8496398926
1337618031.52 59.8520050049
1337618031.53 60.4606742859
1337618031.54 60.3720932007
1337618031.54 58.4819946289
1337618031.56 62.52110672
1337618031.56 63.3062667847
1337618031.56 61.4589042664
1337618031.56 59.5977401733
1337618031.56 58.023349762
1337618031.57 55.4249687195
1337618031.57 54.0307922363
1337618031.58 53.4372024536
1337618031.6 50.625213623
1337618031.6 48.2597541809
1337618031.61 47.4489631653
1337618031.61 46.426990509
1337618031.62 46.1244087219
1337618031.62 50.0489807129
1337618031.62 53.7974052429
1337618031.62 55.9421043396
1337618031.62 54.1499595642
1337618031.63 55.6715011597
1337618031.65 55.3958129883
1337618031.65 55.0670700073
1337618031.65 54.6333312988
1337618031.67 50.9007835388
1337618031.67 45.9328269958
1337618031.67 42.7265434265
1337618031.67 39.8744087219
1337618031.67 35.2179946899
1337618031.67 30.6325130463
1337618031.68 23.9943122864
1337618031.68 14.6024274826
1337618031.69 11.844956398
1337618031.69 14.1555042267
1337618031.7 12.9227561951
1337618031.71 15.5540819168
1337618031.71 20.4409370422
1337618031.71 21.5086631775
1337618031.72 26.1041278839
1337618031.72 30.4063262939
1337618031.73 26.1068935394
1337618031.73 21.9986667633
1337618031.74 19.4547252655
1337618031.75 17.4224319458
1337618031.75 16.3185977936
1337618031.76 18.387046814
1337618031.76 16.4806632996
1337618031.76 14.6264343262
1337618031.77 12.1578636169
1337618031.77 13.1044511795
1337618031.78 17.4431877136
1337618031.78 21.4249305725
1337618031.79 24.7440261841
1337618031.8 25.2530460358
1337618031.8 23.9344120026
1337618031.82 23.6828365326
1337618031.83 24.6612987518
1337618031.83 26.3655147552
1337618031.83 28.4836235046
1337618031.83 29.4207553864
1337618031.83 27.3828582764
1337618031.83 27.4096126556
1337618031.84 30.8338241577
1337618031.84 29.1664886475
1337618031.85 27.407043457
1337618031.85 26.3267536163
1337618031.86 22.687171936
1337618031.86 16.3348388672
1337618031.87 14.8886833191
1337618031.87 14.6602249146
1337618031.88 8.89349651337
1337618031.88 7.52969026566
1337618031.89 6.55323076248
1337618031.89 2.52030968666
1337618031.9 2.24306488037
1337618031.9 0.338019400835
1337618031.91 -5.11409759521
1337618031.91 3.06969928741
1337618031.92 11.107796669
1337618031.92 12.249663353
1337618031.93 15.6984996796
1337618031.93 19.9912033081
1337618031.94 16.6579589844
1337618031.94 19.9956703186
1337618031.95 28.9272098541
1337618031.95 31.8171749115
1337618031.96 29.1592388153
1337618031.96 28.0841121674
1337618031.97 24.4938316345
1337618031.97 23.0456504822
1337618031.98 18.1821784973
1337618031.98 11.6693572998
1337618031.99 5.35531568527
1337618031.99 3.67526435852
1337618032.0 -1.1833242178
1337618032.0 -5.20071172714
1337618032.01 -3.86094808578
1337618032.01 -4.58354663849
1337618032.02 -6.32875967026
1337618032.02 -3.6654727459
1337618032.03 -2.84833431244
1337618032.03 -1.20285773277
1337618032.04 2.14609456062
1337618032.04 8.17722702026
1337618032.05 11.5495710373
1337618032.05 14.4421625137
1337618032.06 17.7061595917
1337618032.06 22.4209594727
1337618032.07 27.6801128387
1337618032.07 24.2721061707
1337618032.08 21.0834274292
1337618032.08 19.657497406
1337618032.09 19.1278877258
1337618032.1 24.7999897003
1337618032.1 26.6958637238
1337618032.1 26.5174980164
1337618032.11 27.9126491547
1337618032.11 22.7760562897
1337618032.12 21.3577671051
1337618032.12 23.0439720154
1337618032.13 22.8050918579
1337618032.13 20.7320098877
1337618032.14 20.8573608398
1337618032.14 27.6033782959
1337618032.15 29.3836040497
1337618032.15 31.6272010803
1337618032.16 35.0556869507
1337618032.16 35.602684021
1337618032.17 41.4640731812
1337618032.17 47.7086753845
1337618032.18 48.4464569092
1337618032.19 50.2624740601
1337618032.19 51.4856491089
1337618032.19 54.7287750244
1337618032.2 59.5736122131
1337618032.2 64.7843856812
1337618032.21 65.7572250366
1337618032.21 64.7846374512
1337618032.21 68.5667953491
1337618032.22 71.2615890503
1337618032.23 65.2473220825
1337618032.23 63.9686431885
1337618032.24 60.8796806335
1337618032.25 58.9816856384
1337618032.25 61.029094696
1337618032.25 60.8034439087
1337618032.26 60.9791526794
1337618032.26 64.421333313
1337618032.27 68.0658874512
1337618032.27 66.30809021
1337618032.28 71.9537200928
1337618032.28 76.7636566162
1337618032.29 74.9804077148
1337618032.3 81.6491546631
1337618032.3 87.8946380615
1337618032.3 88.3747787476
1337618032.31 88.3909683228
1337618032.31 89.5085372925
1337618032.32 84.9008407593
1337618032.32 83.7537765503
1337618032.33 86.4043960571
1337618032.33 84.3332214355
1337618032.34 87.8693008423
1337618032.35 89.5739593506
1337618032.35 85.1075592041
1337618032.35 85.6546783447
1337618032.36 87.8478164673
1337618032.36 86.2240829468
1337618032.37 88.391204834
1337618032.37 91.8180465698
1337618032.38 90.7691955566
1337618032.38 91.2739028931
1337618032.39 95.5200576782
1337618032.4 99.6379089355
1337618032.4 105.189666748
1337618032.4 111.13293457
1337618032.41 113.011024475
1337618032.41 114.881973267
1337618032.42 119.469421387
1337618032.42 122.249183655
1337618032.42 125.762611389
1337618032.43 130.575881958
1337618032.44 132.7943573
1337618032.44 131.976119995
1337618032.44 134.474395752
1337618032.45 135.887786865
1337618032.45 133.293151855
1337618032.46 133.694549561
1337618032.47 133.030731201
1337618032.47 127.267654419
1337618032.47 138.810501099
1337618032.48 149.865982056
1337618032.49 154.889892578
1337618032.49 163.879821777
1337618032.49 170.071273804
1337618032.5 169.568481445
1337618032.5 173.905105591
1337618032.51 177.798919678
1337618032.51 175.378295898
1337618032.52 178.038589478
1337618032.52 179.206832886
1337618032.54 177.10710144
1337618032.54 180.251113892
1337618032.54 179.911712646
1337618032.55 174.223236084
1337618032.55 172.471893311
1337618032.56 173.988677979
1337618032.57 170.461425781
1337618032.57 169.360626221
1337618032.57 170.455703735
1337618032.57 165.891784668
1337618032.58 162.69670105
1337618032.59 164.603042603
1337618032.59 164.920715332
1337618032.59 164.059448242
1337618032.6 165.857772827
1337618032.6 169.619445801
1337618032.61 172.406173706
1337618032.61 178.142456055
1337618032.62 179.181518555
1337618032.62 178.389007568
1337618032.63 182.170562744
1337618032.66 181.543731689
1337618032.66 192.11605835
1337618032.66 205.651977539
1337618032.66 213.690567017
1337618032.68 215.213348389
1337618032.68 221.281661987
1337618032.68 225.564620972
1337618032.68 228.892379761
1337618032.68 233.607971191
1337618032.68 237.244384766
1337618032.69 240.198059082
1337618032.69 245.112258911
1337618032.69 245.187164307
1337618032.7 246.107421875
1337618032.72 248.561386108
1337618032.73 239.917907715
1337618032.73 235.5052948
1337618032.73 230.548812866
1337618032.75 228.330749512
1337618032.75 227.936340332
1337618032.75 225.955718994
1337618032.76 227.203231812
1337618032.76 229.768997192
1337618032.76 228.009841919
1337618032.77 233.478408813
1337618032.77 239.846740723
1337618032.77 245.881088257
1337618032.77 250.683059692
1337618032.78 258.40423584
1337618032.78 264.787750244
1337618032.79 267.611877441
1337618032.79 270.697357178
1337618032.79 273.698486328
1337618032.8 273.334014893
1337618032.83 256.830108643
1337618032.83 242.476074219
1337618032.83 228.771896362
1337618032.83 220.344345093
1337618032.83 212.559371948
1337618032.83 200.520187378
1337618032.84 192.872421265
1337618032.84 190.576858521
1337618032.86 186.024139404
1337618032.86 185.587036133
1337618032.86 184.709716797
1337618032.86 180.023605347
1337618032.86 177.742370605
1337618032.87 176.919754028
1337618032.87 187.020858765
1337618032.88 193.83052063
1337618032.89 200.480316162
1337618032.89 191.315567017
1337618032.9 182.709320068
1337618032.9 179.064834595
1337618032.91 188.977493286
1337618032.91 197.366424561
1337618032.92 206.883117676
1337618032.92 212.252807617
1337618032.92 198.441238403
1337618032.93 187.832931519
1337618032.93 178.955612183
1337618032.94 185.22164917
1337618032.95 188.790817261
1337618032.95 192.692199707
1337618032.96 179.151672363
1337618032.96 166.538085938
1337618032.96 156.616012573
1337618032.97 149.325302124
1337618032.97 134.174484253
1337618032.98 122.381103516
1337618032.98 115.764457703
1337618032.99 106.405158997
1337618033.0 100.927635193
1337618033.0 96.1412506104
1337618033.0 90.4954910278
1337618033.01 89.5162963867
1337618033.01 89.1214981079
1337618033.02 87.3972702026
1337618033.02 92.8148040771
1337618033.03 97.7515716553
1337618033.03 100.190177917
1337618033.04 101.009490967
1337618033.05 103.468681335
1337618033.05 105.924766541
1337618033.06 106.926544189
1337618033.06 132.370132446
1337618033.06 152.056610107
1337618033.07 166.879882812
1337618033.07 182.010162354
1337618033.08 192.422668457
1337618033.08 201.233978271
1337618033.09 207.080413818
1337618033.09 209.136291504
1337618033.1 210.667160034
1337618033.1 212.157226562
1337618033.11 216.613235474
1337618033.11 221.579193115
1337618033.12 222.694549561
1337618033.12 220.897994995
1337618033.13 220.768783569
1337618033.13 217.99168396
1337618033.14 217.169799805
1337618033.14 216.2709198
1337618033.15 211.430435181
1337618033.15 214.486816406
1337618033.16 218.755081177
1337618033.16 219.32975769
1337618033.17 218.501358032
1337618033.17 241.834609985
1337618033.18 263.91293335
1337618033.18 280.83782959
1337618033.19 275.770050049
1337618033.19 268.333129883
1337618033.2 258.377227783
1337618033.2 251.331314087
1337618033.21 243.778961182
1337618033.22 238.12689209
1337618033.22 233.760604858
1337618033.23 227.690872192
1337618033.23 223.320037842
1337618033.23 219.50138855
1337618033.24 212.725952148
1337618033.24 207.34463501
1337618033.25 200.993850708
1337618033.25 199.553649902
1337618033.26 197.9427948
1337618033.27 194.94078064
1337618033.27 194.262542725
1337618033.27 190.244354248
1337618033.28 182.994049072
1337618033.28 177.135620117
1337618033.29 181.14793396
1337618033.29 182.446166992
1337618033.3 183.649887085
1337618033.3 183.036178589
1337618033.31 182.900054932
1337618033.31 180.389541626
1337618033.32 180.899291992
1337618033.32 169.043807983
1337618033.33 156.528091431
1337618033.33 150.947921753
1337618033.34 155.378555298
1337618033.34 160.597366333
1337618033.35 170.308303833
1337618033.35 185.609542847
1337618033.36 204.585220337
1337618033.37 229.44921875
1337618033.37 259.108001709
1337618033.37 278.067321777
1337618033.38 296.342193604
1337618033.38 314.392974854
1337618033.39 321.502197266
1337618033.39 325.595214844
1337618033.4 323.240478516
1337618033.4 312.515014648
1337618033.41 300.166412354
1337618033.41 285.426879883
1337618033.42 269.957641602
1337618033.43 247.519317627
1337618033.43 222.648773193
1337618033.43 198.224334717
1337618033.44 177.692443848
1337618033.44 158.177566528
1337618033.45 144.286590576
1337618033.45 129.319625854
1337618033.46 112.644790649
1337618033.46 100.29535675
1337618033.47 89.1533584595
1337618033.48 84.7927703857
1337618033.48 80.6008453369
1337618033.48 77.5780792236
1337618033.49 79.8667907715
1337618033.49 80.7483825684
1337618033.5 84.6165390015
1337618033.5 82.8254394531
1337618033.51 79.1685791016
1337618033.51 78.0664901733
1337618033.52 76.8612976074
1337618033.53 74.7444839478
1337618033.53 76.5048904419
1337618033.53 77.3260192871
1337618033.54 75.9727630615
1337618033.54 78.868598938
1337618033.55 81.7704238892
1337618033.55 85.9765777588
1337618033.56 90.6420059204
1337618033.56 93.9208374023
1337618033.57 94.3648605347
1337618033.57 89.2457885742
1337618033.58 86.6630630493
1337618033.58 82.3883514404
1337618033.59 75.6889266968
1337618033.6 68.4240112305
1337618033.6 61.9315109253
1337618033.6 51.9091644287
1337618033.61 45.5637283325
1337618033.61 38.722946167
1337618033.62 30.4933319092
1337618033.62 26.0958499908
1337618033.63 22.3521957397
1337618033.63 20.3467845917
1337618033.64 19.0869674683
1337618033.64 3.89851927757
1337618033.65 -8.80739593506
1337618033.65 -18.6946239471
1337618033.66 -21.0681209564
1337618033.66 -23.6569366455
1337618033.67 -25.1875019073
1337618033.67 -28.1594753265
1337618033.68 -29.6704616547
1337618033.68 -29.5590801239
1337618033.69 -29.0888118744
1337618033.69 -28.3777923584
1337618033.7 -27.8407382965
1337618033.7 -22.7175598145
1337618033.71 -18.8359127045
1337618033.71 -15.6395158768
1337618033.72 -11.8766889572
1337618033.72 -11.8872337341
1337618033.73 -12.285112381
1337618033.73 -12.7269191742
1337618033.74 -12.842499733
1337618033.75 -11.5167922974
1337618033.76 -9.41499042511
1337618033.76 -4.41669750214
1337618033.76 -1.2481430769
1337618033.76 2.31004619598
1337618033.77 4.51239538193
1337618033.77 8.56863498688
1337618033.78 11.3215379715
1337618033.78 13.4389019012
1337618033.79 16.3104820251
1337618033.8 18.8929405212
1337618033.8 22.9794464111
1337618033.81 27.9638271332
1337618033.81 32.1197814941
1337618033.81 37.7941436768
1337618033.82 43.6007804871
1337618033.82 40.7120170593
1337618033.83 39.2435951233
1337618033.83 37.280708313
1337618033.84 34.6415176392
1337618033.84 39.6039085388
1337618033.85 43.1760902405
1337618033.85 44.3524894714
1337618033.87 45.0306434631
1337618033.87 50.4603767395
1337618033.87 55.8299407959
1337618033.88 59.60572052
1337618033.88 62.4500656128
1337618033.88 60.3734474182
1337618033.9 59.0227928162
1337618033.9 60.6790237427
1337618033.9 61.0587997437
1337618033.9 57.7854118347
1337618033.91 53.4853286743
1337618033.92 50.0625076294
1337618033.92 48.6233825684
