1337614439.59 -3.93130779266
1337614439.59 -3.60978531837
1337614439.6 -4.07614612579
1337614439.6 -4.22401666641
1337614439.61 -4.15343999863
1337614439.61 -3.70655608177
1337614439.62 -1.1481512785
1337614439.62 -2.64919114113
1337614439.63 -3.95829391479
1337614439.64 -3.03296732903
1337614439.64 -3.38346076012
1337614439.64 -5.26547765732
1337614439.65 -6.33541059494
1337614439.65 -6.76357555389
1337614439.66 -7.37288856506
1337614439.66 -5.84130859375
1337614439.67 -5.80771827698
1337614439.67 -9.31513977051
1337614439.68 -10.4066076279
1337614439.69 -10.4388189316
1337614439.69 -10.1266965866
1337614439.69 -9.09156131744
1337614439.7 -11.7382879257
1337614439.71 -13.4223432541
1337614439.71 -13.8323287964
1337614439.72 -12.8593559265
1337614439.72 -11.590968132
1337614439.72 -13.0093383789
1337614439.73 -14.0020303726
1337614439.74 -15.4300746918
1337614439.74 -16.6717453003
1337614439.74 -15.2462472916
1337614439.75 -15.7981987
1337614439.75 -17.675579071
1337614439.76 -16.9566440582
1337614439.76 -15.3918399811
1337614439.77 -17.4501857758
1337614439.77 -18.7927360535
1337614439.78 -19.0652503967
1337614439.78 -20.1626205444
1337614439.79 -19.7236652374
1337614439.79 -18.682258606
1337614439.8 -19.3846874237
1337614439.8 -19.7139720917
1337614439.81 -19.6841773987
1337614439.81 -19.3853034973
1337614439.82 -17.6497325897
1337614439.82 -13.8208417892
1337614439.83 -12.6698722839
1337614439.83 -11.3367195129
1337614439.84 -8.78105545044
1337614439.84 -8.85321331024
1337614439.85 -9.78177928925
1337614439.85 -9.34814739227
1337614439.86 -10.492732048
1337614439.86 -13.8961448669
1337614439.87 -15.7348470688
1337614439.87 -15.9517221451
1337614439.88 -18.7390499115
1337614439.88 -21.2311973572
1337614439.89 -20.9891052246
1337614439.89 -23.282251358
1337614439.9 -24.2774124146
1337614439.9 -25.831451416
1337614439.91 -28.4052581787
1337614439.91 -28.3979129791
1337614439.92 -25.9655570984
1337614439.92 -24.399181366
1337614439.93 -24.2036933899
1337614439.93 -22.5629863739
1337614439.94 -23.8403530121
1337614439.94 -22.320438385
1337614439.95 -17.5197639465
1337614439.95 -16.3070869446
1337614439.96 -19.1861476898
1337614439.96 -19.5723075867
1337614439.97 -16.6804122925
1337614439.98 -15.2956008911
1337614439.99 -13.8102579117
1337614439.99 -14.0865831375
1337614439.99 -19.151134491
1337614440.0 -20.3370018005
1337614440.0 -18.8468494415
1337614440.0 -20.6199245453
1337614440.01 -21.0632648468
1337614440.01 -22.6197738647
1337614440.02 -27.2548274994
1337614440.02 -27.1143856049
1337614440.03 -27.7833480835
1337614440.03 -31.8158588409
1337614440.04 -35.0129508972
1337614440.04 -32.9218864441
1337614440.05 -33.4074058533
1337614440.05 -36.7147827148
1337614440.06 -35.9756698608
1337614440.06 -37.3272399902
1337614440.07 -38.6840019226
1337614440.07 -36.3674049377
1337614440.08 -37.1522521973
1337614440.08 -40.501914978
1337614440.09 -38.4782791138
1337614440.09 -35.1184082031
1337614440.1 -35.293598175
1337614440.1 -35.0649757385
1337614440.11 -36.0495872498
1337614440.11 -41.9012069702
1337614440.12 -40.933265686
1337614440.12 -39.0477256775
1337614440.13 -41.8463745117
1337614440.13 -42.6100120544
1337614440.14 -41.7424812317
1337614440.14 -41.5666923523
1337614440.15 -40.8500518799
1337614440.15 -37.4908065796
1337614440.16 -39.2111206055
1337614440.16 -41.4332962036
1337614440.17 -38.184425354
1337614440.17 -37.7012405396
1337614440.18 -41.1566162109
1337614440.18 -38.7657737732
1337614440.19 -38.554485321
1337614440.19 -40.7043495178
1337614440.2 -37.7235908508
1337614440.2 -36.1225852966
1337614440.21 -39.2000160217
1337614440.21 -37.4655723572
1337614440.22 -37.0330619812
1337614440.22 -38.0425567627
1337614440.23 -38.3871040344
1337614440.23 -39.2196960449
1337614440.24 -41.6036148071
1337614440.24 -42.7279777527
1337614440.25 -41.1055831909
1337614440.25 -43.2655677795
1337614440.26 -46.9299697876
1337614440.26 -47.1571502686
1337614440.27 -51.1023216248
1337614440.27 -54.6465835571
1337614440.28 -51.8074874878
1337614440.28 -52.8548812866
1337614440.29 -58.1779708862
1337614440.29 -57.2254295349
1337614440.3 -57.3754348755
1337614440.3 -59.8542289734
1337614440.31 -56.6516189575
1337614440.31 -55.5755805969
1337614440.32 -57.3751792908
1337614440.32 -53.1590576172
1337614440.33 -50.1136207581
1337614440.33 -48.922668457
1337614440.34 -45.4367599487
1337614440.34 -44.6625862122
1337614440.35 -46.7463798523
1337614440.35 -46.0603256226
1337614440.36 -47.2084884644
1337614440.36 -52.9373054504
1337614440.37 -56.5282897949
1337614440.37 -57.1217155457
1337614440.38 -59.08751297
1337614440.38 -60.1853179932
1337614440.39 -57.7434959412
1337614440.39 -57.0811653137
1337614440.4 -57.0802116394
1337614440.4 -56.6377983093
1337614440.41 -57.1415901184
1337614440.41 -59.0096206665
1337614440.42 -57.9692802429
1337614440.42 -56.5392532349
1337614440.43 -56.318862915
1337614440.43 -51.5878829956
1337614440.44 -48.1429328918
1337614440.44 -46.1682701111
1337614440.45 -42.0070724487
1337614440.45 -38.9563102722
1337614440.46 -37.0288200378
1337614440.46 -34.1686134338
1337614440.47 -30.2521247864
1337614440.47 -28.5783691406
1337614440.48 -27.5115280151
1337614440.48 -23.743139267
1337614440.49 -23.7029514313
1337614440.49 -24.2941150665
1337614440.5 -24.3220539093
1337614440.5 -25.2855052948
1337614440.51 -25.9447422028
1337614440.51 -24.9403343201
1337614440.52 -26.9335250854
1337614440.52 -32.3666496277
1337614440.53 -33.5889053345
1337614440.53 -35.243598938
1337614440.54 -36.2339515686
1337614440.54 -35.5806121826
1337614440.55 -36.5655822754
1337614440.55 -39.5935058594
1337614440.56 -40.7010574341
1337614440.56 -38.7375144958
1337614440.57 -37.7721672058
1337614440.57 -37.9457015991
1337614440.58 -37.9347305298
1337614440.58 -38.0870780945
1337614440.59 -35.6047439575
1337614440.59 -32.2763290405
1337614440.6 -29.6742229462
1337614440.6 -28.7678413391
1337614440.61 -27.8442249298
1337614440.61 -25.1077594757
1337614440.62 -22.7935428619
1337614440.62 -19.4561023712
1337614440.63 -16.7537574768
1337614440.63 -17.4899196625
1337614440.64 -15.4922637939
1337614440.64 -14.5975112915
1337614440.65 -15.0239505768
1337614440.65 -16.0755691528
1337614440.66 -17.0313892365
1337614440.66 -18.8069972992
1337614440.67 -22.4892959595
1337614440.67 -23.4321537018
1337614440.68 -24.4420623779
1337614440.68 -26.9773006439
1337614440.69 -25.458278656
1337614440.69 -22.0722770691
1337614440.69 -22.3062992096
1337614440.7 -21.9303798676
1337614440.71 -21.0125846863
1337614440.71 -22.7598114014
1337614440.72 -23.0204639435
1337614440.73 -20.7486343384
1337614440.74 -22.226354599
1337614440.74 -21.9373455048
1337614440.74 -20.6892871857
1337614440.74 -21.8800849915
1337614440.75 -23.0241909027
1337614440.76 -18.6229915619
1337614440.76 -19.952507019
1337614440.77 -17.5677337646
1337614440.77 -18.1824951172
1337614440.78 -20.022769928
1337614440.78 -16.4325046539
1337614440.79 -15.2484884262
1337614440.79 -16.8610286713
1337614440.8 -12.959438324
1337614440.8 -9.49709796906
1337614440.8 -9.70528507233
1337614440.81 -7.91654586792
1337614440.82 -6.67530441284
1337614440.82 -12.3045301437
1337614440.82 -12.3624048233
1337614440.83 -11.3785066605
1337614440.84 -14.0653705597
1337614440.84 -13.3968029022
1337614440.85 -13.1922111511
1337614440.85 -15.5098285675
1337614440.85 -14.9101467133
1337614440.86 -12.9726982117
1337614440.86 -14.8748750687
1337614440.87 -16.9086418152
1337614440.87 -15.3256587982
1337614440.88 -16.7860469818
1337614440.88 -18.2962684631
1337614440.89 -15.9092903137
1337614440.89 -15.8696231842
1337614440.9 -18.2460803986
1337614440.9 -16.7774276733
1337614440.91 -15.4871234894
1337614440.91 -18.2750797272
1337614440.92 -18.6675891876
1337614440.92 -19.8739070892
1337614440.93 -23.5241184235
1337614440.93 -20.2971439362
1337614440.94 -18.487991333
1337614440.94 -19.3447322845
1337614440.95 -17.8753833771
1337614440.96 -16.4372348785
1337614440.96 -17.8343868256
1337614440.96 -17.788892746
1337614440.97 -15.0680580139
1337614440.97 -16.7195720673
1337614440.98 -17.5387058258
1337614440.99 -15.1218004227
1337614440.99 -16.5340385437
1337614440.99 -18.777305603
1337614441.0 -18.933927536
1337614441.01 -20.7495555878
1337614441.01 -22.6848335266
1337614441.01 -22.7602996826
1337614441.02 -24.4506454468
1337614441.02 -26.9687385559
1337614441.03 -26.1272354126
1337614441.04 -28.1508350372
1337614441.04 -30.0808029175
1337614441.04 -28.7630443573
1337614441.05 -29.2075271606
1337614441.05 -26.9839344025
1337614441.06 -24.8963031769
1337614441.06 -21.9956703186
1337614441.07 -19.0585651398
1337614441.08 -16.5331783295
1337614441.08 -10.31300354
1337614441.09 -6.73749828339
1337614441.09 -5.95557928085
1337614441.09 -4.75420808792
1337614441.1 -4.27675628662
1337614441.1 -4.1637802124
1337614441.11 -3.1920132637
1337614441.11 -2.68615627289
1337614441.12 -6.09146881104
1337614441.12 -8.16185092926
1337614441.13 -9.44421100616
1337614441.13 -11.0841178894
1337614441.14 -12.425444603
1337614441.14 -13.9488563538
1337614441.15 -16.6885147095
1337614441.16 -18.4179477692
1337614441.16 -17.5737724304
1337614441.16 -18.472076416
1337614441.17 -20.1863765717
1337614441.17 -20.3646316528
1337614441.18 -18.8298130035
1337614441.18 -19.3940582275
1337614441.19 -17.8752174377
1337614441.19 -16.4225997925
1337614441.2 -18.5964622498
1337614441.2 -17.4371891022
1337614441.21 -13.5758829117
1337614441.22 -12.3743247986
1337614441.22 -10.8965291977
1337614441.22 -10.3980236053
1337614441.23 -11.4210147858
1337614441.23 -11.338101387
1337614441.24 -8.18518352509
1337614441.24 -7.86807250977
1337614441.25 -11.6480484009
1337614441.26 -9.86247825623
1337614441.27 -11.0029592514
1337614441.27 -14.6458787918
1337614441.27 -13.6375875473
1337614441.28 -14.17192173
1337614441.28 -17.1005878448
1337614441.28 -15.8342018127
1337614441.29 -14.2242250443
1337614441.29 -17.7506713867
1337614441.3 -17.9255657196
1337614441.3 -17.5022583008
1337614441.31 -19.0258636475
1337614441.31 -15.9333143234
1337614441.32 -14.104590416
1337614441.32 -14.5236568451
1337614441.33 -12.7716369629
1337614441.34 -7.74189949036
1337614441.34 -7.40589094162
1337614441.34 -6.74272727966
1337614441.35 -3.8446586132
1337614441.35 -3.8405828476
1337614441.36 -3.80157542229
1337614441.36 0.281696230173
1337614441.37 1.05910980701
1337614441.37 -1.93834781647
1337614441.38 -0.802397847176
1337614441.38 -3.25152778625
1337614441.39 -6.74755620956
1337614441.39 -6.2703742981
1337614441.4 -8.73621082306
1337614441.4 -13.7694940567
1337614441.41 -14.3585720062
1337614441.41 -16.4463748932
1337614441.42 -18.7066612244
1337614441.42 -16.9641799927
1337614441.43 -16.7014484406
1337614441.43 -18.8744468689
1337614441.44 -16.1343345642
1337614441.44 -13.697810173
1337614441.45 -13.5374526978
1337614441.46 -11.1733112335
1337614441.46 -10.9593915939
1337614441.46 -12.138209343
1337614441.47 -12.5391874313
1337614441.47 -11.6391382217
1337614441.48 -10.6191244125
1337614441.48 -11.8239631653
1337614441.49 -13.0751247406
1337614441.49 -15.2079944611
1337614441.5 -16.5711898804
1337614441.5 -14.8008422852
1337614441.51 -14.944735527
1337614441.51 -16.9966125488
1337614441.52 -18.4188079834
1337614441.52 -19.5529937744
1337614441.53 -20.1252174377
1337614441.54 -15.6778306961
1337614441.54 -13.5410995483
1337614441.54 -16.194021225
1337614441.55 -17.8148384094
1337614441.56 -18.4508190155
1337614441.56 -19.0165576935
1337614441.57 -18.064535141
1337614441.57 -18.6960144043
1337614441.58 -20.6201820374
1337614441.58 -19.6051979065
1337614441.59 -17.3046951294
1337614441.59 -15.4069271088
1337614441.59 -14.8957633972
1337614441.6 -14.403886795
1337614441.6 -14.7947826385
1337614441.61 -12.1243915558
1337614441.61 -8.05417633057
1337614441.62 -8.526471138
1337614441.62 -9.69734573364
1337614441.63 -9.49357891083
1337614441.63 -8.35963249207
1337614441.64 -7.41783285141
1337614441.64 -6.84975624084
1337614441.65 -8.09638214111
1337614441.65 -10.9991197586
1337614441.66 -10.1565933228
1337614441.66 -9.49788284302
1337614441.67 -10.3892354965
1337614441.67 -9.65238189697
1337614441.68 -11.3503475189
1337614441.68 -12.9173002243
1337614441.69 -13.4758377075
1337614441.69 -13.9159841537
1337614441.7 -17.5711994171
1337614441.7 -17.5798625946
1337614441.71 -16.9360637665
1337614441.71 -19.0262680054
1337614441.72 -20.0901565552
1337614441.72 -20.8310070038
1337614441.73 -21.8558559418
1337614441.73 -21.0175209045
1337614441.74 -19.400970459
1337614441.74 -20.2556324005
1337614441.75 -20.9379806519
1337614441.75 -17.5385074615
1337614441.76 -15.956243515
1337614441.76 -13.1956338882
1337614441.77 -9.94874668121
1337614441.77 -11.5769252777
1337614441.78 -12.7970733643
1337614441.78 -9.50483226776
1337614441.79 -7.18320274353
1337614441.79 -8.89461612701
1337614441.8 -7.71012353897
1337614441.8 -7.21531295776
1337614441.81 -8.79130268097
1337614441.81 -5.29870796204
1337614441.82 -3.64834737778
1337614441.82 -6.43314647675
1337614441.83 -4.8140039444
1337614441.83 -3.78788089752
1337614441.84 -5.85827684402
1337614441.84 -1.33755278587
1337614441.85 -1.12138056755
1337614441.85 -4.32854318619
1337614441.86 -2.1326687336
1337614441.86 -0.909649789333
1337614441.87 -3.21840023994
1337614441.87 -1.16874611378
1337614441.88 1.01755845547
1337614441.88 -2.47460532188
1337614441.89 -0.600250065327
1337614441.89 1.68600869179
1337614441.9 -1.37102663517
1337614441.91 -0.0219641886652
1337614441.91 0.282327890396
1337614441.92 -1.57348203659
1337614441.92 -0.458623558283
1337614441.93 -0.100878089666
1337614441.93 -1.27237761021
1337614441.93 -1.32028079033
1337614441.94 -0.0550198629498
1337614441.94 -3.31154131889
1337614441.95 -5.51482439041
1337614441.95 -3.54019427299
1337614441.96 -4.6923251152
1337614441.96 -4.95867013931
1337614441.97 -2.18046927452
1337614441.97 -2.40770459175
1337614441.98 -3.62923979759
1337614441.98 -1.12940168381
1337614441.99 0.76686167717
1337614441.99 1.73261415958
1337614442.0 4.57369232178
1337614442.0 4.25771093369
1337614442.01 2.44798922539
1337614442.01 4.24549341202
1337614442.02 6.09751415253
1337614442.02 5.0995349884
1337614442.03 7.05141162872
1337614442.03 7.40914678574
1337614442.04 5.95294618607
1337614442.04 9.81776714325
1337614442.05 13.7090301514
1337614442.05 16.4168834686
1337614442.06 18.9535140991
1337614442.06 22.7342357635
1337614442.07 24.1871452332
1337614442.07 26.2305049896
1337614442.08 29.5035457611
1337614442.08 29.2996330261
1337614442.09 27.4345970154
1337614442.09 26.9140815735
1337614442.1 23.2515068054
1337614442.1 20.8325691223
1337614442.11 20.8595104218
1337614442.11 17.1855621338
1337614442.11 13.2759971619
1337614442.12 12.4702186584
1337614442.13 9.08013343811
1337614442.13 5.94488334656
1337614442.14 6.62272930145
1337614442.14 5.85443258286
1337614442.15 3.9152777195
1337614442.15 4.69039058685
1337614442.15 4.83440303802
1337614442.16 5.90068054199
1337614442.17 10.1164455414
1337614442.17 10.2759008408
1337614442.17 9.94899463654
1337614442.18 13.0729589462
1337614442.19 17.390247345
1337614442.19 23.6043071747
1337614442.19 27.0362205505
1337614442.2 26.8609619141
1337614442.21 24.8319015503
1337614442.21 25.4571876526
1337614442.22 28.6210346222
1337614442.22 29.415222168
1337614442.23 26.6361217499
1337614442.23 22.6086788177
1337614442.24 18.9854450226
1337614442.24 17.7675704956
1337614442.25 17.0259532928
1337614442.25 15.3055343628
1337614442.26 10.4389619827
1337614442.26 8.20525360107
1337614442.27 11.2548189163
1337614442.27 12.6492471695
1337614442.28 14.0240936279
1337614442.28 12.0555553436
1337614442.29 8.67703151703
1337614442.29 7.44198036194
1337614442.29 9.30005550385
1337614442.3 11.8495426178
1337614442.31 10.5870018005
1337614442.31 12.1022310257
1337614442.31 10.7175588608
1337614442.32 8.23233985901
1337614442.33 11.1513004303
1337614442.33 10.5725240707
1337614442.33 7.20444059372
1337614442.34 7.45618009567
1337614442.35 7.02309036255
1337614442.36 5.41593074799
1337614442.36 6.78182792664
1337614442.37 8.11097621918
1337614442.37 4.94448804855
1337614442.38 5.0622177124
1337614442.38 5.83424043655
1337614442.38 3.52248215675
1337614442.39 4.0965180397
1337614442.39 4.31413459778
1337614442.4 1.60556209087
1337614442.4 2.19901132584
1337614442.41 6.03221130371
1337614442.41 6.99732732773
1337614442.42 6.22705078125
1337614442.42 5.99893712997
1337614442.43 4.07877540588
1337614442.43 0.597281575203
1337614442.44 3.92096734047
1337614442.44 -0.463971704245
1337614442.44 -8.90416049957
1337614442.45 -11.3982658386
1337614442.46 -9.89295005798
1337614442.46 -10.7400999069
1337614442.47 -8.32836723328
1337614442.47 -7.96109390259
1337614442.47 -10.9481487274
1337614442.48 -8.381690979
1337614442.48 -7.54255723953
1337614442.49 -9.18324947357
1337614442.49 -6.59157943726
1337614442.5 -4.95897912979
1337614442.5 -5.61421251297
1337614442.51 -2.95647954941
1337614442.51 -0.0283825844526
1337614442.52 -0.949324607849
1337614442.52 -0.0768617093563
1337614442.53 5.19489383698
1337614442.53 6.79148197174
1337614442.54 7.09715557098
1337614442.54 10.1968202591
1337614442.55 10.5295629501
1337614442.55 9.49178791046
1337614442.56 10.7185983658
1337614442.57 7.87175321579
1337614442.57 4.6713218689
1337614442.57 5.4673666954
1337614442.58 4.26181554794
1337614442.59 2.56292653084
1337614442.59 4.11364889145
1337614442.59 3.49715471268
1337614442.6 1.47470414639
1337614442.6 4.88165473938
1337614442.61 6.93691158295
1337614442.61 7.56746339798
1337614442.62 8.68994808197
1337614442.63 11.8266687393
1337614442.63 13.6561279297
1337614442.63 14.2414731979
1337614442.64 16.0763912201
1337614442.64 14.6179656982
1337614442.65 14.2236824036
1337614442.65 15.582195282
1337614442.66 13.3969936371
1337614442.66 10.5802125931
1337614442.67 10.3595924377
1337614442.67 8.30494499207
1337614442.68 6.80411100388
1337614442.68 8.54304504395
1337614442.69 7.91525840759
1337614442.69 6.04013252258
1337614442.7 8.04750823975
1337614442.71 8.51214694977
1337614442.71 7.95436096191
1337614442.71 8.69778633118
1337614442.72 9.19729804993
1337614442.72 9.51621341705
1337614442.73 10.6007032394
1337614442.73 9.41882419586
1337614442.74 7.67648649216
1337614442.74 7.70395469666
1337614442.75 8.76896286011
1337614442.75 11.2584352493
1337614442.76 11.72544384
1337614442.76 9.90745830536
1337614442.77 8.85290145874
1337614442.77 7.83416509628
1337614442.78 10.1988172531
1337614442.78 13.4957361221
1337614442.79 11.7743530273
1337614442.79 10.6556520462
1337614442.8 11.0820035934
1337614442.8 12.6769247055
1337614442.81 14.2484588623
1337614442.81 15.9724092484
1337614442.82 13.7830066681
1337614442.82 12.4862947464
1337614442.83 15.4109964371
1337614442.83 15.9831266403
1337614442.84 16.7897911072
1337614442.84 17.5967388153
1337614442.85 15.9226970673
1337614442.85 16.8913841248
1337614442.86 20.2967281342
1337614442.86 20.1176681519
1337614442.87 17.9066390991
1337614442.87 17.8356513977
1337614442.88 18.9649543762
1337614442.88 17.7192192078
1337614442.89 21.105884552
1337614442.89 22.0050086975
1337614442.9 20.0380935669
1337614442.9 21.5409603119
1337614442.91 20.5439758301
1337614442.91 18.7338142395
1337614442.92 20.214099884
1337614442.92 18.5211658478
1337614442.93 15.7317352295
1337614442.93 15.7857580185
1337614442.94 15.1756830215
1337614442.95 14.2287378311
1337614442.95 16.9288196564
1337614442.95 19.3697738647
1337614442.96 17.7171134949
1337614442.96 17.1234893799
1337614442.97 17.6400470734
1337614442.97 16.9345111847
1337614442.98 15.279791832
1337614442.98 15.1307468414
1337614442.99 13.0919427872
1337614442.99 10.4052648544
1337614443.0 12.7428264618
1337614443.0 12.8918323517
1337614443.01 11.2258405685
1337614443.01 13.6538524628
1337614443.02 13.857298851
1337614443.02 12.6112995148
1337614443.03 15.7435617447
1337614443.03 16.7582035065
1337614443.04 16.274438858
1337614443.04 21.7885837555
1337614443.05 25.0554237366
1337614443.05 23.3553218842
1337614443.06 25.7992610931
1337614443.06 27.98645401
1337614443.07 26.6304473877
1337614443.07 29.8341522217
1337614443.08 32.3687019348
1337614443.08 27.4510307312
1337614443.09 28.6314029694
1337614443.09 28.6418361664
1337614443.1 26.5610961914
1337614443.1 29.2459049225
1337614443.11 30.2394428253
1337614443.11 28.2369327545
1337614443.12 29.4648914337
1337614443.12 32.0793380737
1337614443.13 29.8407726288
1337614443.13 30.0627822876
1337614443.14 33.19480896
1337614443.14 31.7698173523
1337614443.15 32.2571983337
1337614443.15 35.6329231262
1337614443.16 35.165802002
1337614443.16 35.443195343
1337614443.17 36.9648895264
1337614443.17 35.5604705811
1337614443.18 34.3118362427
1337614443.18 38.5431289673
1337614443.19 39.7082366943
1337614443.19 40.4138679504
1337614443.2 42.9670715332
1337614443.2 43.1214408875
1337614443.21 42.918296814
1337614443.21 46.042930603
1337614443.22 46.4095726013
1337614443.22 44.9339752197
1337614443.23 45.8110961914
1337614443.23 47.9687042236
1337614443.24 48.2041511536
1337614443.24 47.8386535645
1337614443.25 46.2046127319
1337614443.25 43.6413764954
1337614443.26 42.4930267334
1337614443.26 42.2329711914
1337614443.27 40.5125770569
1337614443.27 39.0095405579
1337614443.28 40.2915840149
1337614443.28 39.7040786743
1337614443.29 39.7225990295
1337614443.29 41.6774330139
1337614443.3 41.9954299927
1337614443.3 42.9422912598
1337614443.31 47.1493415833
1337614443.31 48.6850090027
1337614443.32 48.9712295532
1337614443.32 51.363697052
1337614443.33 52.7243919373
1337614443.34 52.7319984436
1337614443.34 54.780380249
1337614443.34 52.2446670532
1337614443.35 50.0490646362
1337614443.35 50.3728981018
1337614443.36 50.7017440796
1337614443.36 52.454082489
1337614443.37 53.3406982422
1337614443.37 52.0526657104
1337614443.38 49.1867713928
1337614443.38 48.300945282
1337614443.39 47.9137954712
1337614443.39 46.7985610962
1337614443.4 46.4136047363
1337614443.4 43.9097633362
1337614443.41 43.1873435974
1337614443.41 44.146156311
1337614443.42 45.2028160095
1337614443.42 47.5478477478
1337614443.43 47.7309608459
1337614443.43 49.3015098572
1337614443.44 51.1570587158
1337614443.44 53.6890640259
1337614443.45 56.4189682007
1337614443.45 57.5159606934
1337614443.46 56.3465461731
1337614443.46 55.9828529358
1337614443.47 55.0464935303
1337614443.47 54.6643371582
1337614443.48 53.5328712463
1337614443.48 53.2853889465
1337614443.49 51.3204307556
1337614443.49 49.4540023804
1337614443.5 50.7365112305
1337614443.5 50.6111030579
1337614443.51 51.502658844
1337614443.51 52.1671524048
1337614443.52 52.1867179871
1337614443.52 54.9523773193
1337614443.53 58.4100570679
1337614443.53 59.2300987244
1337614443.54 60.7763023376
1337614443.54 63.865272522
1337614443.55 65.1214370728
1337614443.55 66.27784729
1337614443.56 67.2540969849
1337614443.56 66.1516952515
1337614443.57 65.4013671875
1337614443.57 66.3156356812
1337614443.58 64.1268005371
1337614443.58 61.1810684204
1337614443.59 58.6634941101
1337614443.59 56.7273750305
1337614443.6 56.860458374
1337614443.6 58.9224624634
1337614443.61 58.0931510925
1337614443.61 55.9246101379
1337614443.62 57.2915802002
1337614443.62 59.5281562805
1337614443.63 60.6305656433
1337614443.63 61.2138977051
1337614443.64 60.3399581909
1337614443.64 61.3864059448
1337614443.65 64.1043395996
1337614443.65 72.8476028442
1337614443.66 81.479850769
1337614443.66 85.4119949341
1337614443.66 95.016494751
1337614443.67 101.356269836
1337614443.68 109.868110657
1337614443.68 125.848449707
1337614443.69 135.636322021
1337614443.69 142.473709106
1337614443.69 140.310317993
1337614443.7 137.681167603
1337614443.71 134.266326904
1337614443.71 134.075073242
1337614443.71 131.436935425
1337614443.72 124.203567505
1337614443.73 124.054229736
1337614443.73 123.559020996
1337614443.74 118.73890686
1337614443.74 119.832077026
1337614443.75 109.277336121
1337614443.75 97.3535308838
1337614443.76 91.2583770752
1337614443.76 83.6180114746
1337614443.77 83.5698852539
1337614443.77 85.2576675415
1337614443.78 87.7597961426
1337614443.78 91.2527236938
1337614443.79 98.3688812256
1337614443.79 104.773139954
1337614443.8 104.215629578
1337614443.8 107.325256348
1337614443.81 109.986862183
1337614443.81 113.028625488
1337614443.82 119.909049988
1337614443.82 124.12197876
1337614443.83 126.370979309
1337614443.83 133.911193848
1337614443.83 141.059112549
1337614443.84 148.617599487
1337614443.84 153.322677612
1337614443.85 157.429641724
1337614443.86 161.357406616
1337614443.86 166.45753479
1337614443.86 173.40927124
1337614443.87 178.392440796
1337614443.88 184.214859009
1337614443.89 192.362625122
1337614443.89 198.669662476
1337614443.89 205.164459229
1337614443.89 214.067108154
1337614443.91 221.998687744
1337614443.91 230.85206604
1337614443.92 238.419647217
1337614443.92 247.265426636
1337614443.93 255.37802124
1337614443.93 268.267242432
1337614443.94 277.605163574
1337614443.94 290.029541016
1337614443.95 299.76272583
1337614443.95 318.077819824
1337614443.96 337.72543335
1337614443.96 352.62322998
1337614443.97 364.321624756
1337614443.97 380.09161377
1337614443.98 391.486846924
1337614443.98 400.019714355
1337614443.99 415.301300049
1337614443.99 426.548583984
1337614443.99 436.60055542
1337614444.0 449.364074707
1337614444.0 458.650421143
1337614444.01 464.477233887
1337614444.01 473.551177979
1337614444.02 487.042327881
1337614444.03 497.362213135
1337614444.03 509.683135986
1337614444.03 525.069091797
1337614444.04 535.989318848
1337614444.05 549.601318359
1337614444.05 570.955810547
1337614444.05 586.565917969
1337614444.06 602.94152832
1337614444.06 614.212341309
1337614444.07 622.259399414
1337614444.08 632.866516113
1337614444.08 645.616821289
1337614444.08 654.312072754
1337614444.09 662.734985352
1337614444.09 677.437683105
1337614444.1 689.366271973
1337614444.1 702.925720215
1337614444.11 716.325866699
1337614444.12 730.329589844
1337614444.12 741.840270996
1337614444.12 753.523864746
1337614444.13 754.794189453
1337614444.13 754.804199219
1337614444.14 755.375183105
1337614444.15 771.02545166
1337614444.15 780.805480957
1337614444.15 792.038452148
1337614444.16 800.743286133
1337614444.16 798.085632324
1337614444.17 796.52923584
1337614444.18 789.898071289
1337614444.18 799.811035156
1337614444.18 814.715148926
1337614444.19 829.303405762
1337614444.19 841.333190918
1337614444.2 868.55090332
1337614444.2 888.862121582
1337614444.21 908.883666992
1337614444.21 927.358825684
1337614444.22 942.393005371
1337614444.22 952.248779297
1337614444.23 978.199707031
1337614444.24 1002.01641846
1337614444.24 1023.80926514
1337614444.24 1046.22021484
1337614444.25 1063.84375
1337614444.25 1076.046875
1337614444.26 1091.23205566
1337614444.26 1101.5657959
1337614444.27 1108.99389648
1337614444.27 1116.73400879
1337614444.28 1131.4432373
1337614444.28 1142.7779541
1337614444.29 1157.58422852
1337614444.3 1163.39379883
1337614444.3 1166.27099609
1337614444.3 1168.06384277
1337614444.31 1169.66662598
1337614444.31 1170.46069336
1337614444.32 1170.80493164
1337614444.32 1175.21569824
1337614444.33 1175.9654541
1337614444.33 1176.24084473
1337614444.34 1176.2980957
1337614444.34 1176.25598145
1337614444.35 1175.97363281
1337614444.35 1176.09973145
1337614444.36 1179.27185059
1337614444.36 1180.32348633
1337614444.37 1183.40478516
1337614444.37 1185.82861328
1337614444.38 1187.54174805
1337614444.39 1190.1953125
1337614444.39 1193.62658691
1337614444.4 1181.74487305
1337614444.4 1170.65588379
1337614444.4 1165.63110352
1337614444.41 1158.55737305
1337614444.41 1168.32250977
1337614444.42 1181.08520508
1337614444.42 1190.27624512
1337614444.44 1182.54443359
1337614444.44 1179.52978516
1337614444.44 1178.37402344
1337614444.45 1175.96948242
1337614444.45 1176.61035156
1337614444.45 1176.82568359
1337614444.46 1176.5078125
1337614444.46 1177.45703125
1337614444.47 1156.01879883
1337614444.47 1136.17492676
1337614444.48 1120.17382812
1337614444.48 1112.14013672
1337614444.49 1102.70263672
1337614444.49 1093.41845703
1337614444.5 1090.82495117
1337614444.5 1085.86437988
1337614444.51 1073.9654541
1337614444.51 1068.25830078
1337614444.52 1059.30163574
1337614444.52 1049.89746094
1337614444.53 1044.74365234
1337614444.53 1038.77856445
1337614444.54 1046.92736816
1337614444.54 1055.26611328
1337614444.55 1060.41943359
1337614444.56 1056.14160156
1337614444.57 1053.56481934
1337614444.57 1052.79394531
1337614444.57 1057.43896484
1337614444.58 1062.06933594
1337614444.58 1069.35046387
1337614444.59 1071.38232422
1337614444.59 1055.47314453
1337614444.6 1039.41711426
1337614444.61 1027.89306641
1337614444.62 1021.93634033
1337614444.62 1013.41143799
1337614444.62 1003.41015625
1337614444.62 999.59753418
1337614444.63 988.159545898
1337614444.64 984.406677246
1337614444.64 972.770812988
1337614444.65 958.814819336
1337614444.66 951.940063477
1337614444.67 944.370910645
1337614444.67 934.076904297
1337614444.67 931.614196777
1337614444.68 927.818115234
1337614444.68 922.370605469
1337614444.68 922.829467773
1337614444.69 921.537353516
1337614444.69 908.974609375
1337614444.7 901.514465332
1337614444.7 896.534240723
1337614444.72 889.992736816
1337614444.72 888.086547852
1337614444.72 881.929748535
1337614444.73 874.136169434
1337614444.73 864.045654297
1337614444.74 860.694885254
1337614444.74 858.466491699
1337614444.75 862.905639648
1337614444.77 863.827209473
1337614444.77 867.29095459
1337614444.77 869.79675293
1337614444.77 861.946777344
1337614444.77 855.958557129
1337614444.78 848.914001465
1337614444.79 841.640197754
1337614444.79 846.306030273
1337614444.8 848.196228027
1337614444.81 843.786560059
1337614444.81 843.577941895
1337614444.81 843.014465332
1337614444.82 840.362304688
1337614444.82 837.910339355
1337614444.83 834.440490723
1337614444.83 831.313415527
1337614444.84 839.443115234
1337614444.84 847.042114258
1337614444.85 849.839477539
1337614444.85 845.740966797
1337614444.87 842.023010254
1337614444.87 837.699707031
1337614444.87 836.499023438
1337614444.88 833.260986328
1337614444.88 826.601745605
1337614444.88 824.521118164
1337614444.89 828.712524414
1337614444.89 829.711791992
1337614444.9 835.153808594
1337614444.9 833.273193359
1337614444.92 827.276489258
1337614444.92 824.55480957
1337614444.92 832.293518066
1337614444.93 835.6328125
1337614444.93 838.673156738
1337614444.93 844.212097168
1337614444.94 839.134155273
1337614444.94 836.668884277
1337614444.95 837.551086426
1337614444.95 831.69519043
1337614444.96 826.469299316
1337614444.96 824.126403809
1337614444.97 822.66607666
1337614444.97 822.166625977
1337614444.98 826.214172363
1337614444.98 826.717041016
1337614444.99 822.695251465
1337614444.99 820.964416504
1337614445.0 816.583007812
1337614445.0 811.088317871
1337614445.01 806.809814453
1337614445.02 805.082519531
1337614445.02 811.187805176
1337614445.02 812.77722168
1337614445.03 815.636169434
1337614445.03 817.256591797
1337614445.04 819.11340332
1337614445.04 816.742553711
1337614445.05 813.493164062
1337614445.05 810.964416504
1337614445.06 809.750793457
1337614445.06 810.345336914
1337614445.07 810.700744629
1337614445.07 795.831848145
1337614445.08 785.567565918
1337614445.08 773.887145996
1337614445.09 762.114257812
1337614445.1 764.23638916
1337614445.1 762.335510254
1337614445.1 759.81640625
1337614445.11 760.51751709
1337614445.11 759.6875
1337614445.12 757.25378418
1337614445.12 757.393005371
1337614445.13 760.106384277
1337614445.13 753.479553223
1337614445.14 748.521789551
1337614445.14 747.706420898
1337614445.15 747.661132812
1337614445.15 748.001586914
1337614445.16 753.001953125
1337614445.16 753.712768555
1337614445.17 753.903198242
1337614445.17 755.507019043
1337614445.18 751.475952148
1337614445.18 748.874206543
1337614445.19 746.665039062
1337614445.19 751.315490723
1337614445.2 754.088867188
1337614445.2 759.185852051
1337614445.21 758.053161621
1337614445.21 754.598266602
1337614445.22 750.997924805
1337614445.23 750.018310547
1337614445.23 747.067260742
1337614445.23 748.022888184
1337614445.24 749.465209961
1337614445.24 748.346496582
1337614445.25 747.59979248
1337614445.25 748.740478516
1337614445.25 751.988952637
1337614445.26 745.628295898
1337614445.26 738.231323242
1337614445.28 735.454406738
1337614445.28 732.842651367
1337614445.28 732.073242188
1337614445.28 731.595153809
1337614445.29 729.363464355
1337614445.29 727.299377441
1337614445.3 722.555358887
1337614445.31 718.12097168
1337614445.31 714.446899414
1337614445.31 710.788513184
1337614445.33 710.591125488
1337614445.34 709.939453125
1337614445.34 705.859863281
1337614445.34 706.366943359
1337614445.34 702.406921387
1337614445.35 698.983337402
1337614445.35 700.442993164
1337614445.36 699.43737793
1337614445.36 696.559570312
1337614445.36 697.883483887
1337614445.37 700.416503906
1337614445.38 700.622375488
1337614445.38 695.571350098
1337614445.38 692.857727051
1337614445.39 687.879394531
1337614445.39 684.288574219
1337614445.4 685.081054688
1337614445.41 682.52746582
1337614445.41 681.000671387
1337614445.41 678.01373291
1337614445.42 670.331359863
1337614445.43 666.000793457
1337614445.43 664.990112305
1337614445.43 660.879455566
1337614445.44 657.546508789
1337614445.45 655.278747559
1337614445.45 653.011230469
1337614445.46 649.892456055
1337614445.46 648.325012207
1337614445.47 646.02935791
1337614445.47 640.794189453
1337614445.48 635.946228027
1337614445.48 638.816345215
1337614445.49 641.335754395
1337614445.49 643.145568848
1337614445.49 644.194824219
1337614445.5 639.542602539
1337614445.51 637.783935547
1337614445.51 634.997619629
1337614445.51 626.068969727
1337614445.52 619.062744141
1337614445.53 609.410705566
1337614445.53 605.118469238
1337614445.53 595.793212891
1337614445.55 584.783935547
1337614445.55 577.58782959
1337614445.55 573.035705566
1337614445.56 567.438232422
1337614445.56 567.541870117
1337614445.56 565.237792969
1337614445.57 559.199462891
1337614445.57 555.450378418
1337614445.58 552.620300293
1337614445.58 553.366821289
1337614445.6 558.855712891
1337614445.6 563.857116699
1337614445.6 553.279663086
1337614445.61 546.181396484
1337614445.61 542.706176758
1337614445.61 534.616027832
1337614445.62 527.13293457
1337614445.63 525.32434082
1337614445.63 518.161987305
1337614445.64 518.881774902
1337614445.64 522.226074219
1337614445.65 521.63848877
1337614445.65 516.083374023
1337614445.65 514.054199219
1337614445.66 509.578399658
1337614445.66 502.551574707
1337614445.67 498.626159668
1337614445.67 492.470489502
1337614445.68 487.069824219
1337614445.69 490.792877197
1337614445.7 490.373779297
1337614445.7 488.92779541
1337614445.7 486.286499023
1337614445.71 481.804199219
1337614445.71 476.519592285
1337614445.71 477.11517334
1337614445.72 476.561828613
1337614445.72 473.080230713
1337614445.73 474.81942749
1337614445.73 475.864257812
1337614445.74 475.138092041
1337614445.74 478.396118164
1337614445.75 481.730010986
1337614445.75 483.359069824
1337614445.76 484.232727051
1337614445.76 482.766723633
1337614445.77 481.864440918
1337614445.77 486.18762207
1337614445.78 489.339294434
1337614445.78 489.32043457
1337614445.79 493.432739258
1337614445.79 493.365600586
1337614445.8 492.463867188
1337614445.81 492.875946045
1337614445.81 493.079498291
1337614445.81 492.772399902
1337614445.82 491.521270752
1337614445.82 494.025878906
1337614445.83 495.950012207
1337614445.83 498.148071289
1337614445.84 501.698547363
1337614445.84 500.861755371
1337614445.85 498.61605835
1337614445.85 491.550567627
1337614445.86 486.100830078
1337614445.86 483.379882812
1337614445.87 479.834411621
1337614445.87 476.519439697
1337614445.88 473.177642822
1337614445.88 470.757507324
1337614445.89 472.260345459
1337614445.89 472.373291016
1337614445.9 471.367980957
1337614445.9 470.588226318
1337614445.91 466.252532959
1337614445.91 464.007965088
1337614445.92 465.110107422
1337614445.92 460.79699707
1337614445.93 454.728057861
1337614445.93 454.009796143
1337614445.94 452.294006348
1337614445.94 448.455230713
1337614445.95 449.24798584
1337614445.95 443.826141357
1337614445.96 436.864196777
1337614445.96 436.287811279
1337614445.97 434.155517578
1337614445.98 437.891235352
1337614445.98 444.16796875
1337614445.98 446.957214355
1337614445.99 438.733551025
1337614446.0 434.403778076
1337614446.0 430.950378418
1337614446.01 424.811035156
1337614446.01 422.452087402
1337614446.01 420.084411621
1337614446.02 414.335174561
1337614446.02 413.52520752
1337614446.03 412.676422119
1337614446.04 411.89956665
1337614446.04 413.416351318
1337614446.05 415.997711182
1337614446.05 412.600952148
1337614446.05 412.248931885
1337614446.06 412.895080566
1337614446.06 410.869262695
1337614446.07 408.86126709
1337614446.07 409.790618896
1337614446.08 408.84262085
1337614446.08 410.971008301
1337614446.1 416.624816895
1337614446.1 419.083251953
1337614446.1 414.513397217
1337614446.11 414.131286621
1337614446.11 411.837219238
1337614446.11 408.287628174
1337614446.12 410.531951904
1337614446.12 410.563568115
1337614446.13 408.751159668
1337614446.13 415.154144287
1337614446.14 417.531951904
1337614446.15 417.436950684
1337614446.15 425.412841797
1337614446.15 431.448364258
1337614446.16 433.306610107
1337614446.16 439.129333496
1337614446.17 445.72277832
1337614446.17 446.532562256
1337614446.18 450.34777832
1337614446.18 450.292114258
1337614446.19 446.850189209
1337614446.2 443.595184326
1337614446.2 443.447357178
1337614446.2 441.385223389
1337614446.21 439.203826904
1337614446.21 440.266967773
1337614446.22 433.09854126
1337614446.22 425.97177124
1337614446.23 422.871795654
1337614446.24 416.805206299
1337614446.24 410.728881836
1337614446.24 409.924377441
1337614446.25 409.590789795
1337614446.25 407.302978516
1337614446.26 409.539031982
1337614446.26 407.337188721
1337614446.27 404.205322266
1337614446.27 402.250732422
1337614446.28 402.471466064
1337614446.28 399.356872559
1337614446.3 394.28427124
1337614446.3 394.490936279
1337614446.3 397.167480469
1337614446.31 397.564300537
1337614446.31 402.320404053
1337614446.31 403.808624268
1337614446.32 399.817138672
1337614446.32 398.309448242
1337614446.33 396.687072754
1337614446.34 393.980102539
1337614446.34 392.141662598
1337614446.35 390.976470947
1337614446.35 388.346923828
1337614446.35 388.242858887
1337614446.36 389.222076416
1337614446.36 384.942047119
1337614446.37 384.23840332
1337614446.37 384.990631104
1337614446.38 381.258239746
1337614446.38 382.066650391
1337614446.39 385.444946289
1337614446.4 385.404388428
1337614446.4 378.86026001
1337614446.4 376.115722656
1337614446.41 371.797485352
1337614446.41 367.620239258
1337614446.42 364.450042725
1337614446.42 362.465545654
1337614446.43 361.259857178
1337614446.43 364.603820801
1337614446.44 368.763000488
1337614446.44 370.97164917
1337614446.45 371.801300049
1337614446.45 372.999145508
1337614446.47 371.029388428
1337614446.47 370.420928955
1337614446.47 371.940185547
1337614446.48 371.080566406
1337614446.48 370.471008301
1337614446.48 370.147857666
1337614446.49 368.253601074
1337614446.49 366.789825439
1337614446.5 366.74798584
1337614446.5 369.140472412
1337614446.51 367.76852417
1337614446.51 365.237487793
1337614446.52 366.334442139
1337614446.52 353.710235596
1337614446.53 341.987670898
1337614446.53 333.118804932
1337614446.54 326.881500244
1337614446.54 320.596405029
1337614446.55 318.414825439
1337614446.55 317.69052124
1337614446.56 314.274383545
1337614446.57 311.945404053
1337614446.57 309.604644775
1337614446.57 308.265991211
1337614446.58 310.505065918
1337614446.58 304.266387939
1337614446.6 295.78817749
1337614446.6 287.984008789
1337614446.6 285.126983643
1337614446.61 282.546478271
1337614446.61 276.782440186
1337614446.61 275.449615479
1337614446.62 269.415557861
1337614446.62 262.771820068
1337614446.63 260.942626953
1337614446.64 256.691131592
1337614446.64 247.519348145
1337614446.64 243.447967529
1337614446.65 245.686843872
1337614446.65 246.171890259
1337614446.66 250.611343384
1337614446.66 252.205047607
1337614446.67 247.672622681
1337614446.67 246.400665283
1337614446.68 249.548126221
1337614446.68 248.439422607
1337614446.69 247.841506958
1337614446.7 246.689208984
1337614446.7 239.963241577
1337614446.7 236.762695312
1337614446.71 237.501098633
1337614446.71 234.117248535
1337614446.72 227.647293091
1337614446.72 226.487594604
1337614446.73 224.114257812
1337614446.73 221.816131592
1337614446.74 224.544586182
1337614446.74 223.204727173
1337614446.75 214.604553223
1337614446.75 212.282608032
1337614446.76 211.228225708
1337614446.76 206.78326416
1337614446.77 204.224838257
1337614446.77 203.532394409
1337614446.78 201.795211792
1337614446.79 206.520065308
1337614446.79 212.407699585
1337614446.79 212.34274292
1337614446.8 208.482086182
1337614446.8 207.184783936
1337614446.81 204.303756714
1337614446.81 202.0962677
1337614446.82 204.24822998
1337614446.82 202.644180298
1337614446.83 201.117080688
1337614446.83 201.647644043
1337614446.84 198.688583374
1337614446.84 193.730697632
1337614446.85 195.161010742
1337614446.85 194.79019165
1337614446.86 193.365722656
1337614446.86 193.057617188
1337614446.87 192.820846558
1337614446.87 190.912948608
1337614446.88 188.830596924
1337614446.89 188.845108032
1337614446.89 185.480789185
1337614446.89 182.059402466
1337614446.9 184.63104248
1337614446.9 183.688079834
1337614446.9 184.460113525
1337614446.91 185.990737915
1337614446.92 184.469314575
1337614446.92 183.517959595
1337614446.93 184.667724609
1337614446.93 179.839874268
1337614446.94 175.222167969
1337614446.94 174.861038208
1337614446.95 179.767242432
1337614446.95 183.381515503
1337614446.96 189.157089233
1337614446.96 193.722396851
1337614446.96 190.545623779
1337614446.97 190.323379517
1337614446.98 193.945709229
1337614446.98 194.872955322
1337614446.99 193.995559692
1337614446.99 194.938858032
1337614446.99 196.154327393
1337614447.0 197.012481689
1337614447.01 198.995422363
1337614447.01 198.129425049
1337614447.01 196.728546143
1337614447.02 196.552764893
1337614447.03 193.846405029
1337614447.04 193.323287964
1337614447.04 194.519439697
1337614447.04 192.162384033
1337614447.05 189.029067993
1337614447.05 189.455184937
1337614447.06 189.252838135
1337614447.06 188.640411377
1337614447.06 187.961975098
1337614447.07 187.22102356
1337614447.07 184.610977173
1337614447.08 182.320861816
1337614447.09 184.824829102
1337614447.09 185.431182861
1337614447.09 184.996826172
1337614447.1 184.984680176
1337614447.1 186.895629883
1337614447.11 188.831085205
1337614447.11 189.48147583
1337614447.12 186.862426758
1337614447.12 185.328796387
1337614447.13 185.085983276
1337614447.14 185.793685913
1337614447.14 185.828567505
1337614447.14 187.475708008
1337614447.15 188.621536255
1337614447.16 188.893096924
1337614447.16 192.137588501
1337614447.16 201.446060181
1337614447.17 207.997802734
1337614447.18 212.690032959
1337614447.18 221.561203003
1337614447.18 227.376022339
1337614447.19 229.985229492
1337614447.19 225.289382935
1337614447.21 220.736938477
1337614447.21 216.969268799
1337614447.21 224.106567383
1337614447.21 229.295639038
1337614447.22 230.081268311
1337614447.22 232.084365845
1337614447.23 233.990112305
1337614447.23 235.674514771
1337614447.24 238.553741455
1337614447.24 235.744186401
1337614447.26 232.473556519
1337614447.26 232.85005188
1337614447.26 238.222198486
1337614447.27 240.979522705
1337614447.27 241.063247681
1337614447.27 241.990692139
1337614447.28 237.331253052
1337614447.28 231.193527222
1337614447.29 226.585830688
1337614447.29 221.452194214
1337614447.3 212.359481812
1337614447.3 209.451309204
1337614447.31 205.582977295
1337614447.31 200.892974854
1337614447.33 198.329360962
1337614447.33 195.418426514
1337614447.33 180.7056427
1337614447.34 168.556411743
1337614447.34 159.563583374
1337614447.34 148.222824097
1337614447.35 155.10383606
1337614447.35 167.290847778
1337614447.36 175.081756592
1337614447.37 181.998855591
1337614447.37 190.885162354
1337614447.38 197.257171631
1337614447.38 203.436691284
1337614447.39 211.18977356
1337614447.39 219.437850952
1337614447.39 224.29737854
1337614447.4 212.672683716
1337614447.4 202.59942627
1337614447.41 192.758056641
1337614447.42 196.754058838
1337614447.42 200.497680664
1337614447.43 191.363037109
1337614447.43 184.419891357
1337614447.43 181.766937256
1337614447.44 177.606384277
1337614447.44 175.097595215
1337614447.45 187.346237183
1337614447.45 194.438293457
1337614447.46 200.2759552
1337614447.46 208.151992798
1337614447.48 216.36390686
1337614447.48 220.311508179
1337614447.48 217.067977905
1337614447.49 217.4871521
1337614447.49 216.647735596
1337614447.49 213.880355835
1337614447.5 212.390838623
1337614447.5 208.770950317
1337614447.51 202.665679932
1337614447.51 204.446228027
1337614447.52 201.721618652
1337614447.52 198.357406616
1337614447.53 199.020370483
1337614447.53 195.215179443
1337614447.54 194.764175415
1337614447.55 197.980072021
1337614447.55 206.28288269
1337614447.56 211.70199585
1337614447.56 217.672653198
1337614447.56 225.386230469
1337614447.57 218.713806152
1337614447.57 210.093414307
1337614447.58 212.022247314
1337614447.59 209.936798096
1337614447.59 207.175735474
1337614447.6 207.330947876
1337614447.6 201.909988403
1337614447.6 194.815048218
1337614447.61 193.627227783
1337614447.61 188.139846802
1337614447.62 182.660766602
1337614447.62 181.010620117
1337614447.63 177.474838257
1337614447.64 173.725234985
1337614447.64 174.188369751
1337614447.64 176.331726074
1337614447.65 173.813873291
1337614447.65 171.171005249
1337614447.66 173.711044312
1337614447.66 173.468002319
1337614447.67 171.951263428
1337614447.67 174.558578491
1337614447.68 170.897399902
1337614447.68 168.847885132
1337614447.69 171.172714233
1337614447.69 171.29347229
1337614447.7 169.430770874
1337614447.71 169.663192749
1337614447.71 167.152130127
1337614447.72 164.002075195
1337614447.72 168.452774048
1337614447.72 168.064651489
1337614447.73 165.436828613
1337614447.73 166.488235474
1337614447.74 166.625610352
1337614447.74 162.083190918
1337614447.75 159.762863159
1337614447.75 158.726196289
1337614447.76 144.446334839
1337614447.76 130.186477661
1337614447.77 124.428260803
1337614447.78 116.514015198
1337614447.78 104.50213623
1337614447.79 98.5326004028
1337614447.79 89.4655914307
1337614447.79 81.9861755371
1337614447.8 78.4218826294
1337614447.8 71.2966308594
1337614447.81 68.9645004272
1337614447.82 70.4241638184
1337614447.82 68.6608123779
1337614447.82 66.2415008545
1337614447.83 75.9954452515
1337614447.83 80.6348114014
1337614447.84 83.8199157715
1337614447.84 89.835395813
1337614447.85 94.4919586182
1337614447.85 96.1630783081
1337614447.86 98.8784255981
1337614447.86 124.51738739
1337614447.87 143.263519287
1337614447.88 160.411483765
1337614447.88 159.178878784
1337614447.88 157.224258423
1337614447.89 154.024276733
1337614447.89 155.278015137
1337614447.9 153.286453247
1337614447.9 149.079345703
1337614447.91 149.95262146
1337614447.91 148.433273315
1337614447.92 146.978759766
1337614447.92 148.636688232
1337614447.93 144.269287109
1337614447.93 139.227172852
1337614447.94 139.704376221
1337614447.94 140.356048584
1337614447.95 139.269546509
1337614447.95 140.99760437
1337614447.96 139.189041138
1337614447.97 134.906173706
1337614447.97 134.141448975
1337614447.97 134.16104126
1337614447.98 133.656692505
1337614447.98 134.588272095
1337614447.99 135.96206665
1337614447.99 133.527023315
1337614448.0 129.139343262
1337614448.0 127.270812988
1337614448.01 123.069847107
1337614448.02 121.540000916
1337614448.02 120.036018372
1337614448.02 115.832176208
1337614448.03 115.948562622
1337614448.03 117.677177429
1337614448.04 116.403915405
1337614448.04 115.991287231
1337614448.05 113.783493042
1337614448.05 110.559196472
1337614448.06 109.833381653
1337614448.07 107.343948364
1337614448.07 103.560585022
1337614448.08 99.5095825195
1337614448.08 95.8667678833
1337614448.08 92.4073410034
1337614448.09 89.3497009277
1337614448.09 87.282623291
1337614448.1 84.2039718628
1337614448.1 81.9576950073
1337614448.11 79.946182251
1337614448.11 79.3472442627
1337614448.12 80.9885101318
1337614448.12 83.3919219971
1337614448.13 75.3301315308
1337614448.14 68.5260543823
1337614448.14 62.0391960144
1337614448.14 59.0720558167
1337614448.15 58.2341079712
1337614448.16 56.4770736694
1337614448.16 52.6350250244
1337614448.16 54.5605278015
1337614448.17 56.7796974182
1337614448.18 52.8570785522
1337614448.18 49.5682907104
1337614448.19 43.5250396729
1337614448.19 44.4028739929
1337614448.2 45.3389968872
1337614448.2 46.0412139893
1337614448.21 46.6684112549
1337614448.21 35.6925735474
1337614448.22 27.3328590393
1337614448.22 20.984708786
1337614448.23 17.506072998
1337614448.24 14.6073923111
1337614448.24 11.9895544052
1337614448.24 8.38851451874
1337614448.25 5.57629871368
1337614448.25 3.91350984573
1337614448.26 0.592019081116
1337614448.26 3.59097599983
1337614448.27 7.54354333878
1337614448.27 10.6132879257
1337614448.28 12.8871364594
1337614448.29 13.6878376007
1337614448.29 14.5383815765
1337614448.29 14.4716882706
1337614448.3 15.5243968964
1337614448.3 16.3921146393
